100
10000
548 29
1768 13
7183 18
4491 23
6065 32
3294 16
7249 55
5887 67
3412 3
6300 31
6220 27
7423 72
4675 41
9038 78
6473 70
2564 71
1896 65
3291 60
6958 44
2100 13
4475 4
1273 18
8129 27
4796 63
7599 67
1414 66
2710 25
2907 28
3220 59
2221 26
402 55
3170 32
2911 66
1593 33
9299 34
5362 29
4231 25
9248 55
4840 46
8777 1
7101 73
4910 70
4121 27
1406 36
4618 40
6349 53
6779 66
604 56
1810 67
8067 1
854 23
7572 41
7115 51
1423 35
2661 6
2570 45
4009 10
5268 47
5183 55
3566 51
7678 53
540 16
2567 59
1499 5
6175 9
3307 31
476 14
4845 55
185 7
6675 11
5463 21
4705 55
5707 25
4858 0
2763 79
176 77
6878 53
7041 18
7249 22
1353 10
5125 39
2709 48
2075 76
6413 58
5745 56
8840 19
9910 16
1763 20
5939 59
225 14
1886 25
5427 54
3677 60
988 45
575 71
243 11
9483 1
6327 56
3457 38
9435 7
6322 59
7174 15
6381 11
9436 38
8484 67
2145 28
8118 55
5079 2
9593 15
1221 38
5285 1
4212 44
9684 60
8341 10
8794 30
6533 48
6551 3
1420 2
3715 58
7040 35
2651 54
2141 48
7164 46
3509 22
3392 17
9814 48
1444 74
8865 34
4837 43
4430 59
238 25
8342 74
3228 36
7570 33
9100 33
2507 14
6642 70
8767 11
6065 2
4641 52
31 6
3729 65
5757 68
6493 47
5847 50
1435 47
4745 11
881 58
2281 3
8237 47
2296 52
7662 75
6407 74
4030 52
39 39
138 2
7898 19
9914 10
3006 4
8627 41
1795 38
168 73
7407 72
5333 35
734 35
3203 49
7640 7
3984 46
270 67
653 77
5159 17
8346 3
4706 44
9894 66
6188 79
9974 50
7207 27
2101 30
5793 4
5253 9
8763 25
9327 75
4081 78
1807 60
7462 55
4721 59
7690 68
9446 43
9021 52
5197 27
1388 39
944 64
4167 36
2871 50
6052 35
8840 32
8325 72
3743 48
8238 12
13 55
4030 74
1280 17
3500 35
1857 78
9366 31
3283 58
1848 65
1048 7
9544 21
5984 56
6879 8
2296 12
795 52
1714 37
9722 7
7582 37
4715 63
6363 5
7796 36
153 49
1118 65
2230 50
5248 65
1916 25
2846 18
187 5
8395 41
8267 34
8582 18
7787 62
3671 1
2466 25
3292 42
1993 56
3367 41
8931 54
5151 63
3822 56
3306 75
1230 75
6006 16
190 13
4140 8
106 20
3116 53
9463 79
1870 47
3394 55
2561 32
4949 1
3884 56
848 19
2700 45
7495 16
8798 18
4643 66
4878 67
9473 3
1148 10
3309 56
8371 2
6299 27
582 70
3187 19
3282 68
7993 34
2549 19
9014 43
7781 46
6345 29
8089 12
1267 49
7919 29
6466 12
1053 36
7016 33
7090 28
1527 38
7975 40
2912 17
8103 58
2790 0
546 47
402 34
20 54
8239 68
2086 27
1387 60
3411 53
1198 11
5029 56
7372 3
4656 23
3812 54
919 26
1776 22
7012 55
9444 78
9766 48
9943 12
4521 74
1083 9
99 21
2433 39
1785 76
3754 54
2928 11
9417 66
7221 40
6821 77
2955 0
6228 36
9868 79
9328 49
6417 10
9299 29
4240 13
8430 31
6889 60
1415 22
1736 8
1121 63
8906 65
8198 67
160 34
2099 47
5314 61
116 49
6297 4
345 13
3636 1
6334 26
7313 67
3507 75
465 70
8773 13
6698 61
1080 74
3851 62
493 40
5451 74
4441 2
9108 7
872 64
9480 12
9651 5
8100 9
3996 21
547 17
9323 65
5711 5
9211 33
1429 46
9745 28
6948 22
5238 23
3126 35
3239 72
3726 1
2529 5
5735 43
5165 30
7295 70
1494 52
4205 74
3531 52
9856 62
8685 36
7386 63
9313 41
9304 60
9332 35
2148 33
2135 53
9572 62
3751 37
4834 4
2930 12
1272 43
2214 58
8202 51
9376 73
1626 37
1532 12
2947 36
2124 37
5132 38
2643 0
2192 25
915 63
2774 20
8443 66
4513 75
1686 50
7653 46
6597 43
4858 31
4555 4
4872 30
1113 60
2932 35
1186 3
9724 22
5217 66
2774 78
6795 24
6375 69
4549 66
5225 5
8056 37
3303 49
176 75
2033 34
348 72
2237 13
7984 8
6138 13
9680 72
5516 66
9527 77
5357 69
7941 52
6098 54
6501 39
4336 5
8927 73
8151 42
230 47
5930 49
5547 10
2715 69
5266 37
90 56
1173 71
5999 12
681 38
7572 49
1637 25
7337 44
6872 71
2653 48
4959 49
3590 75
7108 25
4856 0
8515 46
1399 28
8873 37
9545 55
7142 37
9304 9
3241 63
7231 23
9426 57
6722 41
5923 37
7793 9
2357 34
381 25
9930 47
6304 33
7210 7
472 20
771 30
8057 63
7386 22
658 61
5511 30
6375 58
78 56
3334 2
2433 5
907 68
2618 32
623 40
2765 20
6592 74
1565 74
797 67
8668 51
9047 3
906 30
5070 29
928 54
4045 62
8439 59
7133 11
1922 28
2897 38
5785 62
807 76
4116 76
2744 63
4855 11
2159 43
4506 72
9419 23
666 32
4157 10
8513 11
3823 40
8452 38
4912 39
8248 44
9242 50
1170 65
1022 25
59 59
2739 19
8505 77
2460 33
962 17
2697 48
4673 49
2105 59
5173 1
3271 75
1540 45
851 12
6271 43
2742 13
7351 61
1588 3
1754 21
9595 58
7449 53
375 26
471 66
452 50
6179 68
23 3
9141 29
4965 27
8592 3
6678 29
1612 28
7510 26
709 5
9493 78
1289 31
5347 73
9444 22
7969 24
7473 31
8576 15
8613 78
8359 38
6353 1
7850 13
1569 77
1206 29
3005 19
4007 13
2725 14
3350 77
2477 43
5231 67
2856 21
7297 48
3738 61
8114 45
2807 19
7189 7
6884 51
6525 53
8681 14
6281 66
5994 20
2210 43
4188 75
8650 6
6815 79
1210 76
1546 54
7012 38
4820 79
3589 48
9457 38
9834 60
655 6
1344 5
7636 28
5796 62
7120 19
9492 39
6631 50
9961 59
4399 62
5702 25
4007 61
6059 77
1118 24
1147 59
7618 28
4343 23
8436 30
9617 19
2947 40
99 38
7309 53
2406 6
9101 68
1341 2
8917 44
470 78
9087 45
6879 75
8547 46
5777 34
5197 57
3557 13
8470 15
292 19
5545 9
6053 14
1064 60
573 27
3167 56
2092 45
269 62
7233 46
5445 75
5696 3
9571 21
4683 74
794 32
9378 51
6801 46
734 72
1727 65
2510 42
5867 14
3408 42
7502 32
2842 33
6003 6
5088 61
7045 10
3896 8
687 79
3901 54
9643 22
5101 59
49 45
8073 38
4894 37
4071 78
2143 14
5277 72
2296 17
4871 50
1898 10
9082 47
3445 47
6478 79
6080 50
5308 59
9311 79
6631 10
324 34
4740 2
5624 8
7619 46
2918 16
3483 72
8476 79
4495 68
926 44
1917 57
2454 14
2126 45
344 0
3719 11
2661 46
2354 36
5745 64
9633 15
2380 0
8214 30
8216 40
3620 63
449 13
3317 75
1287 34
6822 15
3347 75
9322 36
21 79
8043 45
9492 40
7123 44
6261 59
325 66
1113 46
9834 50
234 27
6740 16
9459 48
6174 11
741 63
376 35
3524 41
3514 57
4705 66
2025 51
775 33
162 56
6652 7
6645 78
2862 9
2328 13
3243 59
9637 63
7816 11
8125 7
4258 55
7579 60
4143 13
9821 0
149 45
2701 17
1486 12
6578 11
7441 24
9044 39
7066 67
9033 69
1116 78
5378 49
2160 67
2802 5
4224 79
7894 11
8121 74
4711 29
7246 52
8463 75
8193 14
5389 72
3549 2
9352 2
1869 49
41 60
3250 71
9598 26
1822 28
5053 7
6617 41
939 6
2931 37
8961 20
1947 28
6408 38
1013 75
6468 37
2949 74
2636 66
4819 54
7188 55
2346 10
2295 76
2005 73
7615 51
4506 27
5223 17
1024 34
4343 41
6877 55
4036 22
9786 70
270 20
8317 19
6197 12
4291 55
5782 11
2680 27
5904 61
8370 31
7828 59
2754 24
6557 46
7128 4
4769 79
3310 43
750 62
4651 4
4398 58
2923 33
3356 19
3910 8
9578 74
2320 30
2028 33
6443 66
4212 68
3719 36
2662 36
9514 0
5884 28
2764 43
8449 18
9742 57
7180 76
7362 56
2782 43
4007 60
7790 57
3237 40
5020 75
7696 22
7250 66
8917 35
2696 36
6546 74
3320 2
9515 43
3506 6
3953 56
2776 44
1107 28
2094 9
9263 24
620 76
4289 11
2576 63
9926 78
1121 73
6419 9
7741 52
8268 21
457 39
7933 63
4667 15
5330 54
9108 31
8560 33
5955 32
7039 64
989 70
7349 29
3746 66
4823 62
8051 61
1039 27
3038 72
7981 6
8013 45
1289 44
255 17
6765 70
3666 72
8854 44
7912 5
8229 55
2202 29
2127 65
802 7
9834 44
4127 18
7107 59
5921 19
2572 33
497 9
6977 36
5467 31
4762 29
8388 29
9144 0
408 43
5640 66
224 20
1485 27
5851 34
9873 42
376 60
5619 63
7600 57
4921 73
289 79
561 77
4809 29
3726 79
6157 49
8980 32
8534 55
4884 69
5559 46
3855 16
6629 8
7507 45
562 15
2362 10
3804 31
1911 51
7523 35
5194 58
6696 15
3340 16
6880 24
6604 66
9872 11
4897 3
3423 1
400 18
4892 77
2479 56
4265 46
1514 0
8758 40
7665 3
772 25
2993 79
34 11
381 3
427 53
2135 74
2259 78
1533 17
4073 63
3447 55
3981 35
6540 16
7164 31
2818 37
2209 40
6068 12
7170 5
7084 64
8793 2
4195 77
8659 61
532 42
9768 17
6540 35
5621 13
7575 17
6391 1
4466 9
7179 20
3706 14
4527 52
5914 35
6037 27
7697 33
9576 42
9715 49
6402 69
944 71
4492 26
8549 60
5421 48
405 38
9438 72
3027 38
3577 2
1343 61
7515 63
6344 60
1916 14
6281 71
1916 38
3127 68
2575 15
1653 38
9187 45
6331 33
8168 58
7602 73
4607 30
317 76
355 13
5366 40
636 62
9681 58
8961 36
7383 36
4224 11
8231 74
9698 16
4511 26
8875 29
3502 21
2014 32
2354 14
9225 7
9387 30
2587 10
6886 34
6609 52
5606 66
72 15
3256 62
8250 76
1728 39
5726 12
790 39
5916 14
4992 14
5125 21
6896 10
2337 37
3802 34
4453 75
2927 79
1433 38
3750 7
7858 21
5198 72
9171 77
6104 78
3157 71
6520 17
4600 37
7042 46
2856 15
8573 31
1313 79
663 58
9661 20
5533 67
2686 23
3461 79
5634 40
9716 54
6853 51
8768 4
481 53
5018 76
9719 37
6893 57
99 33
3715 51
2155 6
4487 58
8295 27
5262 18
664 75
392 76
8130 77
4591 76
1672 18
7215 44
7240 26
8945 45
1494 19
9148 4
7428 15
6547 25
5794 16
1218 72
2398 51
400 49
983 39
7609 50
662 24
1843 15
3087 76
2022 43
1916 25
4759 6
7642 33
8103 51
1341 76
1752 5
3331 65
5163 5
1632 16
8479 3
6838 46
2517 70
3272 13
1688 33
7521 39
2195 69
8192 72
2519 45
3386 54
4728 42
437 14
8880 43
8854 59
2904 56
5599 5
1384 11
5384 68
7716 12
3322 64
7059 40
4246 71
446 13
8782 9
729 37
1765 36
1124 12
3550 7
7269 31
2279 5
7552 67
3587 8
5384 79
6378 14
1938 56
4143 53
5951 7
572 63
3981 24
6562 66
2820 50
3978 63
6478 78
3315 60
4883 54
3937 0
7808 59
3606 43
9530 2
4937 48
9647 61
4724 63
157 18
6624 35
3629 42
7501 5
1315 72
6869 75
8973 19
3260 1
3490 66
3937 34
5285 20
4134 51
7895 25
1871 76
6984 64
9694 20
3344 13
5764 72
1661 70
1409 39
2046 27
9418 13
5455 64
2424 74
9855 41
682 63
874 65
5649 36
4405 70
9661 72
127 52
3523 54
4012 28
345 49
7932 33
8157 12
821 64
8984 25
8636 25
3007 27
6934 30
2502 25
5645 7
5426 2
969 15
3914 56
5222 78
1270 27
8284 4
4185 3
3656 63
9109 8
632 41
8130 17
3145 2
2360 8
6901 53
5866 71
8192 41
7902 17
5578 6
1539 31
9679 50
2533 5
9672 8
388 1
5646 35
2960 79
6057 44
5942 28
2769 78
4858 5
3111 50
9357 58
175 60
382 69
3724 65
8581 65
9772 4
1460 25
8681 43
3216 15
7610 66
5193 69
9808 76
6267 27
8641 34
1274 69
7568 58
2066 72
1992 36
8045 50
792 3
603 51
3841 71
6204 76
8370 67
4299 18
1421 32
6701 14
1703 77
6202 4
7605 33
6446 30
4721 15
930 37
7211 21
8479 28
3081 1
3726 72
1241 47
785 16
2349 68
4977 13
2270 0
9188 77
861 20
3080 75
5693 48
2879 67
8121 71
1472 20
3397 2
762 54
5574 77
8800 69
4797 66
6955 42
7144 16
1916 52
2213 71
5493 56
2936 51
9117 2
1793 51
535 7
3394 53
3741 73
8027 0
5140 6
3582 29
1988 61
6916 50
6829 13
6503 76
9927 60
255 9
7254 65
1636 32
7156 0
9085 77
3069 15
8323 29
2743 41
6625 2
437 78
8532 51
8467 52
4971 68
7680 47
1647 13
7546 41
5011 9
111 14
8432 77
5635 22
8755 3
266 79
5515 19
8808 55
5417 29
3056 51
242 69
9975 79
2988 27
5895 51
9210 22
6095 46
2319 76
9398 49
257 48
9420 42
3555 41
7976 44
1152 27
1382 39
5697 21
4283 42
9661 70
8556 49
1543 76
4127 60
6224 75
8897 47
9161 54
2360 31
3781 44
9855 48
6317 2
4775 8
6336 10
3821 78
5877 61
1285 21
2837 26
9973 79
3452 75
7670 64
685 16
817 0
5647 74
4478 28
851 54
5417 26
9888 51
9284 55
2373 18
8955 48
2592 42
8483 73
613 37
4408 60
7661 43
287 49
5432 9
3207 70
1209 29
5534 28
8432 16
7357 31
6192 48
4718 63
1854 57
6746 63
5311 48
6870 26
1122 12
8337 61
9451 33
2425 36
6606 58
8666 53
4677 34
8722 67
9123 48
5432 64
9371 29
9913 67
8388 18
4264 49
2093 2
1038 75
119 66
1106 68
414 1
3136 62
5409 56
5389 0
1685 31
9992 21
6752 8
8628 51
4901 60
7596 7
8448 17
383 26
5678 21
6813 66
1493 74
5331 40
7399 30
140 65
210 21
5567 75
9675 53
6267 54
4637 30
4396 60
5937 68
8547 46
1354 27
1771 77
7060 45
5529 2
8218 58
8779 10
1754 61
5157 18
9349 71
1792 43
7577 11
1244 9
5758 37
2357 30
2472 71
7249 30
5557 34
431 14
4649 77
3643 78
2996 37
6972 64
4353 34
6907 37
8478 33
1187 67
9931 51
3217 52
345 17
1219 45
1403 26
2939 9
4139 28
9887 18
7233 74
4253 28
2982 16
2514 46
4094 48
6702 29
9664 39
7542 39
3075 18
9987 41
2209 7
2312 78
477 49
3134 20
6611 75
3991 44
4629 56
6607 14
6873 13
4079 71
8513 76
9608 32
6612 30
2254 76
6801 11
6308 29
7238 41
7907 36
3154 47
5234 67
5165 21
7540 17
547 74
4869 9
1850 18
6354 31
9942 74
1391 33
4252 56
7434 5
2823 20
486 53
2725 61
3511 51
1520 25
2688 75
7247 45
20 20
2131 37
4862 18
1274 1
5409 27
5392 45
6767 19
5009 11
7329 55
2941 78
4099 35
1512 38
8097 32
685 51
2394 78
7321 71
9579 57
6396 61
2735 75
2827 64
9256 14
3536 42
2435 60
3116 42
1404 69
1879 64
8221 12
6411 24
9898 46
161 32
6157 64
1785 56
5955 5
2331 37
4201 25
6836 34
9086 12
684 52
5597 62
7689 72
5660 35
2473 60
8001 68
3164 7
3301 34
399 69
2817 55
9916 18
2547 59
4072 34
1515 32
9773 27
3050 26
8100 1
3572 78
175 76
5696 6
1855 39
9573 15
7855 39
9718 15
25 38
3418 70
2726 27
4784 32
5568 56
3126 3
5868 16
1275 60
9315 2
2076 16
2155 39
3245 34
1011 36
7930 48
7620 60
9567 26
8189 54
9135 65
2573 70
7713 23
6820 10
4723 56
5973 51
9183 20
8281 46
6685 73
7508 62
723 25
1149 24
9765 77
8964 27
7145 6
5012 42
7502 43
8034 55
4554 68
1614 13
1952 2
1382 26
6809 8
686 23
5615 74
192 70
9320 49
284 39
2552 41
9880 23
4014 7
3461 69
2462 25
5875 18
2389 28
3154 37
7120 4
2305 56
9561 60
1357 66
8279 42
7955 2
5610 14
297 36
6993 7
9080 35
5289 50
5614 76
9560 0
4587 11
6734 18
1704 69
5994 68
5980 65
3922 19
4837 3
7829 76
3263 53
7454 67
541 68
2047 76
9016 53
9117 58
4072 19
5473 34
2382 7
7419 59
9613 50
9142 52
1599 73
7246 1
8876 45
7888 4
153 21
2672 20
3508 43
7496 61
1277 49
2286 4
9843 46
5831 52
4658 56
7592 10
8858 15
4391 41
8523 52
2496 75
2163 69
8513 21
4611 70
8584 70
7545 76
1241 60
7854 9
5286 35
4314 32
4788 10
2250 20
9284 51
3382 33
5414 71
7094 54
1254 68
3917 78
5850 53
8759 26
7998 12
1130 12
7820 30
1687 3
6169 75
5085 62
2320 56
1750 62
5768 75
5454 76
4082 18
3299 52
5910 1
2453 29
5198 38
7024 38
2899 59
1022 79
9487 23
9852 17
7526 49
1155 43
6427 18
4526 42
9974 5
2161 52
3129 14
6517 17
1716 5
8771 38
3582 62
1874 79
7232 6
398 57
5427 43
9757 9
677 24
7725 60
2562 76
5208 28
6532 6
9578 44
8910 15
9568 33
6923 52
8049 76
4663 47
5219 24
1584 17
2446 60
5098 46
78 46
8805 20
7754 53
6887 57
1978 57
6710 1
5996 57
7124 73
6574 72
3882 51
7231 5
4231 30
456 53
9604 49
3941 31
1243 52
9943 52
7242 42
9978 9
9416 63
1081 51
3307 26
8653 78
6489 48
9950 26
7140 69
8939 34
6960 79
7000 26
1580 9
5861 52
9176 16
9202 79
5924 62
7338 62
8323 16
5274 32
5776 54
32 32
1703 23
3644 11
3572 15
1990 26
5329 54
1798 11
5003 61
6072 32
483 72
1682 36
5262 35
3468 53
5716 18
2783 51
2722 41
6075 19
1761 36
7078 48
8439 68
5627 15
9296 39
4342 29
4954 50
4880 39
7169 46
3693 69
3676 45
5914 37
412 7
4928 64
5122 37
3459 75
166 25
3247 43
6143 8
2974 53
7067 54
6065 34
7228 28
502 76
236 55
8206 8
1715 32
9500 64
1595 68
8503 27
3763 0
9296 59
4148 59
4867 66
571 32
6094 66
7685 38
83 48
2365 78
1127 20
7677 40
5847 32
9925 17
6434 74
4230 29
7848 72
2148 78
4642 23
7942 31
6266 72
642 47
3446 56
7320 29
8971 10
9755 12
2668 51
7920 19
8894 65
3299 68
6037 25
8014 6
6395 44
6780 66
5677 37
5578 23
5969 17
4444 26
9455 28
6363 77
5563 52
8473 58
5190 12
7445 61
7938 31
8974 12
6483 47
5425 35
590 25
5013 0
8197 55
3481 56
797 2
4317 68
5963 17
719 44
9622 2
8703 13
5085 68
160 10
4126 79
7344 45
3501 33
8055 24
623 21
265 45
6611 34
8420 38
6988 13
530 33
2641 60
5492 28
6020 41
9872 41
2700 62
4637 30
1470 3
601 44
4811 50
8880 25
8274 67
2220 28
1994 25
1593 5
2829 8
153 54
4524 1
9713 2
3473 27
980 17
1536 48
4687 61
5257 1
9994 44
4126 7
5976 42
3668 7
7483 34
5240 49
5889 56
3562 22
1854 6
8010 51
8198 66
9016 46
9201 9
4485 28
3040 10
8935 76
7882 17
2470 68
2168 46
3373 38
4212 49
3434 62
8303 53
464 11
7990 22
6066 71
6023 16
4634 21
5948 54
3718 54
7356 75
3432 24
8990 64
5389 12
1385 27
9504 50
5626 64
8719 19
4441 47
3209 59
6351 25
8730 33
3814 64
626 20
7532 75
274 3
9287 18
7032 57
5448 60
5898 68
3603 51
2262 17
1661 33
4585 53
4487 9
3811 26
3369 52
7071 20
4072 54
9617 79
3283 28
3061 23
9586 5
353 67
3143 10
1733 15
7508 27
2451 69
3238 40
1467 8
1295 56
5941 60
5409 58
2943 37
9378 54
6739 26
2447 78
9141 38
3115 22
7634 75
9167 45
2015 19
4400 55
1627 36
8861 9
1919 47
425 65
7907 22
7854 47
607 55
8477 35
441 10
5436 52
4498 67
9328 74
4715 51
2750 74
2460 50
7734 59
2212 1
8570 73
2963 15
9714 70
3163 42
2261 24
9425 0
8414 51
8466 49
4882 51
2924 18
627 69
3882 33
9366 19
2090 48
3844 59
9480 0
3891 60
5901 12
1813 28
746 78
8154 56
8971 50
6704 72
740 37
1026 78
2742 41
9800 60
3767 40
932 15
2156 34
4677 27
4027 6
6221 52
1229 73
2064 23
7487 69
9731 51
7807 17
8480 71
6886 57
9577 25
5874 42
6410 16
9855 28
6062 63
6053 28
9579 47
8184 37
9632 56
9933 59
5119 27
5402 52
1429 78
1527 50
5250 37
1753 33
8091 57
1592 26
1251 40
8958 34
3765 10
3048 50
671 59
2420 67
7864 9
5146 37
2717 44
2428 45
7846 76
276 25
2312 4
8160 17
7464 34
1525 44
1273 7
7461 12
7712 65
8736 39
5163 18
432 3
9974 29
2326 29
5956 45
8350 69
1519 50
1303 42
431 41
5559 30
369 22
3095 69
8399 17
8287 64
9245 74
9890 32
6549 42
2641 25
4930 24
7651 37
1900 4
7753 49
3954 3
485 72
3008 8
5918 74
571 27
7312 57
7235 25
8981 16
2492 72
8640 65
5881 21
7807 41
2703 76
2860 33
8906 51
9216 68
2957 52
4123 56
3273 21
8684 11
1332 5
9223 11
6656 5
1160 34
2449 0
5775 61
2430 41
6787 7
1710 0
7773 38
9399 48
3638 34
1118 8
8148 29
5959 68
5067 52
2039 39
3813 17
5551 71
7916 41
3093 69
9720 57
3930 24
7564 56
7504 37
8715 72
8265 45
387 31
590 3
2334 13
6341 40
4550 57
9171 5
1321 60
7191 20
4690 57
9468 60
8304 40
7786 23
5536 62
409 49
436 43
4445 31
485 31
4285 10
1910 73
4827 39
7059 30
4987 20
8075 35
7745 49
7580 55
7206 24
7777 47
8702 74
7224 63
3891 72
5502 2
3405 59
7052 23
5449 64
6297 40
6258 19
7869 71
2133 39
3583 24
7108 48
9861 5
6528 29
3039 50
6190 53
7647 46
297 29
2963 18
209 35
4938 9
1058 26
1552 76
2681 18
4494 57
4896 67
8892 47
9677 70
2224 41
5771 48
1453 4
7497 60
57 15
5244 20
3972 30
9233 28
1278 27
422 43
7842 58
9233 38
6307 7
5871 43
4373 14
3726 55
4943 38
6295 20
9951 11
2500 19
8817 22
3549 1
4596 60
9225 25
5750 48
1809 23
1660 53
347 68
3500 68
2939 19
3016 71
8120 22
3770 16
1591 14
4154 56
1351 29
4655 24
8042 74
8173 13
1840 64
1251 60
5329 67
7293 34
3297 16
4081 6
9578 48
491 30
798 73
5605 43
7779 17
3423 34
2577 48
5139 7
3607 0
1191 72
7100 20
2679 35
1758 50
3043 37
5177 14
9641 64
738 69
9134 9
5610 67
6884 11
3623 17
4772 27
3875 30
5439 25
2516 57
5040 47
1839 24
9311 57
6550 9
5619 66
9370 50
7581 7
2545 54
8202 57
6740 39
4895 53
3444 67
568 24
2338 13
1160 65
6562 24
1290 55
9231 50
2634 19
6621 43
353 28
8605 32
1090 77
2900 40
1713 21
1489 11
4419 11
9050 58
5139 44
1047 63
8276 67
8422 66
1760 35
9220 20
409 36
4983 28
6437 55
9035 44
8179 56
5831 47
2549 79
6397 33
5211 3
7235 43
7271 44
3516 73
6227 35
3972 26
1609 24
3212 36
4621 64
8644 33
7968 41
4125 74
1645 43
5736 62
5757 76
716 14
5871 48
8866 73
9449 60
4002 15
3869 69
6499 68
2479 58
6982 68
9338 27
4374 13
5279 20
2158 29
9142 41
5374 73
6500 16
7401 39
4323 38
8302 40
7812 15
5087 5
6501 62
3453 69
3394 60
22 9
7187 9
8804 69
8399 44
382 11
8375 57
4255 36
5123 46
2529 62
4685 57
9150 61
5106 42
4865 15
493 0
6101 33
135 67
2525 55
2078 30
571 12
2386 55
189 54
314 44
5527 52
2638 75
5895 72
3397 30
335 75
7517 49
1908 65
9997 1
5458 42
4460 35
1967 34
9973 46
7868 38
5295 55
6777 35
3847 7
4837 13
1233 27
49 56
7506 55
3780 23
839 23
3505 63
5007 20
1623 39
9205 32
9992 46
8059 62
136 40
2765 0
4080 6
1068 63
2957 50
4689 1
8423 20
1710 10
7646 52
513 65
3267 13
1993 29
1490 9
5828 77
4656 78
2464 17
4647 53
1568 8
2608 68
4552 6
8275 55
8502 18
4482 79
4370 74
7000 54
3094 35
7822 30
6392 64
4093 54
988 62
9293 56
9635 59
9320 66
5031 65
2552 31
9455 50
9902 33
6827 1
3703 45
7561 75
2139 2
4754 64
2312 71
349 50
4838 33
6650 9
1497 15
6833 48
6766 50
9514 15
3464 43
5513 70
7983 35
9613 3
6017 49
320 1
1675 60
2285 77
4464 13
5964 21
1042 63
2904 48
7645 6
9888 36
5050 57
2251 40
5542 30
3858 38
6771 65
2334 12
2147 0
5358 16
7021 70
2153 14
9059 66
3291 47
89 35
6381 23
2285 35
1725 11
784 12
4987 62
5898 11
2665 55
9085 48
8055 48
8824 79
6388 77
4229 70
4715 6
1479 27
3281 3
8323 50
9309 4
975 40
8144 26
1013 15
6326 69
8017 6
6598 75
3025 51
2610 34
1582 16
5735 74
5636 16
8063 42
620 60
7615 53
2564 63
7327 57
2161 10
2730 52
593 20
9887 3
9871 50
2432 24
5831 63
5775 71
7489 72
8338 61
1032 39
4372 78
336 9
3995 9
265 62
1599 42
9921 13
6988 13
1531 65
135 41
4717 69
3220 1
7403 55
8212 2
7565 27
3432 41
1724 63
6953 53
6575 22
2000 68
5458 36
4451 45
3081 69
5877 41
5162 74
8712 78
4217 17
9138 73
4638 63
1763 8
4379 45
2615 50
5206 61
4564 20
5697 55
214 40
3858 20
8220 3
8359 54
6481 76
5275 34
7447 68
9502 75
6380 23
2763 12
4987 61
3567 50
8201 28
2213 4
5842 46
6326 32
8096 27
3738 67
1871 3
4639 4
5234 42
4568 29
3931 32
5127 55
9046 76
4392 50
8906 52
2633 62
3783 44
3808 24
8411 56
8225 52
8632 64
214 68
2403 79
8609 34
5638 8
999 16
7448 70
894 9
4850 13
5514 67
6398 18
3659 36
3483 20
1437 46
8107 22
4694 25
2543 11
3149 11
3458 28
5255 6
8769 40
3272 30
6476 9
8734 53
5397 47
9770 69
4957 11
6978 42
9184 26
5927 74
4956 60
7241 1
115 0
5869 77
4549 46
2837 3
9525 32
972 76
5947 78
5876 47
1359 4
6501 76
6787 51
8237 2
188 1
4712 62
2457 29
9038 18
2513 51
9081 61
3799 72
6948 12
8831 3
8521 45
1920 72
7232 27
1148 34
7588 59
171 45
1181 66
5018 45
3822 17
435 62
3811 78
9119 57
6616 0
3918 63
3809 70
2602 37
4343 5
184 76
4653 77
2386 28
5979 38
6579 13
9585 76
4075 66
3859 68
696 34
7749 10
1693 36
9028 73
9584 6
2069 70
3554 26
8604 25
3341 46
5914 56
562 23
3002 18
5900 25
6487 5
9185 52
8652 13
8345 63
4704 42
394 74
8522 28
7568 35
5497 14
284 71
4016 28
1335 2
7897 2
2051 21
7369 18
2663 19
6808 49
7161 40
4731 63
2741 54
8653 34
3451 46
4327 46
853 23
949 3
8122 78
7858 34
3538 75
6411 61
657 75
1389 43
3031 79
7779 20
1841 33
314 31
3603 30
6271 22
7618 52
5719 66
1818 57
4623 41
1492 53
4984 64
3281 62
9634 46
7443 78
945 0
9637 51
1685 34
4311 18
9857 16
3594 73
7289 26
8109 48
249 45
8930 11
4675 52
3804 15
9388 26
5526 46
1365 74
5159 1
8513 53
2941 1
8564 31
5859 1
4464 7
1309 28
3941 33
2977 7
1704 50
2992 18
2058 55
1006 48
9914 67
7483 32
8963 19
1719 40
3626 63
7826 77
147 47
2269 50
8849 23
3899 58
5538 65
4318 75
8022 22
57 65
3031 56
5264 12
6118 31
7123 8
5286 14
8834 7
8448 65
406 61
583 53
1343 7
9991 68
6947 40
8973 12
7665 50
2098 75
7586 46
409 42
4389 24
8262 18
4627 73
7965 79
5474 66
295 16
58 67
8416 7
8621 5
7092 19
8209 10
7010 72
7621 31
6220 72
3599 74
6473 16
5130 6
633 1
8568 8
3186 58
6980 46
2946 63
89 35
3257 23
553 17
9486 7
9620 35
8247 39
4346 54
4652 14
6967 60
7792 16
9548 60
7909 16
9788 41
6306 50
7476 77
4381 34
8882 2
532 27
3209 62
6433 69
9502 72
4383 62
3124 43
413 51
6977 70
6955 28
2100 13
7524 66
8407 48
643 13
5802 37
5409 46
5496 68
7763 69
7948 64
3260 16
947 45
727 17
8445 18
9627 27
2509 45
6213 25
4542 61
1901 27
3791 32
8355 14
6314 57
1547 22
6247 61
530 42
1545 11
1498 44
6149 54
2926 68
7510 32
4834 41
3091 52
9114 59
1551 48
8771 63
8730 77
5313 56
2700 61
2127 31
7842 64
5184 46
2753 3
5355 14
2753 54
8035 11
9817 55
598 17
68 16
2964 70
2582 26
4037 68
3910 77
6993 16
7172 21
4235 60
987 18
8670 69
1766 12
99 26
8229 1
8621 26
6178 29
6502 40
4451 21
1376 14
4436 48
45 11
1347 34
8863 59
2173 22
7543 17
8951 23
1365 67
9779 59
6771 18
9935 45
8050 37
6416 21
4035 17
1669 6
1374 7
4818 20
1154 74
4438 64
1527 59
6369 2
315 51
2956 50
6503 60
2515 34
2997 44
9538 44
395 63
9712 67
1347 33
895 24
1603 53
273 28
5797 20
7489 45
4530 53
5827 15
3121 37
8261 72
1626 36
1204 55
690 76
4194 66
1518 30
5163 43
6155 11
2360 31
3002 75
370 75
8 30
6600 43
7031 77
5243 16
7414 12
6578 28
209 62
7011 29
7192 53
1526 37
9532 68
2886 2
8608 35
6589 46
2670 15
3661 5
4275 43
1609 30
7181 7
5406 73
2890 59
7597 35
643 16
6604 73
8067 59
9264 38
105 71
3253 58
5958 46
2684 10
2854 19
8819 46
7185 79
1488 12
3562 55
3906 78
6532 38
5258 65
3800 12
3811 29
6475 67
9763 12
4288 41
5601 9
1437 31
632 39
8389 13
8061 27
8652 15
3453 23
7488 16
6744 19
451 18
2630 10
1627 23
7104 14
3652 64
8610 25
6470 15
2974 34
7038 42
7908 40
269 79
7882 14
4687 14
6024 19
1039 72
1170 29
327 50
7801 17
2746 38
1669 33
3927 38
8678 18
8003 61
3182 41
8912 68
4342 18
7218 78
4693 13
9664 65
4235 69
8037 34
934 14
59 59
5277 75
3828 75
4623 25
7625 10
7204 59
8865 71
9054 34
2995 1
8121 25
8599 14
923 11
633 27
8269 33
6080 17
2257 44
2264 48
2047 59
7968 59
589 58
6424 47
3555 55
7093 1
2353 34
3761 3
2646 64
1639 3
769 28
5451 65
6341 59
1959 10
5399 74
743 54
5448 70
5672 26
2062 72
9241 74
2672 27
6742 47
5863 27
1119 49
5093 76
2147 17
6424 20
4557 38
2592 22
6099 50
4265 76
7785 79
2074 48
9178 12
3230 71
4767 46
4477 43
1041 53
1242 3
8847 76
2667 49
6324 60
768 23
7066 78
5545 71
9832 59
9020 6
3948 66
4744 12
6727 4
9671 75
7173 48
7862 58
9309 6
5542 61
2763 74
1070 2
1378 24
5802 42
5237 46
7351 2
1675 26
8843 61
7417 16
8950 64
7573 40
8331 25
5816 51
9631 13
9589 8
6152 77
4091 31
2235 4
5651 8
210 79
5946 57
9409 58
9104 67
2926 3
4770 48
2666 61
1121 59
9707 52
9195 59
124 7
9272 61
4418 71
5733 45
3770 26
5398 50
6825 12
6779 3
9276 52
5106 74
6365 78
5560 19
9245 74
1551 64
826 64
6568 77
9535 77
8782 43
3433 63
8494 75
6097 42
1648 56
8221 68
4962 33
2386 19
8117 66
5890 1
1972 47
3756 25
6063 12
3585 17
8572 28
7833 51
8007 68
8758 26
5451 58
5464 5
6879 31
7971 43
2487 55
2448 44
3582 65
5719 48
7555 71
8146 14
9118 68
4971 27
2339 44
6375 13
8945 29
6469 26
3113 64
2061 50
2801 12
6854 54
9839 39
9758 35
5239 58
8013 15
517 16
9856 63
5546 58
2068 66
9284 66
3119 78
4266 58
3562 21
7062 33
847 51
3749 65
562 23
3328 72
9283 76
8522 0
3454 18
1352 77
8759 78
730 51
3175 11
3217 50
7452 11
4681 31
7842 14
708 48
2737 29
4881 67
2857 36
9928 27
5617 26
8432 57
8497 46
3448 19
1715 31
6494 67
3729 8
40 47
8613 7
6472 48
9102 41
1627 65
6913 36
5980 6
5485 31
2586 6
827 34
1119 55
3850 54
4862 53
4442 40
2484 46
5166 79
6195 77
2146 71
7316 64
6602 10
4244 57
4564 27
1626 30
3034 30
415 13
2340 55
5175 63
1690 77
5726 23
3611 75
8503 56
673 51
288 0
456 15
5378 69
8924 70
9526 11
9527 23
6995 63
1375 52
1960 18
5862 62
6143 5
7278 57
7341 78
8894 60
1839 5
1282 8
2929 61
2475 66
5683 18
647 47
5764 43
8256 43
18 12
4726 38
3369 76
9357 43
6488 29
907 77
5314 61
7338 17
3955 24
4623 3
1865 8
9007 38
4500 58
860 75
1120 78
1439 12
4416 75
8964 6
7007 60
4142 49
9858 43
7895 46
9117 73
858 12
1102 55
343 54
5822 3
7693 76
7274 19
5866 45
9343 7
2285 30
8596 30
2468 25
4428 56
3937 69
819 3
5269 78
5713 21
6040 49
6958 20
5016 71
5795 69
9983 27
1474 31
5297 73
3592 11
4382 68
9091 43
3217 52
4028 68
3642 11
9366 9
8047 3
3255 21
8673 54
4436 68
2145 24
2899 15
7730 5
7154 35
6146 67
8662 61
9375 51
6694 4
7668 26
6721 50
6559 38
433 16
5900 16
8352 14
7399 13
4257 12
4303 47
7891 23
5454 14
2442 67
3829 31
4497 50
7888 63
6636 78
8473 79
4721 41
6663 27
3398 30
6250 8
251 3
521 10
6887 14
1386 31
8864 49
3319 60
3068 35
1722 18
9684 76
8690 12
3540 61
5559 55
7831 74
3500 46
1350 69
3554 33
9076 73
8262 50
218 15
2083 77
3184 64
9437 17
9971 7
4073 30
3067 50
595 13
420 5
5040 6
7025 27
539 3
4031 59
6052 47
6824 67
3435 41
7440 67
7778 43
3426 8
4980 66
8312 51
3136 41
5345 69
9949 54
1954 10
9338 65
9772 48
915 61
524 18
7685 36
1327 69
3880 67
4851 62
9108 31
9144 61
2855 18
7713 11
8097 6
5619 76
6676 29
9144 64
9881 26
1072 44
6614 0
6696 15
8483 6
4562 52
7501 19
8832 20
7099 27
8395 5
4446 6
2887 66
2471 41
9017 8
80 4
4573 43
8414 39
6738 3
9797 18
6568 22
9622 39
7092 3
8065 14
1689 24
2719 53
7749 17
6755 50
698 78
8538 54
9748 15
9536 0
9046 30
3994 27
5562 58
3330 53
1101 75
8030 77
8428 23
5666 23
4567 48
7343 16
8891 39
4436 73
3992 33
6014 34
3670 20
1288 52
428 79
7580 26
9542 36
4521 61
6148 18
7174 75
8789 35
3223 68
8169 46
3214 16
8978 26
4894 0
8132 65
8324 79
8939 44
609 69
2265 48
5980 73
7677 21
2824 31
8348 15
5883 5
7277 27
3970 38
1608 72
2151 26
3892 63
7200 26
7464 32
5202 19
2448 58
1667 71
6699 39
6557 58
3652 50
3334 79
3910 70
7520 48
1517 36
3393 68
5895 48
3248 32
7347 57
4075 13
3976 67
3407 1
7554 67
7508 13
1411 22
6543 50
2337 14
3228 49
3174 58
1951 30
5236 1
3739 16
6090 59
4586 72
7147 60
4008 75
7988 62
4825 13
712 42
7732 76
4512 18
9956 38
6508 30
1365 72
2834 17
1020 21
469 23
9813 63
7059 45
247 20
1452 45
8032 56
5780 5
9032 43
9398 67
8374 71
7153 63
8102 25
4476 53
2389 9
1841 29
7318 55
6685 73
4187 4
485 43
6606 74
6948 16
3981 25
1328 60
1087 32
5829 3
5815 20
3568 33
784 63
3184 8
3494 8
1788 4
5972 58
5561 76
3176 20
8658 38
5006 78
9700 7
3308 18
4477 71
9599 46
1915 13
2899 69
8828 60
8502 76
5939 57
1459 8
1501 8
3383 17
4256 66
9070 51
5349 53
4712 66
7319 8
4876 39
72 74
6367 59
9493 38
3813 78
2969 36
114 53
5572 31
6568 14
343 62
5313 1
8567 34
6813 53
8130 11
8071 75
3314 71
3920 75
8756 8
5717 58
4470 49
3788 21
9146 45
9323 12
8037 76
2578 45
9395 58
5605 44
359 13
1665 29
5191 60
7546 78
7503 71
7458 51
3490 71
2817 63
402 34
4953 59
9240 42
2458 39
4600 52
4638 27
6611 64
7406 72
6441 42
2908 47
3607 27
7541 29
7030 44
3295 19
7730 25
5361 78
7576 30
5425 55
7677 33
6148 57
6572 43
3252 57
9327 68
5024 71
4390 10
6952 1
7853 30
5501 78
7111 11
8652 14
913 3
2654 11
2613 56
3497 27
5852 20
4655 21
1784 6
1968 14
8105 26
6705 31
9244 3
3313 37
1931 71
9905 52
7634 7
2883 73
7689 26
9635 75
4059 37
2951 28
7937 73
3992 2
3609 24
1664 12
5326 21
4378 3
4546 72
7904 0
7998 59
2272 36
4813 37
2474 39
2372 32
3062 0
8513 8
6642 62
2038 18
950 1
146 38
4323 24
2456 27
80 24
7934 46
4965 37
4442 15
4979 48
204 40
5389 29
7137 74
3134 64
5905 37
4882 52
6409 4
3100 55
7526 19
5002 21
492 15
1995 16
7910 24
8452 73
5704 5
8927 45
5862 20
8207 47
7520 44
2022 78
8469 17
2090 51
1522 51
9003 41
1815 4
1182 25
6977 4
8771 32
3078 43
1495 32
4713 66
5939 0
4771 14
6839 33
1172 74
4169 78
967 47
1406 78
9341 51
4099 42
9761 76
9241 5
3041 79
2371 13
1473 10
8478 77
2323 58
9417 28
9996 9
545 38
5986 39
837 20
6170 68
5991 42
7381 8
5766 78
3408 31
9396 0
8589 20
7101 10
5018 25
9435 5
1451 64
5560 21
9692 10
4275 18
5732 57
9086 69
1108 35
1458 27
8894 22
9333 41
8811 66
9841 12
1188 24
859 11
6174 77
1245 12
6699 74
688 79
3428 52
4320 43
6581 3
2338 51
9069 65
3397 37
9987 0
5856 63
4423 24
9362 46
9427 45
5211 52
4959 41
9039 53
8610 43
6535 62
9102 27
9114 19
4355 56
6447 36
780 17
6551 75
2309 60
2477 36
9356 6
5479 41
1564 40
5034 41
3976 18
1266 69
6573 38
2148 7
3853 36
6510 63
3696 14
1033 59
6099 55
6484 2
3730 44
7153 77
2896 47
4725 18
9142 44
8562 79
1174 75
9696 79
4847 1
6921 44
229 50
9879 66
4787 23
1063 44
9623 23
1817 61
9350 70
152 28
5467 23
3216 61
145 15
3335 24
5852 72
5187 25
840 14
4989 35
1662 74
181 49
9389 8
526 11
5743 55
5802 33
1511 28
4714 71
3515 19
6176 45
1295 4
4636 74
4557 78
3124 37
8655 2
4925 63
8987 31
2109 0
7044 21
8457 28
5508 56
9543 34
3854 51
7586 33
2102 6
4600 55
9373 14
901 8
8068 48
952 7
6992 50
6116 68
990 37
7783 2
1652 2
4454 4
9791 48
6629 35
7003 31
5063 46
4074 69
1946 63
4869 67
560 54
1443 3
9572 4
3876 48
6713 38
2837 17
9782 60
8728 19
1787 5
4257 18
4171 57
1447 20
9952 19
8030 51
8461 8
388 53
8994 8
6225 26
1058 0
510 33
4585 42
1714 22
8548 34
2534 76
9443 21
5371 19
7340 56
8361 38
6666 2
699 69
5558 55
3550 58
98 19
2545 25
5485 15
9289 24
7249 34
1911 57
2869 55
710 17
8668 55
311 54
9795 67
7650 9
1467 33
777 61
969 64
2507 20
6377 9
3902 69
930 36
6757 11
7909 68
7630 77
3086 64
2461 21
8930 79
2655 32
2880 79
2847 17
9755 50
5598 50
7119 54
3841 56
485 16
9730 33
2073 68
9657 61
9970 3
6326 6
4789 17
3742 62
2062 17
406 20
5945 16
9557 34
1191 27
4011 5
799 62
7838 42
38 43
662 18
4552 18
7494 34
6634 51
4999 25
6818 77
7568 46
5322 2
2938 6
9686 9
5002 47
759 15
9417 76
2364 28
9315 78
2293 62
6824 43
6925 36
1372 61
503 24
3368 57
8666 9
2342 59
9975 68
7123 43
6381 15
2631 78
4513 67
8529 75
5741 67
9979 39
2101 45
6740 48
8880 27
4075 19
9335 6
2589 11
4863 57
4296 7
9357 61
807 22
4701 6
6816 1
1841 9
1862 53
4228 56
2693 11
4973 28
8191 6
8638 14
9028 25
4471 2
6667 18
6091 32
6369 55
3468 32
3356 27
7256 17
7360 45
3404 55
6772 78
4487 31
4659 61
2924 48
7088 64
1855 31
9488 17
7994 30
7844 3
9937 3
6446 47
1477 17
2500 15
7407 53
6685 22
4032 79
1175 43
6360 59
5623 0
5927 43
2988 35
9211 19
5533 64
4157 64
3090 17
8902 6
7285 19
6071 52
2976 54
6197 22
6333 49
271 71
5102 31
4528 49
2397 74
895 3
3186 34
9180 77
9193 42
7455 27
1401 0
8024 28
2147 7
8809 14
964 19
6980 71
883 0
731 66
2386 14
740 21
3645 45
2602 43
6621 18
7885 2
9475 3
1280 3
5881 21
840 26
6850 15
3654 49
1348 74
8588 29
3271 55
6920 36
8598 45
1569 74
4684 14
9478 55
9458 21
5219 70
5528 31
7917 44
7202 67
5482 51
4866 46
4168 35
6578 31
1443 28
4378 12
8961 50
9670 0
1473 37
6761 50
1339 11
7379 18
9073 45
9185 18
2857 59
759 30
1188 29
3093 10
3062 39
2038 7
2203 55
6655 50
3377 30
7804 25
4552 41
1614 59
7805 28
1641 10
60 42
6168 47
5696 18
9387 59
3930 73
4839 54
157 49
3005 38
5605 35
448 45
5249 46
9628 78
5284 75
1518 14
9180 44
261 52
5922 17
4568 12
4277 39
6681 62
6141 78
6138 5
5359 5
2871 47
4272 20
5370 48
8716 21
9566 51
9529 63
9928 30
8513 65
5059 17
121 72
7752 75
9666 45
41 41
2893 78
2452 44
2633 55
8709 38
3104 77
1778 32
4002 55
8609 59
7692 73
2873 49
8771 30
8066 39
3775 1
6702 18
6455 72
9067 50
3247 30
6542 48
5834 60
8676 79
7412 35
464 18
4347 24
2481 74
1809 60
9851 74
2795 55
2205 73
9178 65
3038 35
9146 28
2117 61
7558 1
465 35
4018 70
5682 31
9874 73
4530 40
4173 28
4699 53
1128 29
238 12
8862 32
3934 60
854 59
5717 19
1276 14
3441 13
4630 29
2415 10
123 27
1307 42
150 68
3163 71
2463 8
2196 15
6371 47
9188 61
2197 45
3898 51
4507 52
7914 70
52 0
2733 22
3805 35
9766 73
3880 14
1252 35
1734 24
8659 67
4196 78
4251 61
5065 23
134 47
5253 3
2141 67
8275 0
4348 32
7962 24
2605 45
80 58
3302 36
2339 35
11 62
5721 57
3762 64
9614 36
6067 66
5056 73
946 24
9200 4
3977 31
787 50
2009 21
5158 9
6883 5
8328 20
6058 30
3543 78
1264 48
5983 58
7518 2
514 77
6750 34
179 9
8274 26
512 54
6181 59
9431 47
271 25
2473 23
6333 3
48 6
6514 13
7817 20
9070 12
7065 64
6180 77
4880 13
2418 2
9855 74
6638 10
5580 60
4926 44
5450 59
6486 16
2628 22
3612 58
4458 35
6403 4
627 7
9522 70
2944 62
9469 21
3301 72
1635 5
7688 65
932 28
5704 26
8776 5
9219 9
2037 13
8332 58
2497 62
1621 64
1793 38
4126 45
5302 35
5903 9
300 61
7387 34
2815 16
4558 17
1034 52
4845 5
1273 59
9712 78
4377 22
3895 71
8427 52
5169 1
9863 24
7613 41
8090 6
4686 69
7775 59
6297 0
9199 54
3804 15
3564 38
907 63
740 65
7881 78
2197 77
1567 18
5969 31
7560 57
5274 31
3013 63
155 68
6943 22
2574 33
5277 53
2127 27
1498 63
8337 70
5058 46
3341 43
6803 28
3912 72
7734 30
3938 36
4434 29
3256 13
9258 19
9605 16
6275 15
3509 4
9646 36
3464 4
4033 36
7215 39
4562 52
201 14
7352 61
4022 25
4412 15
541 38
6230 1
4943 39
5376 57
4834 47
8257 4
9655 41
7688 67
1589 20
2910 35
1396 15
3657 71
7769 13
6943 4
2802 37
4189 9
9899 25
1023 25
9423 65
3541 6
1543 4
41 75
982 66
7353 38
7032 32
6328 16
3692 0
1108 42
3840 77
4314 55
5428 32
5791 0
2284 66
1429 40
133 79
4509 28
4778 35
1024 70
2461 36
842 63
1737 75
55 46
1336 0
9477 34
5226 1
4787 7
6041 78
3102 8
2545 4
9068 18
2193 69
9860 33
9318 33
778 74
8277 67
7755 51
4748 25
4606 18
7504 65
6890 17
578 13
1002 11
1735 51
8976 22
7011 52
3104 29
6698 23
9772 8
5063 1
695 10
1091 34
3976 39
5763 79
3781 0
4391 24
6785 13
9052 22
3615 69
9392 51
5164 13
9094 5
7909 11
5438 8
2359 53
6598 23
8146 27
313 71
6513 62
4605 32
2686 59
8160 25
1239 72
5181 79
2214 10
377 34
8614 33
6010 12
8489 16
471 46
628 44
6685 8
4363 17
8105 69
7243 76
3238 49
9189 56
9676 40
4925 56
3268 29
6722 30
4311 51
2816 22
7883 59
6610 18
3577 59
5749 18
9188 7
3746 15
6487 79
3129 5
3771 5
5437 11
1820 41
6838 16
5905 3
6911 4
4464 76
261 0
4799 41
6265 35
9546 5
3194 73
2248 41
5892 74
3731 11
5837 13
8435 49
655 23
6299 32
9473 4
7259 5
2917 65
4310 63
2599 19
7326 7
4596 39
6680 62
6261 23
2470 17
7972 70
8204 11
3145 40
292 24
338 49
4388 1
8436 57
2569 24
9685 24
4611 1
8191 35
5983 12
8988 51
627 59
8234 79
7785 20
6154 38
7263 52
2347 27
9082 30
2538 13
338 31
9512 1
2987 63
6606 30
2255 23
1592 53
4752 41
3797 43
3850 16
8259 53
6584 5
4717 15
2572 11
7032 41
3066 8
8909 62
8700 16
333 18
1312 31
2648 23
622 51
1493 60
7216 36
4887 3
8934 65
3756 77
1836 56
6868 37
6236 34
2190 69
736 41
2909 25
1168 70
8498 78
2053 43
9340 6
4361 74
3714 76
7743 64
79 14
8605 2
2313 44
3074 66
8514 43
202 30
4769 6
108 5
4834 33
5240 71
3219 75
802 8
8192 65
4119 64
6898 25
6942 2
8989 1
3248 71
3284 20
2292 54
5302 38
7031 35
4157 29
1570 33
5047 12
4484 37
6572 12
3699 41
7527 9
6187 41
2723 7
9514 61
3010 48
1476 19
1526 59
7194 25
4206 73
3375 4
7605 31
1966 0
918 76
6958 5
5119 38
8863 34
8509 69
3676 24
7764 43
5802 6
2541 30
8704 60
9756 20
1524 78
5729 74
1163 7
7652 49
7547 7
885 21
4160 75
4301 59
7917 8
4255 55
6346 51
3540 55
7377 63
1251 0
6685 20
6728 51
5340 9
4373 43
4634 31
6594 37
6028 57
5910 12
3945 27
9523 1
6309 78
3385 36
7157 29
6113 49
2089 47
8605 9
1043 33
1429 76
7689 79
4420 0
355 15
354 17
4328 59
1206 53
2902 9
4198 26
5822 8
1983 15
3295 73
6543 76
6821 8
3107 14
3445 5
8852 35
8657 19
9791 46
989 29
9900 24
5992 48
8023 20
4286 9
8707 60
3284 11
3098 77
9736 60
8728 28
787 14
684 35
6524 21
2882 29
6977 42
9234 25
5707 59
2578 14
8478 60
8300 60
1732 14
8425 42
387 58
6226 34
2490 27
1277 37
3364 21
6386 12
1848 54
8074 28
2844 7
2911 37
8046 46
6297 39
3284 52
7288 66
5863 78
5818 8
6545 10
172 49
2847 72
5751 75
889 66
178 28
3803 42
1725 54
2545 14
8565 37
3050 74
3073 24
9104 11
9040 57
7762 75
3187 59
772 30
4294 47
4983 24
1531 35
81 25
9741 8
8622 70
659 78
7294 36
5932 14
3434 35
670 3
7828 38
9866 70
5341 59
6324 21
3432 43
983 0
3498 79
8637 64
989 28
7898 51
5146 77
898 72
4384 77
8051 51
2905 61
7334 78
5666 24
6241 61
3397 48
1974 44
5432 36
3432 39
117 17
5088 37
2336 66
2808 34
8567 53
470 40
4116 11
8243 58
5382 60
7229 12
6589 37
9608 50
8666 79
6721 67
8865 45
384 9
9267 50
9551 72
48 76
1245 73
166 65
9329 67
639 68
9236 68
304 20
527 49
914 34
7778 40
2802 44
2332 14
3003 75
3014 74
4398 21
5934 28
7682 48
2521 60
4763 36
2938 75
152 60
5295 8
8014 57
2641 17
5126 66
6325 35
2434 11
2529 65
9599 33
7776 13
7908 16
619 70
1116 34
5479 30
1508 68
1363 54
6676 70
8657 8
9209 62
2344 49
7912 42
8738 9
8739 64
3562 16
8850 36
9234 39
3917 6
6879 56
2972 36
370 67
7131 51
3119 7
1528 70
6818 57
6488 41
6361 19
7438 29
7067 76
4097 15
2535 0
2010 71
6766 28
471 26
4106 8
7642 13
7468 65
9372 7
8704 2
8775 17
5201 14
5784 28
3376 13
6926 79
9750 1
5082 28
5866 19
8329 14
4416 63
4009 49
7303 57
7130 62
2672 58
8689 2
1532 59
8061 42
8582 60
7818 76
9808 66
4639 53
4673 27
2039 11
9166 31
6065 78
9370 21
9607 16
384 78
7986 13
7746 3
7990 73
2232 6
7666 69
8913 55
438 14
6024 6
76 50
1506 63
762 47
7258 55
6727 42
920 49
2460 73
247 78
3807 62
708 79
152 64
3513 24
681 39
4570 66
8388 68
7489 29
7169 75
5094 1
3405 62
4029 63
1816 71
8047 41
3495 65
983 26
9349 67
2954 67
4614 11
1562 67
7751 51
7563 2
7642 19
8998 11
5848 35
9134 68
5170 26
1916 11
5965 56
4907 79
1549 76
5689 55
8106 19
6528 3
8054 30
590 77
1366 78
5855 59
2407 31
6964 21
4776 62
3571 45
3389 56
8566 15
2574 33
2270 7
5431 30
508 58
6248 15
4459 2
3107 28
2400 57
8274 27
7314 1
1438 76
4837 77
874 33
7517 0
7642 29
1047 0
2172 39
8950 70
2040 59
3683 53
533 61
7558 69
4324 59
2213 11
8206 47
914 7
207 29
763 41
2678 31
7497 0
3853 75
4060 49
612 29
6604 48
6459 22
5749 30
4159 17
5823 48
5305 46
5320 55
3329 77
9010 65
4450 72
2041 28
7316 29
9618 34
7320 71
8869 54
1589 40
1849 41
9688 37
10 24
2932 62
6357 54
1523 24
6842 2
6131 9
1614 21
5906 48
812 26
8663 14
7060 26
1823 21
3077 67
6383 11
2827 36
7847 26
5214 71
3022 8
9556 76
2750 30
7568 62
3824 8
9635 53
7856 8
2305 55
7022 70
6255 59
9756 8
1103 60
7359 58
444 6
3190 59
8522 16
5886 20
6008 54
1119 37
2383 17
4331 77
4322 5
6510 53
5889 40
5810 58
3634 58
7318 54
266 53
6601 58
5621 50
832 10
1689 69
9020 53
5376 71
5166 15
7385 78
1951 45
974 59
8037 60
5023 63
2869 30
3139 43
1237 18
4906 18
3058 30
7054 77
3054 28
2841 12
1210 15
9098 36
3698 49
3315 73
9873 58
362 73
7188 63
5258 50
9862 4
4887 33
4218 79
8263 72
576 75
2323 59
5137 21
5157 40
3619 7
7241 32
9306 31
3438 38
8687 11
1856 3
6821 67
6392 20
5788 34
358 33
3016 35
3411 74
5013 36
6841 64
2440 57
8982 13
3289 48
9145 1
2778 61
8246 74
2252 18
1066 15
2751 76
5334 41
2748 12
3973 46
8887 32
359 76
8003 14
6245 47
9517 76
2485 15
4557 79
4498 8
2410 15
6766 39
640 3
6035 46
4182 46
3628 21
8495 69
206 78
9085 43
9617 18
5052 76
6028 76
9984 66
8356 2
798 7
1947 60
7389 72
6765 19
6199 50
7446 55
3720 13
4108 60
8085 33
1749 2
7080 56
7697 0
7686 2
1456 61
7900 31
5877 42
9346 29
3374 15
9742 14
7335 1
8839 52
5222 28
9782 44
1698 35
8047 5
6955 1
2217 27
6971 75
8864 21
8978 68
6171 55
8019 76
3571 4
972 70
6678 35
9361 69
2284 45
4458 18
7016 49
5436 12
4982 20
7265 29
1782 56
1151 37
855 8
4744 6
715 13
5435 11
9711 64
6821 69
3592 29
445 51
4294 64
3000 61
9117 30
4653 61
2448 3
7563 11
426 67
8793 68
7956 31
8289 38
4297 39
3954 59
362 38
3171 31
1703 30
4561 15
2103 65
4623 48
9653 73
5847 57
4344 37
779 47
7230 0
901 11
1184 15
5421 73
1326 71
8410 0
1643 57
6809 25
8947 27
2490 29
4408 68
8660 16
4778 68
4741 36
5585 30
9071 76
1724 67
4909 30
5134 75
3164 35
5540 18
2624 14
8600 62
9897 70
1329 25
2241 2
8077 47
8341 16
3382 68
8028 51
286 35
1361 55
4380 31
678 65
6820 24
3338 55
9164 45
972 41
625 56
3879 27
6446 74
8159 1
9827 19
8231 54
8129 30
8702 24
6207 7
100 67
3968 10
8696 56
9339 9
6621 10
720 10
9785 38
5597 27
7189 44
7476 19
4207 30
1028 6
3552 35
6010 20
6847 73
910 78
2793 37
4644 70
8134 40
8022 67
4730 16
4866 78
1412 39
3558 12
1304 13
2007 71
1740 77
5899 75
2776 62
9780 43
1915 56
8905 29
6954 33
6728 73
6095 19
6667 25
1501 76
8243 13
6512 2
2765 46
4312 49
3897 60
3556 50
7590 71
6336 25
2090 54
6798 27
5259 24
1960 10
389 21
5641 63
2072 31
8935 3
515 42
1124 58
3699 5
7520 76
5824 53
7189 49
9226 13
5465 9
7316 27
3900 5
7041 50
4835 5
9844 31
6607 63
1251 58
2136 41
1402 27
1958 3
9697 38
5905 52
2208 69
1298 31
168 33
1874 65
4527 45
897 42
6462 79
1868 38
1554 75
2015 39
9612 77
2374 65
4504 51
3853 2
3379 69
2669 11
5960 2
3396 31
9916 72
8582 23
2879 31
598 63
8198 3
4731 17
1843 77
9932 60
7067 45
7469 16
5530 21
1750 25
7102 69
4994 6
9878 30
9668 5
8808 53
8998 12
8143 39
3665 22
3149 35
9759 73
3775 9
9867 48
8769 13
7130 58
7317 23
9047 78
2895 42
8646 24
4957 63
1884 53
2102 61
3473 39
3777 23
1746 37
7389 51
1753 66
866 2
9851 57
9612 17
361 34
4509 43
481 67
1665 72
1684 54
7063 23
9551 19
6691 35
3533 74
7333 69
819 79
4969 54
5662 50
542 62
1795 73
5955 14
7816 13
847 54
5061 14
6110 20
9603 4
1061 43
2858 67
5386 28
1504 10
5615 19
6026 24
7478 16
8069 11
3374 48
4305 38
5338 23
1493 46
8714 77
5118 2
277 66
9109 53
6952 31
9829 42
2802 11
4140 42
9909 54
5134 20
6388 69
2877 2
5782 75
7506 3
2358 17
941 43
1299 66
6972 36
1213 37
9625 30
4044 39
5286 58
2996 4
3224 31
5780 50
3990 71
5837 42
8868 42
6371 20
8998 37
8859 15
4721 54
5986 42
4054 22
5191 49
8688 35
232 23
8762 9
1875 76
4356 29
802 27
3255 38
3496 35
9408 56
9973 48
1816 46
287 53
4149 51
4555 24
8993 61
7609 27
4016 55
5129 66
8984 42
854 70
5365 71
6847 37
2408 19
9226 3
6084 0
3738 1
5105 36
23 24
4937 71
9858 18
4475 62
9544 70
2111 79
3067 78
2550 17
1029 22
6075 18
7205 51
3930 4
2834 46
3994 69
3524 44
7310 73
959 59
4801 54
6705 59
6242 60
2735 70
4611 15
7274 30
7078 18
1269 33
1874 66
4534 75
8494 44
6503 9
8313 44
3991 53
4738 3
5570 67
4209 52
6574 39
106 43
6468 64
3205 10
5515 37
2750 34
8912 43
7623 26
5726 16
2950 63
4757 7
6742 57
2088 32
9460 21
4796 3
5252 20
6527 9
9529 79
810 55
1851 21
9559 56
7292 35
4381 54
4295 15
2410 37
6126 1
5360 12
2167 15
8987 33
3112 3
170 47
8850 11
4614 54
6714 28
6983 32
1735 4
1879 76
1964 43
1556 40
2781 37
5153 31
97 39
3054 77
4364 35
9661 43
4256 50
1592 76
6973 12
8901 19
1590 23
2526 30
7210 74
7753 3
6786 77
1569 21
3090 31
9618 19
6106 67
3173 77
9817 56
2989 4
6901 4
3614 61
30 12
3573 34
2230 35
5158 54
3963 44
7257 34
4136 45
3885 0
8066 18
8577 3
8032 27
1758 49
3190 52
2100 15
8351 15
6848 71
5038 15
2826 24
7914 67
4602 26
4993 14
3 29
7908 15
2431 61
7229 2
8976 4
5268 18
6114 44
2723 57
5316 15
3519 37
3145 45
6371 25
1323 57
6209 61
8373 65
8827 35
1346 56
4196 56
4780 49
4636 18
4357 42
4212 28
8145 3
5703 59
1505 25
1162 76
4314 4
9870 29
9293 9
3267 68
7092 44
7132 0
2934 55
1729 10
5310 47
6299 7
8656 41
8603 13
3948 57
9960 47
8116 66
5008 39
4615 15
6940 32
5765 12
2319 61
6943 66
1381 8
1032 77
5977 75
9894 28
7439 37
5864 37
7971 25
8260 66
3834 25
2625 44
1050 75
1537 66
2524 69
3269 38
3304 10
6897 36
8935 33
9712 32
3516 14
834 11
6140 47
5815 33
1248 37
9940 67
9583 77
3989 12
5464 58
7180 34
8307 17
694 42
684 65
4670 40
6088 76
240 50
7401 39
3321 32
8413 42
8997 3
2161 36
699 31
6285 46
9106 70
1383 74
4769 2
4051 8
2349 62
9229 52
5865 1
4687 32
4288 73
1800 26
9551 16
168 73
1165 30
8230 41
8536 74
908 33
868 46
457 13
8925 38
1485 29
433 20
9583 25
9755 4
4726 15
6479 23
2865 11
1710 62
3263 2
6966 5
4688 74
3427 25
8379 57
2779 39
5925 41
7403 51
7909 5
1620 18
4951 67
8761 52
7847 78
9728 17
7809 78
9433 47
2123 38
8133 45
3587 27
804 64
331 76
2026 55
3657 17
3930 12
3456 36
1233 10
6496 22
7730 54
5223 64
6740 59
7624 72
8815 6
8108 60
679 11
8348 30
9440 1
1252 27
2276 1
7269 73
415 70
3791 13
2609 49
5686 55
6913 77
7443 43
4837 9
7417 60
4807 39
1857 22
3483 1
6149 40
2902 35
5989 61
8582 56
7061 38
268 52
1233 53
3538 11
5845 40
6326 13
2436 0
9575 79
2557 78
9900 55
4396 57
2736 36
4174 62
8041 39
5654 4
3108 50
6691 42
6334 75
7650 16
4178 76
2751 63
5385 43
651 6
3794 33
1361 66
7805 58
7295 9
5679 8
1032 51
9154 19
7539 69
1878 33
9988 75
6277 78
9431 49
1009 56
2919 31
2860 42
9360 31
7037 35
2507 60
5487 18
1592 73
195 65
9966 74
9701 59
2946 67
5503 10
1280 12
6241 1
1079 29
7525 51
2954 44
9500 63
3137 16
3561 57
9564 64
1267 69
2593 46
2625 18
6721 57
6562 1
5273 67
7283 33
5340 65
1449 25
1948 72
9904 1
1904 58
9902 13
6616 12
7557 22
3919 51
3389 39
8704 27
9348 65
1276 36
8138 27
7097 57
516 10
3514 78
2440 25
537 69
6289 21
6267 13
2308 56
2934 56
2218 16
3737 40
4642 59
4050 69
2917 1
8 29
6573 29
2269 56
6857 41
981 7
4557 6
6662 25
994 21
9013 26
3456 53
1787 56
7089 57
5565 35
6931 37
5110 0
9288 21
2297 26
9636 42
8565 38
3401 50
763 17
7825 67
4356 40
1826 67
5500 51
7142 71
6328 15
6092 22
9316 24
7682 10
7989 47
4366 18
5960 61
5647 7
2723 52
9200 73
8874 62
590 52
3156 53
8141 37
1816 14
4151 35
4442 67
5940 60
129 11
5677 29
9707 55
9556 29
6063 76
155 6
753 9
8943 49
5143 68
1444 14
1183 53
6199 29
21 46
2720 28
2521 53
5212 61
5695 32
7143 2
6954 44
794 8
7313 26
3067 14
3305 71
2904 48
9911 38
1767 52
1876 44
8918 64
7905 23
6728 70
1526 60
4385 62
9394 12
1276 46
3605 34
832 24
1394 75
9617 32
7332 18
4038 9
9577 24
1805 27
930 13
1923 66
9887 45
8073 6
813 10
1224 19
5792 17
2842 52
2044 76
3428 33
9479 20
8619 66
5446 16
4027 15
2766 14
8420 6
2140 45
7658 23
8182 5
3611 63
7910 35
1863 16
9790 37
7398 9
7411 30
3376 55
1779 7
4557 56
5260 67
2218 7
7932 28
74 25
9270 63
9976 67
1440 65
3687 22
8718 45
9401 8
8144 11
1989 64
5161 30
6915 46
1741 10
3294 69
2739 47
343 5
1091 39
5554 73
5761 72
8941 10
9989 39
1502 46
2582 58
6548 65
2036 71
3215 78
7874 78
2175 58
8881 79
3201 61
803 42
709 61
792 66
5762 9
4127 12
1355 0
1145 26
6723 75
447 78
4758 77
6192 13
4455 70
6380 67
4162 46
8866 28
4078 20
7181 6
4350 51
6334 17
1345 14
4264 15
7267 56
6431 30
3091 50
2072 79
5847 50
3807 34
8869 12
9133 16
4598 32
4873 4
7319 32
8595 55
1566 11
4299 24
3868 27
3040 52
114 72
3557 7
8701 7
5805 15
5349 34
9584 8
7892 37
9573 42
7312 66
445 76
703 66
9453 19
4068 57
6229 59
5006 4
4877 64
5504 34
1383 57
774 44
594 34
3089 35
7011 37
1828 52
5399 69
7407 58
3562 22
9684 48
6872 44
2112 49
5136 62
284 14
454 6
9382 43
7546 25
9432 71
1056 45
7597 39
3746 12
5374 14
6903 36
4969 26
6456 8
6479 45
706 22
4249 70
4734 5
5572 29
2218 27
105 24
3269 9
728 60
4276 20
7232 3
9658 33
6318 70
4576 44
966 23
865 4
8802 62
8901 55
6871 14
669 21
4474 67
5367 19
8871 27
1880 31
5489 46
5442 43
1972 43
9312 56
4984 16
5246 64
3452 37
2141 48
5334 38
5204 48
3720 27
1311 17
8965 38
9313 34
5089 9
1369 30
1099 1
8917 5
7177 35
9183 70
6795 49
3829 70
8619 56
7793 15
1911 26
9011 40
6199 3
8952 61
7260 10
3590 59
2749 22
2238 26
5431 58
4424 71
4348 14
5660 61
2987 12
1463 32
571 52
3288 53
777 60
1833 1
7388 40
6907 77
9670 2
9505 67
5396 54
4630 7
6865 12
6590 5
2268 18
1439 51
765 37
3486 50
1192 61
4887 71
3658 19
3228 32
5276 47
3846 69
4290 50
5673 61
5289 76
758 10
8564 43
2247 66
8813 66
5874 75
2627 65
1714 34
7168 7
8222 39
3214 32
3358 57
3868 12
2451 74
4914 47
6178 30
9568 14
7686 69
1981 28
7360 19
4230 1
54 25
4119 4
7067 17
1335 37
1756 11
1988 74
2928 79
1435 35
3724 30
3529 44
8380 58
7444 15
7508 78
4634 3
710 11
327 5
4742 17
4930 65
7009 70
5353 29
724 54
3391 66
9730 71
2451 8
364 39
2380 77
4943 20
3891 2
3628 40
284 34
2440 16
4797 0
7806 71
4751 28
5981 3
8303 65
5459 60
2864 30
4687 4
5027 79
4213 8
9020 23
7077 65
8537 28
6079 7
1784 48
7786 3
7803 39
4510 15
6709 26
5402 13
839 70
2799 49
2070 1
6055 11
2605 28
4355 21
5190 14
3592 5
4798 2
810 31
10 62
9348 43
3684 14
2029 14
3931 14
8757 40
3105 33
5590 25
2764 16
1055 32
3806 18
4533 50
756 68
1159 3
2049 54
87 5
207 50
7180 58
6493 25
509 55
3736 44
6752 23
1964 68
8394 56
9516 14
4590 23
1734 39
2804 51
3573 15
9311 32
8039 29
6921 11
2331 79
1116 21
9097 60
6766 30
9133 25
4958 15
2985 20
282 19
8374 0
4865 19
1988 13
518 29
1812 19
5648 32
8092 59
5310 39
7732 26
9320 31
6604 11
2443 71
1125 72
5200 35
2821 53
3802 13
7554 73
2945 9
2806 73
9849 34
1134 51
1518 54
2383 4
9240 28
6660 38
7491 61
7583 74
5303 6
4625 62
1528 8
8440 27
3664 10
9877 29
6049 12
2262 32
4339 24
9583 3
7412 23
1 44
6997 46
9523 24
3793 3
8048 13
6063 79
964 14
7320 34
1491 10
2153 30
4590 33
1109 49
7657 52
6397 66
5234 40
4605 71
1666 38
3167 49
3148 3
9677 21
568 7
2040 55
9820 44
6417 69
9010 69
1590 61
926 56
9399 28
4565 26
9400 36
7891 53
9139 41
752 40
2276 9
3949 43
2209 70
8788 46
8412 65
6655 29
8039 36
3958 18
3034 59
5798 55
7271 16
4901 70
3081 35
9304 31
5244 2
5107 53
8525 74
857 21
7585 42
7095 52
2134 65
7503 36
478 4
5822 3
9366 61
3232 49
6356 66
6800 59
850 17
3756 41
8431 22
854 0
5598 25
3570 36
348 71
3029 14
5537 59
9756 6
8004 72
1556 30
943 37
1597 74
902 6
8200 79
7817 4
4011 71
4346 56
9075 78
8883 41
5806 13
5363 47
9069 49
9427 3
8227 54
8706 37
6591 53
6700 73
7333 39
6719 16
1230 53
1766 30
8707 46
5734 45
8728 68
6692 46
228 3
236 71
857 31
2203 29
361 25
9212 79
9343 29
4109 12
4384 27
939 51
2880 64
5886 37
7200 17
1472 57
6611 20
1811 76
6771 43
1019 18
3196 61
6877 14
2490 18
9262 73
1050 74
8304 2
2716 43
2303 19
737 22
9216 12
4771 5
5809 31
965 3
6789 39
4736 7
2574 37
8815 15
6215 24
9481 5
2665 72
5419 16
5827 16
8876 26
8079 70
3409 9
9862 40
7436 77
1260 52
4728 21
2158 3
4114 78
2746 4
2273 56
8433 17
7507 71
4429 48
974 67
9124 40
9881 60
2036 14
4936 47
1234 27
1315 61
4869 11
1917 14
4207 37
4843 17
4857 34
7165 62
4684 12
219 43
1624 52
592 7
404 0
1732 54
3761 47
9725 42
5739 42
6320 74
1797 10
6821 66
8859 0
6379 6
1423 20
7922 36
3938 29
9105 5
3580 9
8999 32
6251 59
4425 60
4319 31
384 63
2075 58
9169 71
6512 18
1581 20
6115 55
5711 65
5107 14
4409 13
7559 24
3028 58
3725 3
68 65
5277 77
1092 16
4823 0
4498 2
483 46
8067 25
3918 74
7086 26
87 0
6749 37
895 19
4255 31
1792 50
358 78
9686 5
5777 16
6515 58
9385 56
2919 38
3812 7
6835 74
9345 35
4397 4
4404 22
2255 79
262 6
7103 56
6935 76
2594 77
843 3
2944 68
3921 15
8261 70
6490 72
5366 23
6006 66
8951 2
2625 9
6704 5
2133 14
4508 38
433 57
6011 33
8228 9
973 79
1107 32
3579 68
5898 52
2353 69
9547 19
2197 68
2057 38
9074 74
3189 16
546 48
2695 36
5397 26
4114 17
8077 65
1676 59
4920 43
9874 70
4580 40
6398 49
1538 76
1785 77
6957 20
1440 41
156 71
6036 60
2823 59
6707 13
5652 0
5070 66
5785 77
5681 20
3420 21
9481 43
4405 69
3184 27
3869 78
5655 75
3292 25
9245 77
4639 44
7147 79
9322 55
3065 29
2188 75
3047 17
8407 8
7606 25
1232 1
6038 34
2767 15
8763 70
1774 78
91 48
2859 56
3230 56
5464 44
1182 79
6399 75
5587 56
3454 47
9427 17
2227 40
9324 62
8421 68
5371 64
7853 73
2156 54
7072 18
2674 32
654 21
7515 44
1663 61
5305 32
1273 41
4297 50
3835 32
8729 39
8513 31
7623 54
5397 32
4962 8
1502 56
7813 31
1744 14
1181 64
1112 51
8900 78
4080 18
527 5
9149 38
6931 31
2000 50
2501 22
7454 1
3982 23
5288 43
4320 15
9488 64
2530 37
8312 20
3718 52
590 7
8157 35
7271 16
1261 50
1053 69
9326 51
3553 58
7481 3
9347 3
6592 4
2922 40
1859 56
9774 20
9514 12
9149 41
9297 30
4307 5
9266 77
6786 57
2391 12
2711 75
220 18
1365 42
1415 65
8574 41
1698 16
4290 27
3372 39
3766 73
3057 39
6978 66
3847 20
3338 32
5216 65
6286 67
380 70
2573 12
3901 47
6470 72
3126 20
4832 23
2998 33
6288 24
4924 33
2888 67
1983 12
9539 50
5580 26
8710 45
4332 66
7462 64
3410 20
1900 59
3555 32
6144 23
3414 1
5580 48
8280 73
1700 67
4682 25
4488 53
3650 77
5469 77
3208 19
2914 15
4256 38
5548 54
2464 75
9298 45
4602 71
2039 43
210 59
3641 57
6715 61
4952 32
5491 4
4138 68
9395 32
664 55
4016 19
7991 43
9614 16
9204 24
7188 31
3083 22
818 57
4920 40
6131 6
193 53
9198 33
2606 68
1645 37
8277 35
6848 71
1108 4
3201 79
3139 53
9415 20
5506 74
2708 66
8090 9
4632 27
2134 18
2394 55
7172 73
5119 41
3048 18
9057 1
7998 39
9443 7
1443 41
6237 42
9969 33
3407 5
5051 65
9130 58
5064 60
3427 47
6415 46
8281 66
6636 25
1663 25
2495 30
5387 10
2666 20
5478 68
7406 24
2503 9
1445 18
8722 40
4830 31
5668 43
6067 48
1544 58
6349 30
6465 58
2131 73
2718 37
694 12
9897 7
4682 14
3284 34
1858 7
8265 63
1142 44
8076 34
3313 26
624 40
4571 44
6194 0
1339 40
2810 3
6015 44
1314 49
862 0
4849 57
6684 24
8589 37
1008 41
1935 64
7774 53
8264 53
6454 53
3331 53
3139 18
6989 52
4556 15
3609 1
6124 71
5402 49
7229 14
5544 70
2534 7
8526 1
4797 50
6095 33
4216 79
8109 22
7504 36
2013 7
8446 54
8299 76
911 71
3632 57
6303 61
2434 72
4663 43
4069 18
1828 78
4645 9
4255 6
4949 5
765 47
5137 9
2983 11
1967 1
6498 77
1566 59
9318 5
535 79
6282 35
3528 60
3310 58
9531 48
2878 66
8401 19
8324 10
7982 33
263 72
115 2
5630 46
2317 24
6251 11
2021 36
3167 43
4316 70
4343 45
6507 79
6889 63
8314 4
5029 7
6668 1
8173 64
4867 8
608 47
3984 37
3526 2
995 63
5528 52
5863 29
9244 31
2054 34
1983 62
9037 70
4941 62
3501 67
5793 17
788 41
4642 14
6576 14
3881 24
2167 54
4585 25
903 58
1662 75
6085 8
3863 19
4033 39
8210 11
4802 37
1886 27
6897 48
6735 51
3567 77
3743 55
4576 24
8105 54
4409 40
3568 57
6948 46
2339 69
7684 10
4278 13
5651 58
1094 24
8264 1
3195 42
3398 31
9997 33
6079 18
5241 79
9905 57
4048 14
6184 17
4970 53
9012 46
2706 22
9936 72
8312 64
201 31
5259 72
315 12
8387 64
2186 69
2012 1
5060 44
7761 42
9817 38
6235 52
9885 19
5254 17
6804 79
4304 33
3880 52
4593 33
3775 25
1905 16
5668 27
4291 15
2872 38
3083 37
5935 79
4323 44
4312 34
3749 27
1230 4
1538 17
4882 20
2365 75
4709 19
5172 34
7305 28
4765 68
5388 33
2473 77
6381 52
4167 2
2715 31
1233 73
743 49
3668 24
2295 22
3803 9
1159 49
9620 23
5201 72
6674 41
4459 61
1749 39
5845 68
6433 61
7101 53
4276 43
6680 64
7404 6
3055 8
1617 31
8760 14
8805 46
6061 59
6437 27
8799 9
7489 56
8756 15
4111 30
1280 7
6128 35
6059 13
5062 5
7754 38
9698 38
172 42
2379 19
3712 32
1753 3
9929 21
8490 25
5250 73
6670 21
222 70
3392 61
5398 13
7514 19
150 79
8128 20
429 53
7615 77
1615 12
7608 9
3054 32
5448 27
2662 4
4425 5
704 12
3608 35
4416 7
2219 39
1826 44
7830 50
7087 47
5848 27
5544 32
2415 47
3852 33
3034 37
8568 50
7752 76
4744 11
552 4
9797 53
3600 22
3658 37
4447 49
7321 6
2745 2
9577 2
3318 79
9783 29
346 48
7606 46
1760 58
5671 10
2799 10
4715 78
8696 74
3795 57
9510 35
8489 5
4432 31
5378 0
1903 9
4700 75
6997 52
6276 78
3471 36
1093 21
2309 61
7816 60
8426 71
5424 50
3173 27
192 61
5582 76
8713 74
4049 68
1568 79
9990 10
4596 79
2892 77
7659 24
9836 48
7945 45
5913 18
7173 59
1611 40
3549 11
7741 42
7300 3
8427 7
1524 24
3585 69
6102 21
6726 41
7119 1
6671 63
8670 47
3346 23
6322 23
9071 76
9793 61
1124 50
1588 43
9104 27
2965 0
8580 7
4974 52
3562 22
8649 7
3438 58
6720 21
9677 62
8031 40
3535 13
4798 10
96 0
8705 68
6096 72
3102 8
2967 36
6105 72
9229 63
2255 34
7757 58
9864 56
3306 34
9017 32
8939 45
4610 5
7650 70
5252 55
8825 66
932 70
246 62
6766 70
1396 7
9284 47
8678 22
7079 4
6141 70
6752 14
2381 51
8710 53
4158 17
9709 10
4220 6
8802 20
2945 69
9256 37
6734 56
5257 72
5905 41
1447 73
3656 29
5135 32
6878 61
9994 60
593 19
5418 57
3955 77
2053 77
1564 1
5649 20
9600 30
2164 22
3951 74
7117 18
252 61
5351 10
4777 41
7711 74
2468 5
368 70
1443 69
4441 31
1178 7
8388 17
5158 44
552 12
6228 64
6951 45
351 8
4032 25
5797 24
3093 37
7082 79
6649 69
9699 47
1875 47
8522 12
7538 75
129 1
4130 58
5190 73
7459 63
8264 49
5176 62
3367 71
8424 48
4494 62
7894 32
8497 66
4632 69
4770 18
3453 12
6480 31
4957 66
4934 79
5954 43
6689 46
5110 18
5549 2
7108 77
6886 10
6457 59
8104 50
2405 29
4958 69
470 15
9605 0
1579 2
9378 63
1148 7
1426 6
9173 25
6125 46
6452 24
7712 10
6936 78
4316 37
2438 15
295 10
6942 34
2929 14
9722 38
7026 14
9358 51
2429 65
9643 79
3320 58
9660 73
6911 13
5369 37
6161 75
2230 4
265 12
4385 64
792 39
2149 33
7531 1
4560 47
5535 48
8094 4
1112 26
40 13
2423 15
7447 61
2445 79
5137 46
2389 42
7822 69
3085 35
7323 16
5005 48
6856 79
4390 48
3136 77
6102 57
7438 41
8421 77
7815 5
534 24
9566 26
9067 41
9439 70
2382 74
1359 3
9117 14
7748 69
5209 23
1929 32
2333 65
5034 52
2259 14
661 38
1589 78
3088 28
9550 10
8798 20
3971 61
369 18
5763 49
2192 36
5778 2
2139 19
5603 16
7235 24
7729 22
5218 57
6418 34
4276 63
8004 17
5937 5
121 56
8500 63
5107 1
53 4
9451 0
5607 74
5782 17
2410 77
514 49
7204 43
4936 53
4558 31
3679 26
3868 8
2701 42
2187 37
623 8
1759 31
1302 40
6628 19
813 14
9387 74
2284 65
6484 71
4902 28
7401 61
5211 1
7781 75
6620 26
1089 4
1879 13
8418 15
8891 43
9787 72
8607 54
6984 17
7402 77
3554 9
5735 5
4213 6
3254 37
2356 18
154 62
3832 32
3890 21
539 73
2236 31
3767 55
6359 56
3575 14
9456 47
4935 34
952 34
1433 57
7424 49
3685 45
8694 2
8592 77
1022 64
8901 2
298 16
8899 58
500 3
5118 2
9169 1
8508 4
9131 24
8258 74
4789 0
5988 14
4213 58
9205 65
5739 53
8907 20
420 44
8700 54
4942 15
2869 58
5112 44
181 52
8046 75
3769 0
8200 67
1661 14
3400 60
7988 62
8882 18
4909 53
4843 2
4503 57
7779 36
8152 15
1859 22
1996 30
4436 65
8692 47
2985 25
8436 52
1191 22
1274 34
693 58
8423 44
8015 63
60 29
600 62
5713 18
8281 78
9256 50
8191 72
4514 58
2874 67
4104 25
6185 32
6543 21
5974 52
8232 73
2477 61
8512 60
7060 67
3134 14
4888 45
8503 49
6584 45
2192 66
1206 9
2307 67
7758 7
7633 38
2466 20
417 55
2560 33
9550 71
5568 10
8718 49
1345 36
9181 11
4187 67
1643 43
8236 69
1416 3
6518 31
4114 11
9388 49
4381 57
522 24
3546 63
9428 1
5993 33
2181 69
94 33
4290 69
6474 9
8164 51
729 52
6404 74
7619 26
8819 76
9978 70
2364 38
7577 6
9566 17
6926 31
9280 40
1984 26
5622 17
1971 62
3646 27
5919 59
5594 2
6555 32
518 33
8394 58
1729 52
8160 74
5880 57
7546 50
6826 3
238 60
7066 11
1439 6
5529 19
4647 45
3913 24
1359 37
9966 52
842 67
1246 60
8941 24
6475 29
638 26
5823 46
7221 16
8828 66
4922 57
6355 44
6710 26
213 63
8924 35
7816 65
9957 60
7683 44
36 49
5306 33
9399 71
3889 57
569 10
5832 73
7625 68
3543 33
7861 60
9066 1
7128 9
9004 24
4878 66
5024 11
1397 67
1201 79
4327 30
839 3
7470 59
4708 12
5171 13
3325 14
6748 3
3159 68
1189 72
1956 29
2740 72
9675 51
8491 15
2011 9
5074 63
8480 0
1067 13
7303 6
830 41
3190 28
2666 9
6071 2
4205 17
1952 49
1109 64
1715 4
4545 58
31 68
8598 78
3921 15
5019 3
502 36
1301 68
4923 30
3245 52
7475 75
4112 64
5816 23
5047 48
5797 58
7048 42
2074 42
6700 51
5095 14
116 18
3893 65
1242 52
2990 79
2808 37
7576 79
495 1
1656 77
5644 71
7203 67
2524 7
4685 67
375 72
8522 68
8959 56
2202 54
2318 33
153 19
6710 36
443 5
1502 69
3150 30
1558 35
927 24
3460 50
1659 57
6837 71
1632 50
8689 47
9192 36
8420 77
1101 48
2335 30
8477 58
7589 42
3804 25
6735 41
8918 61
8032 31
7378 45
8177 38
2327 77
2331 22
6682 9
8628 52
200 0
4669 52
9883 47
1601 12
8755 72
699 39
3097 32
7570 35
8568 66
8827 72
6769 3
3535 20
1887 3
7511 40
3630 12
8983 41
4560 11
6890 3
4345 40
7524 65
2675 67
4222 49
542 45
7700 40
65 16
9915 34
694 12
5479 67
8255 79
2434 79
8671 49
6556 3
8148 57
5902 62
9491 15
1785 15
5005 30
7731 28
7039 37
7663 12
3578 11
2012 66
7074 29
6661 70
9495 70
3150 18
3361 73
193 6
8734 78
6632 8
1831 55
6500 59
4428 29
3377 11
7573 44
9369 67
8684 24
7496 59
3950 58
5565 1
282 59
8777 50
3161 75
3379 69
8890 14
2850 5
4875 37
2792 9
9533 21
1130 34
1043 21
1102 0
8953 41
1597 33
8438 38
7316 7
740 33
5640 37
4546 41
8671 54
1983 14
7612 58
9105 44
1962 61
1210 56
9373 70
4768 5
1657 9
4803 52
4387 41
3731 38
8600 46
517 30
6103 79
8708 8
5956 44
6775 65
7033 74
4643 49
3809 43
3868 60
8535 42
6613 48
4951 65
8998 11
7051 71
2840 29
7447 40
1543 70
8732 50
8050 28
1523 42
7206 58
8173 10
4132 56
5981 23
5209 3
5821 50
6001 58
115 75
9332 68
2128 45
2993 17
7110 75
3949 43
3651 21
2462 40
4068 22
5528 47
9197 12
1504 21
5722 37
9509 19
6162 3
8812 6
7288 28
6620 50
614 65
7330 3
8482 73
3259 2
796 41
6216 17
2092 34
9037 51
1551 71
3102 59
2651 57
7363 79
7427 49
7018 40
1000 25
374 9
8364 23
2503 58
9786 71
5492 0
8127 4
3136 26
302 67
165 11
9147 61
5129 79
1843 54
4767 27
1841 30
6923 22
6659 36
2443 46
5115 2
4097 8
6364 57
3034 24
3244 10
229 25
8995 77
6482 41
101 2
5103 20
7947 18
3337 60
1675 65
1580 34
5123 66
5699 51
6467 22
600 2
918 67
2084 46
1271 77
9086 47
7712 36
9837 67
6518 26
6466 79
627 15
4117 4
8481 27
2389 64
5639 7
7502 30
9066 40
9373 27
4353 25
2453 22
2493 68
7334 51
4503 28
1227 75
9452 26
5054 36
3171 51
7265 41
3506 34
3784 6
33 7
3524 18
8173 11
167 8
3401 47
4197 36
8855 64
7840 55
503 73
6872 71
897 54
878 23
9276 48
1088 78
9484 57
276 70
6332 38
6312 51
7926 68
9543 29
3594 40
8182 60
6023 55
8488 16
7512 63
2142 10
1437 0
3333 27
8760 27
6442 23
450 69
9741 52
6242 23
6851 37
5575 22
1279 62
8448 10
1389 3
4312 61
4454 17
6142 2
7236 57
215 79
9577 4
4094 40
3660 72
8252 57
6417 54
1551 48
4031 12
492 37
3999 46
8806 7
6660 60
4617 37
6868 16
5887 69
3312 38
6362 36
2166 56
5873 11
9015 5
1769 74
7535 14
7544 20
3955 61
1395 38
6873 49
6743 37
359 58
1683 19
249 14
4 30
3536 54
5339 37
4582 9
2780 40
1108 34
2307 59
1759 32
4280 6
316 42
2535 60
3627 45
5967 70
7623 35
6552 60
1064 34
9155 15
9326 14
6238 54
8137 60
480 34
6805 36
8045 64
8099 17
9106 75
3527 41
8089 44
8278 4
8932 31
7623 11
30 19
4055 14
8273 77
9945 33
4000 26
2004 20
4503 31
1773 30
7255 78
6621 21
8062 56
2019 45
7658 41
1291 75
7209 20
7495 4
7471 12
4379 7
1123 13
5683 67
7839 5
950 54
2572 34
6961 68
4290 40
9131 32
665 15
2271 58
9421 55
1676 53
2318 41
6781 19
4023 60
6482 64
216 65
5992 56
7750 11
7795 22
9321 62
5946 74
5372 67
580 69
922 37
4679 20
9634 43
6358 55
8222 66
2126 29
1185 7
9318 46
8621 46
8035 20
7222 17
6724 23
6299 57
5061 36
1896 2
2023 73
6989 78
9762 16
361 72
5998 21
3728 3
7228 37
4391 79
3538 5
3452 56
193 60
5616 59
5507 62
2204 69
9693 22
8272 25
121 48
1291 78
8094 32
4047 51
7562 18
5015 32
4636 31
6092 42
5596 24
3330 35
5473 19
3588 60
1224 15
7884 71
3320 21
959 13
9721 13
6622 25
6338 26
2098 47
190 67
9085 77
8548 79
372 44
6937 60
5440 34
8803 12
8172 72
4405 61
5838 35
6435 36
3112 49
3548 37
7469 34
6511 17
5606 17
6227 76
526 77
3702 73
6778 72
2244 69
1314 11
8980 77
2496 52
6603 45
5472 13
9226 22
1437 42
6545 75
2056 79
7667 57
590 43
8726 32
3907 22
3688 50
1466 2
6938 6
6378 48
9743 9
3567 19
6439 51
1273 73
8395 65
4477 27
3100 68
106 50
4995 22
7982 4
2517 52
1102 42
9023 44
7549 15
4831 20
2472 71
3424 21
4190 9
8016 50
2580 11
4545 41
3103 25
9995 52
9257 65
2917 60
5021 29
4918 44
4737 78
2556 61
5930 50
3439 51
3053 34
554 19
9224 75
9891 47
9925 23
5815 48
9789 70
9069 47
7187 62
9331 0
3999 61
2111 11
4979 38
1977 72
5333 0
8364 6
5612 39
8882 41
4441 44
9069 14
1908 16
3156 59
5909 25
861 72
1304 14
3797 68
8723 21
8305 6
9360 6
2318 1
2816 12
9600 66
4123 24
9941 73
5493 65
7647 34
6031 60
9188 79
1989 19
4291 68
5231 69
1100 30
8351 43
76 32
6379 2
5556 44
333 10
3717 43
5530 58
6592 73
9988 61
9224 32
3755 77
7690 79
225 58
3668 6
2870 23
8765 1
7349 34
9246 63
9033 30
2296 13
4924 31
8488 36
5262 1
8121 12
3399 53
4804 11
1597 24
6103 47
8892 2
4307 19
823 56
9947 17
1245 47
427 69
2132 46
8972 57
3385 62
2897 18
2544 1
4745 38
683 60
6872 57
9607 66
9741 3
5334 30
3396 63
985 28
3937 2
8498 21
3948 38
8976 22
8214 19
50 76
6407 9
4727 78
2818 44
156 6
7721 76
8561 29
9015 63
4009 2
7388 61
8922 7
8377 41
9247 57
8698 71
2381 57
9970 78
3741 76
8363 60
8271 27
1545 32
8887 24
5945 72
1854 30
2034 39
2046 35
5142 35
7148 61
3845 72
4352 78
4593 12
7154 61
9474 32
6316 2
1916 16
4546 14
8304 56
2961 69
2432 50
1377 25
9713 64
7770 52
9169 18
5203 33
1147 69
4468 56
5966 25
8502 68
2309 61
7718 35
6994 56
1216 25
5474 55
7152 49
2952 62
5502 34
6773 29
8316 73
7382 1
7291 25
9467 19
2087 28
1992 1
313 36
9450 7
2625 66
4701 26
2129 2
2712 33
5810 49
1314 64
1545 77
1561 2
715 71
6620 34
1978 23
4006 70
9359 77
5377 25
6190 15
8362 51
2021 4
190 71
7005 75
9143 26
8914 57
9626 59
844 13
3352 67
3149 2
8252 57
2602 64
1360 2
2053 15
1249 4
6709 26
3547 38
4782 12
3798 38
158 25
4182 38
409 27
708 52
2569 40
5822 4
8103 76
309 28
9747 73
1231 59
7200 7
2213 55
9413 57
6316 51
1596 62
2815 73
7419 33
6669 25
8548 14
7596 46
137 32
651 41
6179 28
8523 77
4446 20
2147 38
2647 41
4129 54
3450 32
5035 46
3571 47
932 69
6337 21
4222 8
6941 51
9968 30
3698 27
457 39
9722 67
747 16
5503 70
8320 22
9269 23
2796 53
9042 51
5142 59
9004 34
3078 14
7186 58
4080 70
6021 48
1316 40
7892 43
793 64
5530 55
1840 43
7067 3
3613 46
7696 24
1852 39
7922 22
1245 78
1677 44
1108 39
3562 67
3068 71
4702 8
3034 47
9345 5
6733 42
8958 27
9858 48
3482 30
2975 68
862 29
2175 1
2847 60
495 75
4142 0
9607 5
130 38
8562 79
2983 64
4024 73
9432 45
9074 72
5524 68
8482 51
135 77
5231 76
3711 28
6657 22
2755 27
8103 23
5710 50
9906 75
458 54
6990 18
1562 43
5610 23
9949 55
4064 62
5480 69
3377 42
1093 67
2764 40
6095 73
8574 75
6500 21
6236 69
5413 23
536 30
5172 38
4909 68
6637 78
6730 32
887 71
4831 48
6409 51
8488 23
5896 51
2049 45
9640 38
646 20
1719 48
8703 8
4428 19
6960 18
8105 76
9708 74
2230 44
7026 70
7437 49
4248 35
6182 17
7845 62
5216 19
2149 0
5221 26
8703 52
2785 46
623 70
6066 8
2448 26
8527 42
810 6
1367 73
6038 78
6452 9
5835 10
1282 35
5704 5
8852 5
8756 4
1746 54
6052 16
8639 36
2296 67
1047 28
363 11
2447 70
485 46
2182 26
6625 59
1623 51
3425 24
3908 30
2221 46
1007 30
5179 29
6045 64
3504 44
8637 6
3869 49
6663 67
2849 73
6825 18
419 69
8644 3
755 66
1274 66
6790 67
5525 5
5359 13
7377 51
2033 79
7824 12
2212 11
5669 40
3653 37
7503 48
6191 8
4960 67
9489 15
6201 70
8503 7
6970 76
7613 30
2861 77
4091 23
5310 54
147 14
4625 76
5326 66
6226 62
3545 4
9046 71
981 27
3761 13
5692 17
4709 9
9431 61
7907 51
4011 61
5600 9
5747 32
7338 28
3823 46
2367 55
6125 21
4577 28
1277 65
9650 45
5292 22
1623 68
366 45
3616 32
9765 41
2944 12
7043 21
1280 29
4153 44
8351 24
1995 36
5390 78
1301 23
4962 22
4515 32
9089 37
9497 31
854 12
743 9
9179 45
4094 47
6326 75
2051 40
8199 46
1344 78
7675 16
9222 34
5242 23
5464 13
1570 31
709 69
220 52
7260 40
7540 56
9544 40
783 7
231 66
3150 53
8811 76
9220 47
2716 75
4268 7
926 30
5801 6
6565 43
9696 45
375 68
377 28
4996 6
4377 78
9226 77
7184 79
157 71
4844 12
5502 20
905 53
2106 70
7409 65
4214 11
7645 62
5183 4
3614 2
7201 18
7971 68
2768 28
7771 17
6437 79
5538 11
2559 18
3310 68
5673 68
5700 67
6553 5
427 33
7188 46
3014 3
8419 61
6689 36
516 33
7244 62
3146 47
7412 68
7397 47
8772 31
7775 54
909 3
3252 32
1055 14
4223 57
9416 44
5930 73
8411 26
7645 10
6133 5
6154 7
5626 14
8332 67
6935 44
380 66
8897 30
1163 40
1192 44
3166 12
6758 24
1954 9
9250 39
6801 17
1993 54
349 14
6264 58
2858 23
5008 72
2092 75
7576 30
2789 13
1840 44
974 44
7569 51
1070 13
5612 24
3369 7
1902 36
2761 43
750 27
8439 14
5381 7
240 69
9299 65
3105 28
5566 44
1103 34
1871 30
3633 21
3797 43
8681 37
9153 47
283 8
4155 40
1313 58
6638 46
136 62
6410 16
1196 53
1707 61
9963 41
3026 43
1230 7
9153 7
9791 72
3982 74
6655 58
6650 35
3080 31
5045 71
657 66
7265 67
7809 1
9582 25
637 59
394 62
764 8
514 47
5400 47
4790 75
6770 72
8079 66
3053 63
3964 40
8650 17
7923 53
639 55
7101 12
6756 60
5717 22
4487 60
3868 43
4324 75
1485 60
7895 31
8409 47
7030 26
8997 40
1442 56
8270 65
8798 50
2764 54
9291 77
1660 15
5169 34
6277 59
6526 11
3159 69
6014 38
2089 38
6804 41
1753 23
1963 50
5761 64
419 74
4235 2
7854 54
2595 62
6784 56
8542 16
871 41
3529 75
2898 11
1636 50
3626 31
1280 0
8787 34
8968 53
4358 52
2459 30
3262 39
3956 16
8621 0
5409 0
1802 45
4037 66
2908 67
3746 28
2371 50
5288 54
9932 7
3676 64
9370 63
239 0
7775 67
8002 70
9014 36
7794 46
5421 68
1802 34
1141 31
3989 57
8838 20
4747 64
4213 52
1156 3
5875 69
8497 41
5737 19
7448 57
6687 36
1666 44
526 54
5869 64
230 24
5982 22
2253 2
1814 26
7452 17
2813 77
8201 67
9946 64
6182 75
6502 46
8150 18
3679 54
5608 74
9432 68
3417 32
9359 75
3256 78
3534 34
2163 74
8623 40
1346 14
4443 21
3264 4
993 14
9297 14
7235 4
5517 16
5257 26
5899 43
2962 66
7265 6
8241 3
5587 27
8370 8
9845 43
1067 72
6526 79
7486 77
5595 76
5060 51
5562 2
3206 16
4270 33
1867 74
6238 56
8861 9
4541 76
4141 42
975 34
8014 77
3965 9
2866 29
2950 7
291 57
5465 62
5313 3
3372 58
3874 68
7215 10
4972 25
5511 8
1077 15
1768 7
7467 7
3411 24
685 37
8241 57
9822 59
6254 43
7042 77
6102 46
8232 49
4096 75
8651 37
9359 77
5393 44
2036 61
8844 38
7925 57
7075 11
1185 65
8090 36
7443 61
3276 71
4667 46
5881 13
3358 48
2677 1
2379 56
4956 55
553 0
3920 54
954 76
8336 19
5582 72
1541 28
6746 0
5301 46
9485 75
189 52
7627 5
3214 61
8011 40
2074 55
2547 70
5867 14
4588 54
5774 59
622 56
866 75
9273 23
7722 45
5689 42
7901 71
3340 54
4845 38
1150 4
1292 16
3028 58
6838 25
5135 57
669 77
4054 51
9760 16
1350 54
1132 64
1357 74
7260 51
6233 3
8813 67
457 34
859 18
1240 78
6236 60
5058 59
9403 40
6368 21
4493 74
2716 27
681 56
2622 26
8849 71
1944 69
9783 49
9471 14
893 53
3078 20
3199 60
6141 56
6675 19
6694 14
7917 10
9334 45
8763 8
9406 34
1193 56
9006 8
8333 68
1057 60
4134 44
3217 32
6529 35
9160 46
6866 39
2959 22
7569 11
6075 38
4624 18
9692 70
5416 74
1598 61
4847 51
6624 51
5137 59
8536 67
5716 7
7692 28
7191 79
8435 70
4001 55
8366 44
4137 22
9407 41
829 37
7830 51
5161 69
3587 63
9578 61
405 15
2224 47
6175 79
7123 54
4309 8
5307 79
7728 46
6047 64
530 13
1989 57
2911 11
6546 22
2896 41
7353 46
3352 43
7684 11
7720 34
44 54
2340 19
5456 30
2555 6
8168 53
5267 12
2787 56
7773 29
23 72
6108 62
8822 57
6430 28
3917 23
2429 39
5695 32
9642 14
9286 19
3574 51
3425 66
6877 74
1507 6
583 3
6420 0
5797 50
9518 7
9280 7
7396 67
3712 63
2279 5
234 7
230 33
2752 72
8627 57
8122 3
2905 7
2677 41
9349 54
4473 72
3582 62
9554 14
4418 42
5943 27
7959 72
967 23
1783 28
378 13
3733 65
9142 51
5089 61
163 55
7589 48
3887 39
3534 73
5059 77
3437 21
2098 69
9890 69
5810 77
4339 74
7682 8
5451 16
1944 14
9875 68
2237 52
1036 52
9629 35
7529 33
2322 40
5267 35
2329 8
7936 26
5425 29
6324 44
4868 49
6189 48
59 5
7879 69
1174 15
5163 15
6543 31
1124 16
5348 60
3840 79
7525 63
3748 40
8778 27
6577 48
5190 24
2112 2
8605 43
4531 43
4800 67
5816 31
3365 19
207 22
7479 39
7976 6
5910 53
6890 61
9985 33
7337 76
9598 44
3829 27
2103 10
1855 45
2845 47
3871 17
7218 6
135 17
7329 78
2459 43
5123 33
8895 58
9103 17
7237 32
4834 49
217 66
9483 62
8968 16
5105 73
8124 79
4576 66
1103 69
6006 49
3151 1
6333 68
4934 20
3293 1
1288 64
9601 6
5368 27
3672 69
2665 48
5811 5
6508 18
3885 71
3875 78
5138 6
2057 76
1236 57
997 17
6346 57
8492 69
6227 74
7551 76
9950 40
3622 35
6872 14
9415 56
1616 6
1610 6
9446 56
6334 28
4468 17
5337 25
3789 18
7672 39
3420 49
4849 17
4822 33
6019 33
4560 73
1150 58
8183 51
5880 63
7584 67
9263 79
2996 18
5733 78
7145 54
6973 49
1168 79
9913 37
4145 65
9471 44
7318 73
1930 53
3826 62
9988 39
391 6
5612 58
1691 18
9031 50
8132 55
2899 24
7398 25
276 71
3149 69
6396 48
1566 44
7808 27
2133 40
216 42
1262 76
7328 59
1687 28
1901 11
2111 53
6641 2
8204 27
6950 46
5410 14
7511 15
674 72
4590 44
2587 54
382 49
455 48
4648 38
4433 38
9972 77
2533 72
5930 23
6174 34
3810 19
5384 3
7621 68
4674 73
521 78
6145 59
3533 13
5584 67
3310 66
9915 69
3546 11
8390 48
2847 62
5382 31
4312 18
9438 76
6506 42
2804 51
1411 30
7480 15
7331 23
6966 51
7926 23
1601 23
8198 67
5363 28
9690 63
9735 30
1843 68
5396 5
530 48
3973 72
6686 74
3683 47
8123 0
6706 35
2967 15
3654 20
4475 78
5748 38
4853 39
1281 25
2119 4
6368 52
6474 2
4030 62
6836 36
8839 8
7219 23
8764 42
8079 29
4220 72
9985 25
9606 49
6392 6
6423 37
5470 51
6559 16
8958 31
6773 38
4780 45
1516 45
5303 4
8779 18
3958 22
8644 41
4446 11
9199 52
9480 41
7542 15
145 2
8917 6
6888 26
1423 68
3157 4
6069 25
3292 72
1652 38
5670 51
9783 24
491 10
6008 79
5750 12
8876 75
6557 68
1824 34
9851 8
6 63
9068 17
1457 58
5068 71
19 16
4503 72
2382 47
2839 20
8678 32
4217 8
1669 50
9259 69
5032 15
5258 77
4801 45
196 42
87 51
3218 11
3786 53
1108 75
6301 47
1548 31
4441 42
667 60
1194 45
928 35
5269 67
6132 43
9677 69
4739 9
8529 5
3888 61
6304 70
6141 60
6688 10
8181 54
2746 42
1912 52
4721 60
5910 16
6120 68
9124 64
7697 41
8510 0
229 50
1791 11
4183 45
4984 22
7970 44
4743 57
5024 13
4185 59
3819 21
7841 73
9340 8
4793 34
4794 23
1770 18
1827 54
7301 25
3864 57
1443 23
6838 42
422 7
8729 74
5744 37
5937 18
5358 13
8837 20
1600 34
5050 3
4484 55
7239 43
7269 45
1819 63
3499 26
7134 62
8099 50
5865 0
4816 69
2091 34
1817 37
5127 60
4948 66
7926 44
1611 35
7234 1
4522 67
6735 21
1556 22
742 39
4920 23
7412 37
2158 79
9616 19
6080 52
3716 42
1914 76
8125 0
9253 44
7035 63
5529 1
3591 21
6331 58
6864 72
8898 48
7822 19
6496 67
6433 50
6078 67
8883 6
2203 8
9154 53
4868 46
9496 17
4462 48
3366 35
4776 16
7575 20
5335 64
6988 8
5904 48
1376 7
1228 4
7766 9
9104 49
5729 62
5185 36
4151 71
4509 48
6535 68
7187 2
7200 11
8086 34
7522 2
1664 24
714 25
2657 41
9258 23
4690 77
9025 15
7771 30
8426 62
8731 78
9851 4
2298 69
5625 77
9997 38
8882 27
1765 61
783 50
9230 56
1761 63
1804 79
8678 38
213 1
8526 39
7141 44
3869 11
502 41
3221 1
6742 18
5705 63
6958 64
4858 7
2137 69
7776 73
5035 19
1194 79
1105 39
6695 73
257 70
6175 52
6250 18
7724 25
8625 40
7105 48
313 58
7039 0
496 52
8811 4
9947 29
2079 43
4690 44
5265 27
8101 4
3241 51
9483 46
7724 28
617 33
8840 76
684 65
3374 7
8400 33
1851 49
3536 6
3499 20
1201 57
3082 27
5013 8
8809 57
3001 11
1665 73
1939 78
3260 51
528 64
5628 39
2727 22
7330 9
6857 60
6019 57
9796 57
5027 61
5704 78
3097 14
238 60
2922 44
1088 79
8627 31
6239 58
6464 43
6909 32
9861 46
4981 44
6728 74
493 78
2131 58
2512 51
8329 66
5221 63
2295 7
5801 74
5585 72
9608 52
4703 24
3821 6
7542 73
2467 55
4549 23
4436 39
7888 30
1739 12
2010 8
2902 70
5656 55
4074 17
1252 76
7846 55
9178 49
520 15
640 25
6251 70
3244 18
5649 56
7127 68
3054 43
7987 41
8184 25
9024 41
3908 24
952 48
1443 7
1328 78
4530 23
3596 76
1945 51
3259 6
9784 14
1632 73
3568 8
5656 10
3411 60
5472 48
7111 25
3040 79
5249 11
2560 34
8774 69
4233 36
3050 30
1501 27
1257 53
8599 50
1133 34
8129 50
6722 74
2989 60
2566 62
378 69
9406 1
7224 46
6919 20
9155 63
6224 16
7849 32
6329 32
4433 20
5287 40
4192 34
3075 69
7879 65
6851 3
7614 15
4947 69
1691 46
1553 68
8592 28
2921 39
4511 13
2640 76
3329 71
2311 16
562 10
71 48
3829 26
2865 13
6798 58
3443 22
897 7
2951 20
4618 30
8576 7
7223 27
9264 56
809 15
5127 75
9007 13
6589 20
5363 17
9300 66
8802 61
1548 44
9960 2
756 55
2569 7
4981 65
8574 9
835 61
6567 47
9552 43
5468 73
6854 3
1872 37
1826 46
284 45
2820 50
5388 48
267 24
1830 59
4520 43
7366 68
5377 62
4063 51
6000 43
9831 62
9560 36
765 31
5515 40
6915 36
4736 36
1164 34
8585 18
1375 55
6446 35
4903 43
3397 37
7257 34
5516 1
9697 1
134 3
5863 74
4169 23
5375 21
1103 61
6701 45
1452 72
6725 69
977 56
8844 69
9572 50
7540 5
6941 9
5386 52
2564 76
6042 53
2381 44
6884 39
9038 55
2386 48
2187 38
8753 69
4122 47
1075 40
9929 8
8665 47
3181 57
6540 77
4093 28
3458 15
4653 4
9071 21
8752 7
3626 10
2045 10
3979 2
9417 39
8472 64
9049 45
6258 1
7499 21
146 56
8018 12
7319 55
5060 18
3499 39
1115 77
6218 4
1107 43
227 23
9964 2
7328 65
6523 6
3552 1
6583 38
9848 19
8901 67
5573 38
1411 63
8829 23
8419 61
4635 79
151 11
2042 38
9964 41
5458 50
4915 5
7671 32
3211 20
7582 46
6775 30
9992 66
992 55
9918 11
4136 70
2416 50
5854 36
7 60
7380 66
7549 79
9875 55
41 30
2895 53
5764 19
5566 7
6243 24
9963 73
5485 18
6303 36
6995 59
1358 21
6427 43
5771 72
2438 1
5501 38
735 51
9687 8
7125 64
4716 39
4094 14
8415 34
6852 22
6221 27
9069 72
782 62
6050 11
1624 79
5326 21
889 79
4928 68
6912 43
187 39
3775 65
2533 44
9559 47
635 38
381 58
3156 26
5045 56
4745 38
3979 10
9544 79
4676 58
4559 22
8374 13
5716 7
8522 52
7328 61
8697 21
310 69
7752 1
8195 61
3553 2
5077 41
9170 19
4062 18
8704 76
1374 11
429 72
2528 66
3954 36
4996 30
6366 71
4895 75
9787 25
4312 32
2493 33
1824 73
1681 47
2612 70
3865 50
8010 79
9970 54
6282 18
2071 78
3049 27
9645 75
6225 78
5563 6
6620 4
4189 32
5104 64
9224 51
9205 77
1335 19
5758 6
3526 7
549 1
9724 15
4953 41
4010 65
2336 22
146 51
4318 11
9006 23
2166 28
8569 14
1367 42
8700 74
9621 29
61 37
9118 77
4265 71
8745 28
2457 8
1889 67
7611 67
3808 56
7657 50
8438 57
892 76
7429 8
4359 40
3390 66
6611 28
5902 45
8025 7
5680 46
9603 55
2467 37
8177 71
3717 21
195 41
4757 52
1633 60
9084 11
3726 58
1171 10
1843 33
3733 44
86 12
3360 2
3989 45
3185 78
9004 25
3334 14
448 63
275 67
7649 7
6163 30
2207 20
4457 22
1183 53
5443 40
7594 45
4217 43
1821 13
9631 30
5333 27
7028 17
2106 18
4244 29
2348 37
6628 17
2905 17
6965 42
2282 14
2193 61
5010 17
8084 68
6539 33
11 68
1584 52
5161 23
1345 6
8391 42
6359 38
7655 69
3262 12
7374 66
4342 74
6218 12
4322 15
9868 6
9872 18
9092 4
7340 65
3790 26
5361 53
8272 48
8978 34
1509 78
5625 24
2849 10
1504 9
8697 27
1144 56
4460 56
7377 10
5067 18
7500 76
2667 27
2990 48
5410 2
7118 69
6703 61
8199 1
8317 33
2675 30
8789 48
7769 15
4301 31
104 46
3472 51
3047 19
8941 56
1936 66
3187 78
2583 18
8983 16
4035 70
7396 2
6630 41
7999 54
8987 59
2298 59
3351 34
4348 19
5759 63
1573 64
2704 79
7257 58
417 10
2626 79
9860 75
4977 23
3274 45
3259 35
634 46
5994 2
6355 18
1817 63
6576 23
6181 59
344 32
5724 34
3144 65
8613 61
7445 6
8737 19
8767 64
6538 44
1151 61
4513 68
431 51
6387 9
1548 73
8582 33
1357 49
6978 74
2889 6
2339 31
6650 78
127 52
2913 12
8908 79
1543 5
4013 67
5481 44
6502 74
78 76
3709 14
7536 50
4967 20
801 5
9265 53
6049 51
153 11
3173 25
2394 52
7648 14
4224 6
8562 13
2110 31
264 13
9436 56
