100
10000
4964 20
1855 29
9622 66
5071 60
5189 2
4715 73
1542 14
2954 22
9662 4
7382 4
9099 66
3184 14
5338 1
2259 78
3499 43
1179 15
9963 73
1635 1
9902 61
5026 19
6240 8
3726 64
7099 58
1042 40
5093 52
605 58
4808 43
3475 75
1407 76
7261 53
7593 70
309 15
231 24
4378 5
3177 56
4514 36
7338 61
5805 36
6669 42
6179 34
1629 40
906 73
6636 30
4277 61
1415 64
1069 67
3542 17
2965 48
9075 38
8341 45
5396 72
3946 36
4528 69
8110 9
1394 68
9958 24
2245 20
4533 71
6353 32
2299 71
8890 16
1317 45
6271 15
6292 23
8826 69
3699 13
658 33
3347 38
1787 20
6859 4
1090 28
9924 29
2332 75
4396 7
6925 52
3832 63
9576 34
3797 21
2651 53
8902 56
8776 10
3852 58
1220 37
7866 79
6181 30
5864 23
421 5
6508 70
6125 3
2487 45
4956 14
9967 6
3797 57
8074 1
455 6
8160 70
9755 25
3409 22
4732 42
2984 3
7650 22
4622 8
8759 51
3534 6
6418 78
8900 13
1844 67
4600 35
4953 24
4023 4
7757 39
1484 70
4994 6
4726 23
1558 52
5970 53
5358 34
7758 26
5108 27
8365 3
8369 66
6094 75
5906 23
3798 8
3367 37
4900 2
4097 27
7622 27
1799 4
2193 64
9320 6
1283 42
1837 36
9280 17
9877 64
5620 14
1346 1
6018 43
6895 76
8957 26
2531 18
6653 79
6250 70
375 10
5337 25
3486 69
7538 20
7460 70
4207 49
1341 17
2799 7
9447 30
6949 16
9377 66
968 56
5568 29
2845 4
38 15
6848 45
9127 23
3732 40
3837 42
7388 35
3220 76
593 45
6235 63
1873 51
3620 53
6656 67
3526 51
3307 15
7853 4
1436 15
42 6
6025 3
8655 70
8446 36
7253 67
8910 54
6118 49
4626 77
1330 29
6362 72
2272 56
9325 62
6166 50
2779 51
99 20
6811 39
4949 25
7989 76
5246 58
4388 19
5509 37
1244 2
9335 9
6224 51
5635 49
9236 59
1621 74
8867 69
5087 67
7906 43
9611 48
4896 48
9559 11
3300 45
2591 56
41 23
418 50
5057 57
7372 39
5704 52
8802 78
2085 63
7585 16
6483 60
7876 42
2285 40
5857 77
3026 46
2275 16
3390 10
7162 19
5752 37
3301 48
7440 18
8266 32
4178 19
3861 56
2134 73
713 46
2045 54
1918 27
6006 64
8079 47
9547 5
7353 60
8714 6
2850 16
2543 65
1981 2
5882 31
8400 56
6775 6
9212 3
4833 12
2266 40
8966 41
3294 27
7089 39
2243 42
4548 57
543 3
9154 53
9264 3
1732 15
8135 12
3637 68
9655 66
7901 16
2270 67
7033 28
9189 1
1392 7
1208 45
5744 32
138 65
5114 13
9861 25
6445 59
885 31
8755 35
4267 3
6780 5
6493 51
8820 20
784 76
8318 46
1828 13
9607 54
316 37
2840 79
7813 41
2790 55
1343 3
7288 13
8848 25
4128 17
8936 73
5869 55
9059 79
9368 8
2635 67
9269 21
7355 66
8285 40
7494 55
3342 57
3566 69
4505 9
5196 68
2164 15
3028 21
7532 29
1055 52
7146 14
8362 41
9892 46
4907 27
6296 70
2280 50
4030 2
1773 55
2884 49
8366 74
3592 57
6914 79
6967 52
4659 55
5363 74
2493 38
437 45
1650 54
2072 43
6677 56
3390 4
4851 34
4664 40
3454 25
2979 59
83 76
5870 25
6714 42
6619 48
6086 2
4574 46
7087 37
8231 8
3541 42
9395 51
2158 30
6792 19
1840 37
5751 14
1129 18
5187 12
8044 46
4740 78
6019 9
992 8
5808 58
5239 43
8996 4
4568 51
3167 40
7091 26
5974 1
7584 56
1507 16
8845 24
9987 52
8101 8
4007 5
8743 76
2263 30
1225 47
3807 53
2565 39
9077 40
6679 67
5492 5
2217 4
8230 5
2512 54
2002 23
7478 10
4348 69
2782 33
6114 21
7574 71
744 46
6271 25
7940 69
9715 4
3211 51
679 76
7569 68
1620 53
5443 15
8490 50
710 61
7542 24
5143 56
5756 61
1345 65
4791 19
5876 30
7174 43
101 78
1169 55
8663 59
517 33
3713 43
1137 33
1254 2
7436 15
1622 39
2248 5
6381 65
8312 64
7286 14
2139 51
6830 49
7901 56
1357 6
6874 20
3962 50
4152 70
7202 76
1585 44
5620 65
8510 17
5795 9
8806 39
9730 4
3434 45
821 32
8427 13
2568 59
7075 69
9458 31
2709 79
3139 14
5064 31
7216 43
5992 57
3265 67
3278 77
5612 38
8681 32
5413 70
6857 8
2958 59
1668 20
4436 32
5187 53
6395 45
2814 60
4005 50
3648 2
9655 77
3622 78
2195 9
8803 6
7370 35
6916 22
7045 73
7364 70
2174 18
2022 59
9233 52
3274 44
1480 22
9795 15
2362 34
4461 0
7933 54
4221 77
1477 24
2122 1
8242 20
1341 59
8552 3
3352 74
3897 73
1181 71
9255 75
182 63
1835 60
3664 28
2909 19
8089 63
5561 10
579 28
5911 20
8413 1
1004 44
4537 68
6106 23
3819 9
7981 38
2049 77
3902 58
3444 50
4734 35
7042 22
7103 23
8875 18
7641 44
2395 77
4722 34
6325 11
4199 64
3597 69
545 41
4114 22
7029 10
3273 79
7742 20
7666 71
5246 0
5943 35
8785 52
7762 62
2563 48
1110 69
9223 21
5964 34
5336 3
4724 66
3749 13
6611 69
9581 44
1421 50
1675 44
9699 36
9418 39
2650 69
6757 28
1573 6
4754 60
5471 24
6086 1
882 58
2678 43
1952 31
6577 8
5063 75
7839 14
9079 26
5349 40
1314 61
1681 76
432 18
1966 69
3677 30
7581 18
725 10
2243 58
9570 56
6896 26
9128 16
5497 44
6036 43
4431 21
3769 59
8942 44
7070 53
6768 66
9337 60
59 2
6908 59
1540 71
1711 63
2731 52
9360 15
4495 68
6530 41
3372 47
1372 74
2692 5
1695 9
9377 10
2877 32
3227 78
668 40
6446 40
3126 33
5252 30
3754 59
7015 68
1419 3
9506 46
4464 77
25 4
9809 27
8078 33
6564 55
118 7
8148 19
914 52
9874 10
8834 25
3442 66
4859 76
122 33
901 12
9720 57
8544 76
6189 66
121 15
9135 66
9935 14
1088 75
4846 72
3896 1
9002 23
5528 22
3845 11
1425 4
3626 69
8855 7
9012 50
1131 69
7797 66
993 74
7654 68
8561 68
9145 0
5688 23
2131 64
770 46
5915 12
899 0
2684 16
4310 27
1518 44
3516 47
2873 25
1549 73
9706 3
3479 26
9858 7
9487 68
2449 74
5154 49
1298 67
6178 63
8156 70
9010 28
2481 62
3005 58
7080 22
3867 63
5869 53
2142 11
9499 68
6624 39
5613 76
5985 71
6835 17
1430 43
5632 37
1876 24
4750 10
9234 30
3516 40
4287 53
7712 55
6741 73
1165 42
1080 63
6093 24
8449 19
8033 8
3150 16
5352 24
2255 74
3122 26
2208 12
7992 60
3108 73
7371 34
4449 17
4896 67
7922 50
5990 28
98 8
9745 52
3532 67
8900 78
9362 3
382 52
9102 19
7110 55
7564 79
6060 0
9668 19
9947 17
6715 49
3584 45
5276 30
5206 48
9227 74
3002 12
2822 75
9918 34
1163 53
6186 73
9388 40
8740 78
90 5
932 57
3632 62
1682 23
1128 10
2868 9
764 33
7010 57
3695 10
2065 20
7284 63
3171 56
3102 9
2091 59
5326 30
9303 37
1416 51
251 44
2060 47
5286 26
7180 15
3969 61
9506 15
2663 42
2144 59
953 15
6676 2
6303 36
5978 36
9173 13
7611 40
6472 63
3169 13
1335 28
5965 75
7520 77
1022 4
7931 75
4578 28
3099 73
2289 18
9237 18
2666 10
3236 26
4793 57
1256 36
1520 44
2022 16
8494 53
5456 46
5155 4
6395 20
3313 46
7979 7
4109 60
3230 9
2132 34
5176 16
8156 42
3787 15
1409 28
6752 51
2579 61
6591 44
3679 66
7434 70
1174 31
8174 35
5822 32
561 7
3595 18
2631 63
9108 79
1406 14
9366 21
8311 70
4289 50
2731 31
7816 14
2270 72
7637 37
1263 55
6079 16
6137 46
1351 78
9470 28
4706 68
8089 61
3733 30
6536 48
7790 1
4421 19
4001 15
7231 12
2346 5
7984 54
7321 68
3696 54
4636 42
3369 26
7127 29
3352 45
5124 4
6785 57
3319 18
9306 57
8083 0
9222 74
2642 37
8479 62
3672 68
9031 44
6749 51
5462 71
3356 35
7266 25
9389 49
2667 28
1709 8
4491 22
696 32
4970 14
566 55
8382 79
7443 74
8693 56
3945 17
4165 61
3536 68
3031 61
9277 62
206 1
9911 13
6302 62
6785 66
2253 39
1945 27
7 35
163 58
5461 38
5137 50
9024 46
7826 30
505 77
630 46
153 61
4022 14
6682 5
6822 21
7656 71
925 55
5500 19
9684 71
9621 43
7873 29
3328 68
9990 64
100 6
1984 32
9145 48
8211 66
5714 75
5493 73
4462 57
9519 77
6180 74
5174 59
6382 27
7976 57
6177 27
259 36
4254 11
7857 72
1610 66
9699 11
5444 10
5478 22
4534 59
610 1
6439 33
5218 42
2574 28
8197 50
7454 36
7530 20
1486 23
1963 51
514 17
4406 47
6998 23
2344 51
6323 48
4743 46
804 48
8343 76
4417 17
9594 0
8930 65
209 48
3844 3
5176 29
7372 2
9420 30
9990 41
8343 56
6621 8
3314 44
5930 20
5926 77
3384 62
9047 76
8284 14
135 34
4629 28
6055 25
2594 10
4661 39
5922 49
5508 72
5453 23
6174 7
8163 74
7321 74
1475 44
198 55
86 59
4593 22
2431 59
4607 68
3504 34
6676 48
5733 31
9624 55
91 40
2215 23
4595 79
4025 1
9699 1
8403 16
5832 59
341 17
3804 57
8524 30
8054 60
4371 43
9918 6
5471 59
4709 37
7885 15
2923 26
8437 13
4824 70
6328 74
1594 16
9616 20
7180 53
5009 78
7633 76
6459 8
7976 37
5416 26
3468 61
954 29
692 48
4248 54
7189 76
1110 48
4071 14
1012 5
2124 76
1453 56
8040 62
7056 66
3418 41
8093 40
499 26
8986 21
5241 43
3811 25
8328 69
9870 61
414 50
1963 66
2665 61
8365 6
9281 9
6683 2
3953 59
4171 2
2958 36
7353 33
2106 63
7838 65
6380 52
8092 68
2719 22
2744 11
4555 47
3376 56
4914 54
157 33
7378 58
768 52
4224 14
8894 17
4235 33
2576 57
2882 24
2599 1
3453 27
8962 35
1990 73
2713 65
2155 72
4107 22
163 45
7111 11
5582 68
765 3
2292 77
7729 20
4523 67
4834 66
6015 42
5330 58
6693 5
8251 56
8842 33
1215 21
4986 33
438 32
9875 6
7710 8
5499 59
7226 35
7099 27
1770 78
4799 63
6798 66
4271 56
6364 15
6578 37
5991 40
6127 34
2959 58
6576 77
9784 42
5801 54
104 74
5944 50
5608 8
1998 76
105 4
3688 41
2401 27
4721 38
6766 36
667 32
7739 7
4046 64
8656 21
7739 17
2401 56
9904 47
4262 8
428 14
6470 70
4646 52
8409 25
2196 20
3867 18
4681 72
4059 46
1952 26
9400 9
7139 79
2800 25
9141 48
788 14
1200 71
5159 19
1320 35
5715 49
9201 23
9287 33
9009 37
7976 28
3253 34
5163 33
3228 38
2573 17
7647 3
5708 43
4787 0
2441 63
4371 33
4608 1
1985 4
448 28
8421 58
7757 65
6060 79
1775 43
1981 9
4687 31
4041 73
3740 5
6570 65
6388 29
3557 35
4566 1
1542 33
2546 22
851 38
2271 13
8057 63
5371 28
4653 72
1752 52
4281 79
3090 78
7343 7
809 23
1611 44
2257 70
9066 13
7874 54
2227 75
3809 68
9270 28
5645 39
8568 28
4739 70
3461 49
9308 10
4995 26
8612 34
5043 52
8244 61
7552 72
8157 24
9669 3
8681 35
1126 67
3849 50
3907 43
4754 45
1719 68
3698 20
7065 17
8620 3
8777 45
91 46
8511 3
8476 57
8787 73
4327 71
5195 9
8503 45
928 13
5193 49
2918 23
5428 52
7664 75
3618 74
3709 42
279 2
3297 28
7278 70
9584 56
8229 33
4271 67
7836 71
8069 35
3539 54
1431 78
8099 23
7231 36
7669 1
79 38
3114 74
4173 49
8904 11
7596 11
4137 63
6504 73
4290 39
5700 42
7219 13
2190 52
1649 67
8884 9
5116 24
8214 53
7478 54
1775 55
5388 59
8776 9
1801 1
1093 62
1719 44
7194 40
4195 64
1796 19
2158 29
7761 49
6052 40
6943 34
4591 71
7267 63
6615 56
3119 20
3068 78
7599 72
4745 73
7669 10
3519 2
5395 9
35 64
3148 32
3192 25
1294 45
4948 9
5186 61
1752 40
2890 69
1669 11
3517 15
3504 41
9395 79
900 72
5722 65
413 36
4627 66
7172 27
8990 23
6992 8
481 13
3669 9
847 62
3478 15
6510 45
8968 35
6279 30
5818 15
3157 5
7944 64
1726 73
6995 54
9768 37
2404 53
2948 43
7480 43
7910 21
3770 14
6002 57
2738 33
2612 56
388 51
7061 4
483 37
2607 12
1996 38
7589 21
4907 77
1209 6
207 49
4390 64
4595 40
5997 8
1491 27
5320 35
9379 50
2384 61
2332 33
9345 5
4329 14
3856 9
2914 78
6857 25
1730 12
3953 27
9432 69
5093 74
2588 3
7058 75
1635 3
348 63
2666 21
8490 78
365 48
2494 54
2839 15
2317 15
6395 60
8370 26
1633 39
5125 6
3416 20
3579 62
8617 30
5129 50
2339 75
9598 1
9094 62
8627 16
1259 19
4691 41
8935 11
2772 35
4796 20
6105 42
1070 51
2187 27
3117 1
9525 15
4534 64
6088 33
3167 8
2029 61
440 50
2855 38
5369 64
1108 20
67 38
2381 25
6892 74
4399 79
409 4
2719 31
2088 17
2180 48
564 42
7928 59
5173 28
1056 71
4928 36
214 37
1747 73
126 74
4450 37
1587 4
6876 49
1996 43
6433 45
733 22
3480 9
6176 23
7426 18
2517 20
3726 60
8284 19
7055 56
5968 1
7752 35
8966 47
869 76
6375 41
1217 15
4084 68
210 34
820 20
8290 43
861 7
1928 12
7485 18
3861 60
7224 70
4775 67
9198 45
9829 50
6350 7
2366 29
4761 76
1079 54
8407 45
2721 71
8324 12
3566 76
9103 68
497 10
9625 39
2071 16
7270 34
9000 25
4690 47
3013 74
3500 22
5584 14
3557 0
4766 12
6261 27
6881 33
5256 19
8174 32
9115 67
5105 3
2071 7
6383 44
9764 13
4150 28
5177 40
8947 63
590 65
7168 67
7281 10
9330 67
8574 64
4155 20
4327 45
5876 27
4166 6
8723 24
6157 40
1863 36
4328 42
2081 18
4721 15
5798 5
9441 10
5304 46
5757 78
9596 32
7389 17
6534 67
7138 45
5456 0
7899 19
6321 47
8146 12
9653 59
7267 29
7568 47
344 70
3003 16
1676 7
7753 38
695 15
611 7
4578 67
5733 2
488 24
3409 69
9206 77
5402 44
3214 55
1953 23
7092 42
1935 70
58 17
6844 35
7282 75
8757 76
5710 34
7436 44
9618 73
5633 70
2665 65
8432 45
5784 8
8922 50
3806 15
4766 58
3179 22
9786 43
9152 38
4021 68
6054 10
6615 6
579 75
515 51
8795 39
1954 34
2536 77
6886 43
3588 72
2484 5
8416 6
3931 26
468 35
747 19
1286 55
3446 21
2602 56
3295 24
5251 45
479 32
5609 49
5178 74
1277 16
8998 69
9211 33
760 10
5240 32
3678 25
2566 55
2718 65
1007 40
2824 28
3660 58
4715 53
199 61
3265 71
8366 59
8042 51
4816 46
5004 29
2841 56
3431 52
9415 35
6365 44
9866 37
3295 10
5824 63
1926 11
3225 18
6233 49
4433 47
3103 11
5308 26
9 48
1510 26
5713 56
9449 48
3022 23
3050 1
7343 7
6583 17
4300 33
3880 78
1155 55
1553 6
8798 33
6680 70
9978 2
2176 33
2066 70
9519 41
7193 58
9497 12
1179 40
7763 30
6819 14
3303 63
1293 42
8588 73
8896 4
4087 9
8725 56
3169 55
6619 78
480 35
2191 8
2021 62
440 55
6797 66
6830 11
6339 47
5272 69
9530 68
4626 58
7788 38
3148 38
8992 63
3390 10
2295 70
1474 69
4530 22
6950 42
8433 46
5169 51
8024 37
5459 18
8475 72
3208 32
8591 18
8646 52
4613 23
8198 17
7779 12
550 28
5328 22
3871 25
185 61
2692 17
2984 45
4860 2
3583 26
2855 35
4572 13
7113 50
5689 15
5595 77
2877 64
4570 9
3458 20
5734 18
5090 76
3086 15
4514 45
4458 65
6632 46
1236 72
6443 51
1044 34
1019 49
3439 49
3571 46
8165 56
1011 70
6109 50
4445 12
8442 62
2744 75
1100 59
2939 40
7653 12
9490 7
505 73
6001 70
3959 2
866 73
5095 0
2931 51
6253 41
5265 13
332 31
8091 7
3832 7
7301 8
4084 17
2037 36
599 56
6606 41
619 72
986 69
1616 39
1244 72
1237 66
426 50
6036 21
6710 9
9079 22
8369 8
9022 78
8008 23
8588 37
8233 35
8763 73
2152 43
5546 11
2645 54
4026 38
5153 4
4813 28
4587 79
4823 47
673 29
2943 57
9012 5
3254 73
3606 28
8537 59
6910 27
6215 66
2740 79
7397 4
1160 12
9885 34
513 46
4482 35
1442 14
4569 28
5217 30
4983 62
7081 33
8479 43
8206 26
3831 38
1073 47
8741 39
3380 73
9297 56
2389 11
4556 16
2503 29
4797 41
4351 36
1664 47
1565 63
7649 7
3053 17
1724 41
7158 54
7609 44
3594 51
2109 45
1486 15
7634 75
5699 40
9085 35
1076 19
5499 67
1469 4
3798 12
5641 38
1645 73
2412 39
3638 70
1663 51
367 63
7442 60
4586 71
6693 67
2959 18
5291 21
9031 15
5998 69
3843 5
3691 34
517 24
3143 53
4839 24
7947 57
8306 55
8641 54
1212 53
1062 60
7257 42
8217 9
1345 79
3681 24
1220 57
8080 70
1769 3
793 18
1855 38
4156 64
5211 56
8294 73
4519 63
8787 67
2245 32
4899 25
8603 41
621 55
4903 22
9691 68
6066 4
1103 43
4034 48
9629 8
5416 43
6033 76
2815 77
4021 45
6694 66
3089 78
3753 21
2015 70
7384 24
9772 63
4334 13
755 61
9919 4
9411 24
3843 66
9966 56
9441 26
4246 45
9972 27
1030 40
3605 37
5385 74
2582 72
4079 7
862 44
5639 53
4309 39
3901 71
887 14
5148 17
4118 44
2945 23
6399 8
8326 38
4148 21
2013 63
2018 75
9728 44
9176 14
5118 16
6566 72
8938 15
1462 40
9469 38
495 6
5891 25
5264 33
3992 24
8911 55
5789 13
5949 17
8389 20
6535 57
2198 71
4634 72
9572 69
9424 64
7283 63
8309 67
9341 47
5607 79
5093 21
6983 22
9404 15
1955 14
7467 3
7661 65
3968 29
690 34
2761 32
665 13
1842 27
7668 25
6201 57
4018 46
6803 20
8331 61
1348 40
9182 64
4260 0
6373 46
4505 79
576 59
8579 60
5826 26
9002 27
4818 64
4314 52
3603 39
7039 51
595 59
7779 11
2512 52
2546 71
6996 65
9767 15
2356 29
8340 67
2918 17
6600 71
3825 38
915 27
9125 69
7395 54
1575 13
6601 14
2197 15
23 71
6061 10
1515 70
7997 78
1944 0
3138 31
8674 52
2836 56
1719 49
5021 41
5458 69
6665 15
8079 52
6558 63
6246 1
8845 62
2088 12
944 0
5475 24
1438 43
9721 40
1324 23
7031 21
400 4
3483 14
1545 72
2187 29
1539 4
456 66
2093 1
5951 30
8513 60
3427 78
8507 28
6470 50
758 28
7567 9
701 25
8867 11
492 73
5350 51
38 70
7065 6
2540 70
7419 4
3017 24
3031 74
7288 45
9525 50
8214 49
7700 56
3878 37
2259 25
8565 74
1785 58
8878 43
8691 2
2447 55
515 21
2887 10
6977 14
718 56
4807 57
4239 69
4997 58
1726 68
5586 45
1506 9
6773 75
6153 29
5958 21
5004 14
7791 17
3031 32
8895 46
3644 5
6526 37
2665 4
2261 78
686 56
1203 76
6206 8
4559 38
1655 46
8907 3
2231 7
6489 49
8467 6
299 18
3443 53
3393 20
6880 25
3370 28
3907 16
5478 78
5187 74
7091 59
3992 17
755 55
6400 23
5933 53
9535 26
8485 34
9554 7
2852 43
4026 40
2338 60
4106 11
8467 6
3401 1
5919 44
7172 30
9817 27
2568 52
16 67
7960 7
3980 70
6983 61
2990 43
5117 20
3223 63
6857 31
9343 26
9183 47
1101 25
9149 74
8879 62
9448 10
9651 0
888 68
2131 47
7589 3
3454 8
5285 66
9365 1
1594 3
4479 67
9243 46
6461 33
192 8
8421 9
2354 31
1199 21
9869 16
6755 78
4944 22
1544 63
3779 16
5516 1
9343 77
2708 40
4459 70
4587 73
7891 8
4737 6
8928 44
4837 24
4609 21
747 8
294 22
7508 58
245 77
564 38
4296 16
9851 36
3554 2
7717 51
68 34
3347 55
3524 65
1878 77
5696 30
5201 11
2022 79
1664 57
5772 78
5359 54
9800 46
9609 73
6010 72
1907 37
4966 70
1835 7
3926 27
7870 79
2510 30
6801 41
7484 17
7339 71
7060 34
7197 61
4704 45
3305 8
6435 43
4136 27
4821 60
4591 72
863 45
9526 72
8763 53
1215 7
4187 34
8145 31
9346 43
7874 79
3153 65
5629 55
2896 39
2488 67
7435 43
3342 50
1283 64
1535 18
9517 57
7978 9
8969 20
1144 66
5195 33
6488 18
9175 14
1556 7
4921 48
8564 76
7569 64
4007 75
861 32
6636 16
9495 8
2211 21
7459 49
2357 63
7487 60
6218 36
9506 16
2104 56
5164 15
732 51
5344 36
3875 16
8374 60
8916 36
1605 30
6061 73
5372 55
4374 71
3586 6
6661 46
6478 1
6253 66
218 50
5941 35
6098 2
2064 55
3304 65
7844 39
2086 79
2535 3
4372 73
1219 50
2401 35
8367 27
7188 30
8383 9
1457 39
109 62
5447 28
5553 71
2241 75
2797 24
4390 57
5141 4
3235 12
6930 10
6904 70
4906 31
6220 30
3494 5
4346 77
7172 53
2863 65
9936 78
8088 17
70 57
9625 62
9037 40
1010 2
1651 27
8416 57
8731 47
4875 72
8085 36
4601 78
3081 9
5129 69
9389 21
101 53
5918 69
4420 6
6467 13
6964 79
5160 45
9997 0
3057 34
9699 56
3603 21
1272 52
5567 4
8896 53
1118 43
9678 77
4600 47
3515 53
9047 55
7630 62
7968 71
6021 2
2058 58
8456 22
6281 75
8548 47
8622 64
2131 29
9440 36
1914 40
4914 47
7182 54
6352 5
3578 7
5986 56
2817 61
9055 42
1441 59
2859 19
5510 72
4005 10
6758 32
3431 20
8911 24
6382 39
1494 44
2506 74
2717 22
1735 27
5360 29
8797 12
1632 8
6295 59
3479 45
7468 12
208 43
9467 21
3662 64
4594 6
2983 8
4299 18
2601 19
6080 15
3247 65
8390 38
2873 60
422 23
7895 18
4182 13
748 62
5101 25
6916 18
1680 30
3005 3
1325 24
8331 1
1769 9
375 50
1220 66
2575 74
307 58
3434 56
4022 78
6541 32
7308 53
7448 48
7217 15
7369 34
5656 58
8188 77
6515 48
2205 24
4224 16
2261 44
9508 71
1265 53
6313 11
8176 5
5917 4
7181 37
1793 39
6891 73
4263 64
4953 78
9409 76
5087 2
4444 49
1821 48
3943 42
7366 71
2215 50
7033 55
5262 60
7894 55
6628 61
8922 21
9866 55
3222 75
5418 34
7234 26
6959 41
8484 6
56 63
97 78
4186 44
5978 54
6322 71
4359 51
7604 50
3957 66
7089 77
9812 5
7389 40
7870 43
3731 8
4396 11
1841 53
1340 61
737 62
9020 37
9238 73
2630 76
1061 59
891 13
3630 16
6141 9
2405 24
9101 72
5602 62
5207 61
5331 38
143 52
2393 19
5588 58
8595 2
8875 41
675 54
1924 79
8945 1
8831 58
9185 11
9204 50
2418 34
9902 51
6825 63
1914 5
6118 17
1129 10
1213 72
4186 67
6814 31
3527 63
6941 23
3727 33
8328 13
5770 61
5913 55
5869 15
4510 16
495 73
4952 13
814 39
952 75
8335 47
127 23
3103 74
3914 26
3149 74
3341 79
4799 72
7289 3
2596 59
9521 7
129 6
6373 20
761 46
5150 61
2083 38
1894 58
8558 74
8754 22
9816 53
2026 6
7757 63
6400 35
9784 22
7518 23
9262 71
6259 17
1145 73
1581 36
1963 7
9371 34
5264 24
3705 32
9931 45
7007 71
4417 6
3643 7
262 33
742 55
225 48
7899 29
7136 53
2674 70
3284 77
9820 51
2212 71
2710 17
8643 32
5223 19
7055 28
1757 78
6129 2
7637 33
3506 4
3489 30
9767 74
3907 26
6028 58
1476 13
6753 38
9416 21
8442 3
1834 46
4692 65
6413 70
668 43
6855 32
868 45
3250 56
6814 61
4356 61
3728 56
9859 32
8310 42
2785 72
131 73
7680 79
1938 30
7435 28
7620 33
8140 46
6413 48
5249 1
5284 11
6440 32
2860 47
6926 40
3769 78
1174 5
5644 7
4646 59
2984 7
383 51
5665 76
9831 16
8576 2
5524 13
1827 44
7606 53
5518 16
2697 30
2962 79
372 2
9590 47
2131 44
7518 56
2088 76
8299 71
3801 7
9344 18
9078 14
1877 73
2430 56
7662 37
3535 47
4023 64
2719 37
4289 32
780 0
2577 1
6805 57
2916 46
5449 77
9181 28
6398 78
7910 19
9829 57
9960 58
6377 68
4856 62
406 4
8437 78
3464 24
8147 22
6075 70
3792 55
6012 0
6964 79
3015 35
3269 10
9407 28
5612 68
3870 38
9381 73
1427 52
9993 44
1585 23
7012 16
7908 77
2772 38
1071 71
2921 68
7420 38
3860 46
8233 65
4577 68
1785 53
4024 56
2645 73
9185 74
9388 76
9585 18
7541 46
7599 25
3840 8
3024 68
5594 8
484 61
8013 61
6369 64
2253 76
2000 32
6672 29
5181 52
7463 5
3495 65
7432 48
2851 52
4767 26
1115 76
4519 59
1930 50
2747 77
996 23
6548 27
5784 8
2622 40
2632 48
9131 56
7545 58
776 47
4896 17
7686 68
8050 55
5491 34
5963 14
979 75
9140 38
751 73
4143 68
1526 19
9019 59
6806 24
4338 73
6889 75
6599 33
9305 11
8361 32
1148 29
7324 30
8372 40
3201 4
7830 29
3363 68
742 17
2166 25
9669 57
9831 28
2378 33
2655 63
2941 25
5101 42
6156 28
6482 49
929 46
2427 30
5737 33
574 0
3817 52
80 31
9172 25
8416 74
5740 65
4525 79
5174 7
6925 71
6410 21
6382 44
7950 55
8400 71
5130 26
9537 10
9718 64
3626 39
5359 4
5900 75
8813 4
5286 75
3862 79
7101 41
4140 45
1274 67
1028 53
5732 24
1442 31
4797 55
2145 39
5975 7
3350 10
2519 29
8012 33
4019 77
4362 71
9070 16
6016 72
407 61
5214 40
644 7
7189 45
2733 52
6230 10
8162 70
1926 8
7068 55
54 35
1162 69
3017 47
986 8
1910 70
3195 76
5718 15
9384 32
6578 27
9013 41
1046 63
5342 67
2222 73
1719 6
2341 2
3345 49
3849 63
2071 69
5983 35
1990 32
3013 52
459 5
4105 24
6148 69
356 12
581 76
1938 32
4945 26
2099 67
5775 60
1995 7
6804 38
1116 33
6190 64
6948 31
9552 58
4207 6
987 77
8619 54
8678 16
5169 44
2058 52
7932 37
1558 28
9102 74
8496 44
6556 45
4404 13
2574 13
5773 25
9464 73
5977 42
5867 79
6096 74
4048 32
8745 6
8252 66
591 4
3875 17
6333 46
3516 19
2010 26
6302 22
8986 55
5739 9
5916 38
3645 36
9779 18
7019 36
974 78
7779 39
293 10
563 16
8037 50
3880 8
4219 3
7036 50
1354 73
2421 24
1661 10
5506 39
2872 41
3510 36
5308 41
7411 57
9088 62
1615 48
3875 1
5126 27
880 16
2666 30
4424 15
6420 10
4515 79
7692 54
2694 57
5718 60
2029 56
8336 45
4762 16
7625 66
6999 78
8300 16
9479 62
474 39
8574 51
249 39
2619 71
282 0
3791 15
675 4
3299 73
3100 27
2684 69
1929 19
3967 29
5938 50
5076 67
1501 58
2738 21
1545 23
199 79
3391 72
9931 30
402 7
6093 12
1614 71
7002 13
9524 41
3538 5
1713 11
7892 35
59 30
1268 78
8353 18
592 27
6188 16
9539 8
415 35
9945 8
9365 20
6150 76
6099 33
3486 58
6638 10
7082 28
3658 71
2011 23
7706 25
7122 22
206 60
5608 51
7553 21
4224 18
4853 30
2487 74
7964 27
6567 17
6196 24
4102 3
3059 17
3135 78
2784 13
2901 12
4726 8
6280 62
9101 44
2917 18
3154 11
5969 33
8800 76
5489 72
1577 63
790 0
407 15
9359 60
6532 67
2325 63
8991 0
9433 23
4123 47
9455 74
864 54
7882 75
2410 38
8534 57
3007 33
7240 53
2076 5
6586 29
4270 74
3334 74
1320 20
1333 2
5315 20
8450 75
9478 1
8222 61
7089 63
7463 19
6692 74
7862 78
4520 65
4120 5
303 49
4023 60
804 29
6874 32
1047 55
5486 77
8325 30
1543 28
363 68
6308 77
5839 10
4415 76
7845 58
948 3
3227 0
5050 60
6723 55
5539 33
7404 28
7751 19
1529 33
5196 19
7295 0
7387 63
7369 9
3927 28
3885 58
8333 13
222 43
7970 78
8031 67
865 63
9985 42
2091 16
8922 27
2252 70
6973 21
1834 7
9179 64
6775 71
8088 7
3287 16
256 53
9533 23
3344 0
4219 33
853 77
9374 34
6833 46
4570 77
5043 31
7882 13
5592 9
3274 46
7099 0
3701 57
1677 64
307 43
8744 15
1878 33
8592 46
1554 49
828 18
3773 40
1501 57
3883 60
8083 11
3868 77
4402 31
2555 77
6236 54
209 56
3286 72
2257 2
3801 42
4245 60
6519 9
7072 67
5264 54
920 69
9625 77
6866 32
8256 51
9074 25
1356 27
9867 6
3734 37
6243 73
780 5
5780 57
9054 27
4627 62
5013 68
1805 41
7628 61
8778 62
2149 15
4543 47
8276 43
7157 6
1346 18
7666 78
5488 50
6408 46
275 9
8245 20
1884 7
209 42
1271 36
7696 24
7035 75
2156 6
8483 50
1467 43
8091 39
7627 71
5356 24
9675 25
5380 79
1227 30
9736 56
8403 7
4291 33
4308 37
5684 45
1965 36
22 68
6517 1
7582 43
8982 73
6300 75
9884 0
1398 65
4539 11
5065 66
4233 74
9826 24
6706 69
8230 29
9316 2
7379 18
6070 16
6478 61
4344 20
5608 30
1169 77
8022 44
521 54
9609 64
4441 71
7270 13
5150 40
2282 43
182 20
8832 47
6986 38
7511 24
6802 18
6795 41
75 34
1005 46
7850 11
2611 77
7330 12
220 10
7355 35
7005 22
481 12
2392 37
135 22
5246 75
8965 52
9445 35
7744 29
6837 28
7586 48
8258 0
5550 39
9925 17
753 7
917 51
7877 50
4178 48
6506 73
9516 28
5988 17
4626 6
2541 0
9865 39
264 52
3113 26
4173 1
5386 56
7098 5
5924 30
8359 10
1330 46
6994 71
5715 63
8640 3
7512 18
4035 39
3738 2
1924 15
2025 71
9047 61
1536 55
735 9
8530 25
2837 73
4161 56
6776 73
4767 64
447 24
4342 40
7917 31
5298 11
3412 62
6878 21
7350 52
5173 39
2993 74
7966 71
3712 61
8703 56
6324 39
9269 1
1901 25
6552 12
202 71
5274 13
5425 32
5746 13
4324 8
1407 2
6057 35
8282 61
3237 32
8669 15
7481 16
4057 56
8961 19
3175 62
2878 29
2277 7
3500 41
2747 52
5466 58
1545 74
7726 10
1181 77
4227 33
4628 10
9197 36
3064 18
8996 55
9037 79
9125 16
5390 52
6465 10
8921 5
2361 66
2358 64
3480 18
7296 70
6184 8
8104 26
6575 66
5415 21
4920 56
623 20
6558 53
3828 63
1806 35
5529 22
1490 51
6463 41
5918 70
7426 68
7956 75
3338 54
7777 54
9490 77
638 73
3251 0
1284 17
4244 73
8238 63
98 28
9070 33
1998 40
14 77
2848 9
6944 9
9081 55
3444 42
8393 30
2255 55
9869 75
3385 58
930 48
6992 67
2524 53
8615 8
6019 59
9469 76
7136 14
2775 10
3134 70
2716 15
1945 58
703 18
5019 50
1238 1
8043 7
3106 41
2717 41
9603 17
1152 44
8319 4
9195 0
2425 41
1135 12
2919 65
9396 7
4325 44
3546 34
6380 40
5463 37
184 39
2315 36
2543 75
9363 78
9015 17
1063 19
2968 56
4596 47
2141 60
828 6
7736 67
5306 78
9816 4
7746 68
5583 79
5577 28
8629 76
9886 40
2549 68
4042 36
3136 70
6276 12
3841 39
5149 59
1751 57
7309 17
7049 23
405 48
3611 42
5567 51
1380 11
719 26
5291 38
6530 55
7565 23
2013 47
5450 19
7415 77
6350 69
8437 57
7486 52
3630 48
7007 62
1203 64
2430 52
7433 2
7203 49
8128 69
5694 7
6241 51
4725 72
8039 34
2678 30
171 25
6595 7
209 76
9420 49
2388 55
5278 78
4557 19
9075 52
2250 23
357 20
9204 47
4154 20
8511 49
6925 11
1783 2
9577 73
8430 52
7281 1
5069 58
3812 68
6050 58
1082 26
4215 13
1131 63
5809 38
5825 72
5594 28
2960 65
3494 6
1616 37
375 34
9665 41
3366 2
3820 69
9255 20
3595 32
4526 45
5599 39
2799 33
1198 25
266 33
117 50
4680 1
9648 18
6367 69
2483 26
1624 55
2520 18
3511 24
7701 58
8993 49
2578 75
2294 52
7234 56
2202 20
9949 71
4462 46
6986 70
2551 18
9908 75
5356 18
7411 29
1237 5
3318 8
5547 40
5297 49
8854 51
9360 23
693 20
8259 2
4692 58
2312 43
3806 63
9526 55
2700 66
3241 64
3192 1
5112 34
3840 16
3204 15
6592 72
2368 64
3042 47
6026 9
1356 63
6877 56
6653 70
2226 57
3595 58
973 73
5367 55
1162 69
643 54
5934 14
6435 43
4992 59
6677 43
8728 59
2493 24
5496 6
3220 43
2761 30
6714 13
4764 7
8722 50
2375 0
7294 66
8156 14
8736 5
1840 68
9317 27
9760 16
1154 37
7046 4
9087 3
2062 48
9608 43
3268 41
2275 51
6837 8
7401 11
6400 49
105 10
9857 78
1478 3
3746 8
5770 3
6631 66
5378 42
3382 34
3589 68
1661 60
3120 67
7363 76
985 27
1017 64
5451 73
5334 48
8513 1
2462 11
6744 35
2260 47
3954 24
3440 4
5651 79
7112 54
5438 63
2672 78
9014 72
6488 28
7454 10
6930 2
9851 33
5221 64
7681 28
3545 23
8189 40
2039 76
1762 62
5907 60
4016 6
7339 38
6777 71
694 58
5338 44
39 12
7520 52
6277 36
5522 5
5276 21
4637 78
4106 71
6902 72
6967 68
4435 25
4474 76
4569 69
9191 6
3084 32
9603 67
2600 53
1954 32
9887 12
4345 24
2945 75
769 35
5161 76
3103 64
402 7
5779 74
9314 28
8625 74
9959 79
7184 24
4868 32
8177 63
8622 69
8770 13
4256 55
8882 19
3192 38
7523 15
516 58
551 52
5064 71
7427 67
4949 59
2038 72
9898 8
9478 51
2305 57
8820 1
9778 66
3012 54
2073 24
9644 73
6457 42
3556 45
6454 43
1013 56
7463 77
2720 17
3150 12
6237 75
7782 4
6038 40
7765 79
4450 76
1063 31
5385 0
6426 69
2134 30
6411 43
1303 32
2662 20
9345 16
5984 46
957 59
5343 1
392 23
7728 39
1418 61
3377 56
6978 69
1544 48
1821 62
5076 63
9416 70
3309 78
1690 44
3892 41
7896 79
5582 45
3341 3
5097 79
4295 0
4989 6
881 70
3886 22
2876 33
4414 42
9807 52
5790 61
7567 69
7667 69
5110 6
1037 77
1721 75
9084 30
7713 61
5963 25
4893 42
1018 3
5894 6
7137 45
2997 34
6081 79
2749 71
3232 33
5011 31
2702 70
9555 17
3894 5
3164 71
9050 21
1152 45
2318 68
6006 56
9751 4
1373 17
9358 19
9481 45
433 37
4684 26
6059 48
7576 56
4162 36
6116 33
9111 53
4457 54
9323 70
4888 24
1349 36
5763 64
9636 12
1791 44
8059 42
5835 70
1580 79
4042 50
8189 78
9043 19
7349 3
6929 75
2499 48
4433 62
9748 70
8176 65
3803 76
6222 37
9516 31
1134 10
7075 54
7267 65
7577 17
426 66
6078 46
7385 22
1023 7
2093 50
4356 11
9012 65
4821 55
2899 77
2198 17
6468 58
2861 33
6971 31
7704 61
6855 2
4732 63
7259 14
1752 37
3347 19
7410 20
38 27
6575 10
5297 36
9162 79
3954 63
7807 71
5793 68
4280 39
7863 16
1932 1
7719 60
6546 45
7463 59
6040 6
5802 48
2278 47
2681 25
4346 64
4189 60
6942 65
3544 76
1939 65
3537 72
8613 19
8047 32
6495 70
6295 37
2243 64
8159 76
7043 54
1521 15
597 10
5635 64
8553 18
5538 59
9186 33
1248 39
726 36
3175 24
7564 27
8063 68
5924 18
6918 31
7771 42
8915 6
3554 73
9064 21
6438 43
8940 21
2785 20
9722 70
7639 51
2745 4
9483 36
476 25
7826 18
5313 31
3209 6
3773 32
3793 1
1670 76
8967 51
2413 70
3224 5
3937 12
518 41
185 49
2839 27
77 72
564 4
7994 47
9414 12
3717 70
5256 73
8914 10
8254 72
3124 3
6975 71
6051 54
7185 60
665 39
80 54
9225 31
8234 30
8473 6
1850 9
5213 14
7075 45
6980 28
2805 13
8711 18
5922 51
3561 45
6171 9
300 9
6369 21
5066 44
7645 62
3179 54
7443 47
2630 51
8189 7
3449 10
7656 73
963 21
8312 7
8966 29
4093 23
4461 49
2263 15
1842 51
4496 66
9885 15
8568 22
1917 25
7553 65
1635 18
4031 65
3225 54
3218 69
6483 22
1447 11
1124 13
527 6
8302 32
7041 75
9164 23
4545 73
117 51
5172 18
1406 75
3476 26
8602 39
4761 76
2246 72
6934 67
2309 66
3563 76
301 39
7034 53
8235 17
9195 2
5875 11
4029 28
7399 44
3378 6
1103 34
6753 78
8452 7
2407 75
8934 18
9989 9
667 77
3537 15
7013 47
5299 57
1524 5
3471 39
2079 65
7395 49
9473 79
5793 21
8640 64
1192 15
8807 69
4277 3
3466 74
9184 26
1358 76
8324 23
1297 72
9366 21
202 34
3762 31
7310 47
7966 11
2314 79
9461 52
9859 26
3502 18
7966 70
7498 72
1715 18
9194 42
9976 19
2793 41
4693 40
925 77
6574 43
9798 46
3109 23
5996 14
8334 1
5833 54
7205 4
7611 44
4976 13
4961 62
7197 47
1878 62
2643 36
1124 9
960 66
9687 69
2765 21
3588 23
5559 62
3610 79
5694 8
648 33
814 34
250 0
2548 62
1335 40
9663 70
7577 24
3764 37
4816 27
2560 41
5478 2
6696 51
4709 47
654 8
2180 0
9492 56
1858 54
1127 8
8681 66
486 30
507 43
1121 73
867 30
310 42
9167 34
5310 35
170 70
2114 42
1118 74
1185 9
8174 23
4573 38
7977 76
8944 10
4966 70
4612 64
992 74
9566 29
8811 18
1776 70
5787 67
6205 50
2914 23
7128 61
6213 75
8561 5
370 55
3889 37
9217 53
7001 76
3382 64
9881 25
6436 75
2264 5
2585 74
5579 77
8328 17
987 75
9956 40
6297 64
5082 39
4062 0
8181 52
7970 58
7962 6
7405 50
4947 20
4249 44
2008 79
1456 7
88 73
6574 4
2672 33
649 18
1425 77
1230 56
3839 50
261 46
1368 34
1531 40
6282 66
9522 63
2439 71
6722 78
53 45
2793 22
8188 68
4639 14
6660 39
8762 27
3212 74
5234 8
4477 15
3481 66
5036 53
1691 35
6457 14
2706 73
6757 44
8817 34
7466 55
1455 53
5965 45
7407 0
4285 22
2992 10
9554 3
9136 21
8069 67
4331 34
4987 66
9665 48
3782 78
1562 66
9547 54
2307 60
5999 34
7812 10
4970 25
1642 77
6758 3
5845 51
6476 28
1668 50
7148 2
7104 16
472 27
7229 66
5052 53
9738 63
2416 59
7696 33
7443 33
8711 7
9424 29
5505 41
2285 66
694 26
3260 58
5753 3
162 31
4177 2
951 54
5572 14
6665 40
4154 37
7718 15
1153 36
3840 73
6694 18
5528 28
9476 73
3226 55
4365 50
4854 0
4630 13
8229 47
3441 10
2918 38
8432 7
1564 59
6166 38
6962 20
9501 41
8891 46
5364 29
3345 10
5573 64
1452 21
5012 49
1740 18
7031 19
8705 5
5977 13
2823 31
7612 65
557 65
8442 55
7616 47
3675 53
9158 4
5341 13
2565 43
6729 3
4757 32
9208 9
5976 52
1690 74
1613 7
517 63
5311 37
3281 33
7718 64
8249 12
2271 5
8142 59
9039 30
3192 70
8677 19
1383 5
8305 46
1659 32
2121 58
8759 37
2320 71
1230 36
6541 44
2481 42
3336 73
5386 72
3619 9
6127 48
855 0
1467 76
2017 23
9237 27
1884 49
2050 24
1158 24
4791 40
251 41
3384 64
9095 57
9765 17
2524 35
6017 49
1732 63
3479 39
4989 32
7527 3
7217 57
3300 55
5341 13
3446 38
1902 19
5714 40
8586 18
7077 55
4624 63
9711 73
299 48
1656 10
4539 59
402 5
948 0
7656 31
9715 79
3097 64
5100 40
3643 46
9645 46
6458 24
6831 22
4087 44
2824 2
8457 22
3406 68
5136 54
5370 65
1847 45
569 68
7872 3
6902 76
9922 39
7269 36
151 52
8609 28
7576 61
703 73
9644 5
3918 22
223 29
3354 68
5387 59
3123 38
3682 35
7401 34
1107 53
4742 4
7008 18
3407 37
228 28
5823 51
6928 58
6970 78
5218 37
8534 63
2340 65
5622 52
7628 43
1643 12
9595 60
5642 76
1016 7
627 60
9565 21
6049 33
8789 42
3036 55
452 19
2462 74
8319 47
7935 65
8446 7
654 24
780 43
2247 73
6951 43
5742 22
639 47
2701 54
2405 3
59 58
1867 34
2664 74
5899 61
669 32
3327 40
6388 49
5424 2
4693 19
1365 64
7020 48
8636 4
5338 70
1362 15
2328 55
1109 48
6334 68
5852 39
7587 1
2504 43
2524 53
391 5
8051 65
4835 23
6075 10
8308 60
4202 53
8597 28
2165 14
7234 76
1951 68
5517 65
318 36
2804 31
8145 49
451 50
1044 77
7452 24
3424 55
205 41
6106 33
1566 52
3323 12
8119 39
6474 50
5920 58
9761 64
1524 41
1293 30
1538 76
3994 45
2596 37
197 12
4023 54
7140 22
1947 28
146 75
3791 76
2933 25
7886 56
2267 72
255 61
4512 79
4612 60
7486 70
7434 52
2659 9
4416 9
4997 21
4395 67
8992 18
6564 53
5371 61
6349 39
3343 1
777 67
1762 66
3841 73
1883 53
2261 47
5690 79
4865 9
864 73
8292 65
3151 29
8944 18
4724 79
1406 71
1899 59
8880 27
4613 39
444 12
5458 68
8769 2
9413 39
9689 70
7209 30
4610 0
4633 1
7100 33
4827 71
127 41
9543 50
5778 70
3764 24
601 59
561 78
131 8
2839 19
1117 11
1907 7
732 67
8821 7
8697 61
598 69
8969 14
1840 8
5471 75
8241 77
7621 71
3756 9
7756 74
173 28
9346 59
9737 3
3816 74
8059 59
5771 44
5884 29
1244 36
2402 74
6603 59
4436 4
2695 75
6444 6
8118 78
766 49
7055 14
2386 69
2879 40
5774 72
6736 50
5984 70
1662 53
7306 21
3560 41
5652 67
6186 76
7503 30
3888 63
2148 64
3451 77
6259 69
504 25
3506 11
6647 19
4801 53
8943 22
8373 75
1291 1
6827 34
1077 0
6954 52
6672 22
4890 27
7077 25
4717 79
6072 74
3753 57
9890 48
9088 35
68 16
1728 47
9188 11
8641 1
8863 52
5151 9
3963 60
3584 49
4423 76
540 15
6356 63
6813 39
6796 73
8495 33
5337 39
8453 50
1595 68
7615 10
2752 54
953 25
5846 35
5233 14
142 35
9843 62
3475 19
3512 61
3057 3
6900 44
7987 29
3319 64
7671 2
2579 11
772 67
1153 57
1319 73
8572 56
2122 33
7332 69
4585 8
5687 79
5405 14
1392 26
8668 42
2081 19
7058 10
2036 27
5937 37
966 50
3453 0
5238 1
3900 57
7168 51
9387 3
6719 17
2088 46
9889 73
75 18
8654 26
5613 24
4672 47
8411 5
6920 69
3491 52
9792 43
3544 31
2597 21
3953 58
3792 61
8684 76
2731 6
1065 10
2319 30
9637 18
6034 48
2948 1
9618 35
5690 33
566 3
3391 51
47 10
9998 69
677 74
3361 48
5036 26
6005 0
984 42
5511 32
9227 4
1343 50
7488 65
8336 25
9319 69
1454 19
6572 41
5041 22
686 67
6150 69
8762 68
8884 14
2970 14
940 36
3263 63
8050 53
2840 46
441 39
9746 49
1779 51
1445 57
275 30
1457 42
3809 32
2790 59
3230 51
8589 54
4457 26
9179 77
245 59
8484 10
5321 43
8201 64
1880 36
5235 19
3532 5
1498 65
8240 22
5378 28
1874 71
1905 37
4641 20
1359 22
6459 23
6630 27
277 58
9183 46
4452 55
6982 62
517 78
3388 44
2196 50
4143 18
1128 16
9348 48
3148 61
9284 36
2323 11
8260 37
9584 72
1169 45
100 20
1218 16
1370 28
9547 77
134 40
7427 64
2755 61
9326 1
1074 63
754 45
2015 39
1331 30
2293 29
1625 58
2514 3
5597 5
1884 13
2677 68
7536 64
3489 31
5702 54
1123 18
6939 75
1856 33
9327 24
5348 37
8788 25
5274 71
2785 77
5351 39
9449 58
3943 41
7790 10
3349 61
4849 70
4080 26
6042 45
9421 23
7711 17
8429 38
8510 46
3336 60
7933 56
5705 65
4223 48
712 33
8843 50
8243 28
8331 30
2375 64
2135 33
9113 49
3904 16
7492 19
823 65
8122 36
8856 37
2985 72
1977 22
1019 49
5462 73
9334 11
7425 79
849 66
5131 62
8548 49
6637 7
7243 40
3850 36
4700 9
5248 32
4499 15
8727 18
3089 43
9201 7
3876 44
7118 28
1003 74
4091 37
4987 32
3571 77
2481 52
2362 74
4883 19
1232 44
1182 78
6442 34
1247 11
5929 8
5038 26
195 1
1582 53
6988 78
3946 50
2745 8
9276 24
6677 79
904 60
4483 15
4013 7
8960 60
430 53
9045 43
2542 29
5397 76
583 56
7669 71
2559 0
5149 50
4123 6
8176 76
7900 32
5220 57
6499 61
6366 43
9054 22
6970 73
1301 51
9755 46
1673 71
8757 65
7115 10
1979 61
3315 1
7490 76
3832 59
7223 69
5740 74
2726 46
3043 13
6895 0
7818 54
8380 38
2884 28
151 49
8649 15
258 60
7055 36
8827 22
8280 44
5236 33
9883 37
9227 38
2337 44
3030 3
9235 29
2509 19
4675 58
511 8
5106 20
6583 71
1816 24
1916 63
19 57
3751 40
6524 70
1835 21
2624 55
8171 37
306 74
4833 11
1516 36
7951 56
8320 22
6777 2
7466 14
7871 19
3205 22
2945 17
8572 30
6699 53
6026 1
3752 10
8247 22
4051 52
7834 22
5122 75
2398 68
4902 34
2824 46
274 56
1911 15
8472 27
7897 14
7903 35
4120 38
3336 18
2743 3
7045 54
4050 54
3825 73
2462 21
6438 54
8868 2
4064 55
2207 38
9302 63
3339 42
1614 33
277 50
8026 12
7956 71
4408 67
5136 47
9420 77
9064 26
7442 70
531 76
9333 32
4728 34
7220 26
6213 51
1433 74
3176 20
5752 10
3226 56
3383 77
3018 35
6513 29
1350 9
5416 18
295 7
1789 48
7919 13
7596 78
3488 71
5915 46
7517 23
1602 46
566 17
479 26
35 51
7202 28
7075 46
942 34
8740 37
807 41
3248 33
9772 43
9609 14
4997 35
3137 54
8519 41
3227 72
2973 46
2466 21
4180 5
1336 39
1530 44
5034 29
4487 38
4982 39
7975 23
7568 59
7850 11
8949 66
9553 67
3544 3
757 45
3142 41
9186 15
786 51
1136 79
2101 56
8718 66
7987 68
4597 47
453 20
1586 47
5385 10
7597 20
2593 13
8238 3
8382 49
5182 15
7563 46
7275 20
7919 48
6704 12
3722 42
3241 1
7662 39
7558 48
3270 47
3639 22
5264 66
3136 10
6717 20
5525 6
1799 37
2480 3
2356 59
2481 65
5656 15
2964 32
2425 33
7191 62
7093 9
2621 13
8263 59
4084 31
5204 70
6782 65
8908 25
305 49
1167 34
694 46
3062 53
6391 43
1406 69
4578 15
9593 34
845 76
3529 31
730 9
5369 14
6635 62
733 59
41 60
7662 2
7645 23
8257 14
9449 34
9940 62
652 53
2552 38
7224 12
9008 32
645 79
7575 29
6530 25
2027 60
8499 24
6226 4
7570 49
9640 2
3155 61
4424 26
4703 51
3636 44
6085 51
4952 37
1487 13
166 63
7439 44
8798 22
6075 2
249 7
3282 16
7649 7
9092 18
8211 77
5368 70
5765 77
2207 7
6516 18
9536 26
7476 39
7735 52
7996 19
1132 54
7511 15
7790 54
799 4
2489 43
4856 6
87 21
1895 23
1737 54
9143 57
9356 65
3065 68
7648 13
5950 32
709 38
9195 16
5071 65
8334 11
5978 26
4757 40
4950 44
9487 21
7266 12
3528 68
3214 2
8699 51
6837 68
4868 22
7341 1
5221 67
2420 7
4930 58
3634 50
6772 47
9176 50
552 70
1176 71
9831 73
4940 60
2501 57
7707 13
9027 78
8639 22
2049 29
6400 41
8038 21
3199 76
5984 38
4353 13
4906 63
3125 34
7871 2
7717 65
1279 38
7216 25
1942 56
6286 12
4111 48
8714 9
6649 27
191 74
7811 26
3696 39
5302 70
5326 52
5928 14
2835 30
212 64
9116 62
6847 0
24 7
1 23
8839 2
262 58
752 3
370 70
5881 39
9763 37
3960 44
4042 64
5018 46
1972 50
4530 74
7968 20
9293 32
6531 58
3214 74
7147 57
7736 67
6963 3
5087 54
7922 33
5965 20
2298 27
3474 17
278 23
9501 44
3431 44
5597 9
6493 18
9513 77
2469 9
6659 22
5987 18
3531 36
5899 29
8246 7
3161 64
306 38
5175 32
6172 73
4375 63
3668 68
6838 51
5492 49
9955 79
7879 57
9778 64
2760 14
3932 22
1903 40
9469 77
9605 58
5067 71
1716 32
1572 71
3260 24
2276 13
5634 42
4233 9
4660 68
4907 78
6973 23
6379 20
2439 56
7875 73
7829 36
9075 38
4357 35
7528 42
1636 23
4861 53
3094 65
197 51
9869 16
7912 67
9660 56
6494 18
8298 75
56 57
1727 22
4327 16
6812 27
9213 45
7279 22
4785 29
9870 62
2949 46
3109 26
8822 71
1434 77
6180 36
4208 79
9621 65
1183 26
837 66
1326 46
4198 14
5996 33
270 70
1271 23
1190 69
9155 41
8916 53
2989 5
7836 59
9438 2
3395 33
2196 30
674 63
71 7
8473 5
3599 18
9382 54
8614 11
8198 20
6640 41
3457 53
3789 77
284 15
4108 23
8928 5
3193 69
4174 78
6119 9
5774 62
8365 22
2127 35
7286 55
5004 14
6229 44
4987 28
1487 18
3057 1
9420 29
4020 16
2325 20
6995 72
8666 42
1410 30
5384 4
112 19
9077 60
6159 51
8571 1
6110 42
6960 73
6004 66
2324 52
8441 29
4249 62
4415 75
202 32
4058 73
7052 68
5765 70
1048 19
8539 51
7844 44
9225 23
7273 36
4784 44
7268 69
4466 73
7384 53
1081 29
1377 67
1946 53
9404 63
4531 74
9476 71
569 74
3087 58
8834 1
100 11
4712 51
413 20
9544 57
1309 36
3296 70
4344 7
1901 53
6300 48
9749 65
960 69
8970 0
5388 39
4526 77
8851 77
9392 65
5868 12
9723 13
1974 5
5238 70
1751 43
9913 45
8631 15
8878 26
7093 58
7934 5
5183 6
8670 16
9691 57
9817 36
6641 0
86 55
4526 20
2841 39
3196 11
3065 6
3928 45
9440 17
401 49
5545 46
6036 52
2331 66
1543 22
317 77
7292 17
1694 51
3120 54
7556 23
4544 38
1929 38
8002 9
7411 77
5186 47
1910 39
6780 17
2788 55
8185 67
9490 79
2949 72
6746 59
5817 50
8202 61
9026 69
9499 38
6341 70
9199 61
3697 53
9163 15
9083 4
6305 51
7016 67
7335 40
324 58
375 14
5746 18
6178 78
2077 16
5077 39
9225 79
725 70
1715 57
8926 1
3118 17
8418 48
5357 0
5441 24
7642 75
7197 53
6832 13
9212 68
6265 70
2296 27
937 64
3423 37
1050 25
285 77
7965 18
8737 22
5749 19
564 4
1578 56
7168 43
6303 13
9113 51
2790 49
1554 68
2016 26
4387 68
4213 21
9905 42
3319 7
2550 46
3844 70
9891 63
5528 77
6455 64
4744 0
9017 64
9845 28
2895 4
6654 57
1223 52
3106 0
3586 79
4615 35
4480 27
5230 13
354 13
1780 24
4234 49
8691 4
8606 71
6725 10
1310 74
1569 46
5168 46
669 10
4320 69
9373 13
7594 14
4469 47
3787 44
1173 63
6824 14
1934 44
1271 48
3570 12
1485 29
146 12
3150 30
2743 5
4773 68
6110 39
9531 62
4590 37
7828 55
8416 13
4182 48
7514 65
383 69
436 7
282 79
8839 25
9908 22
6525 26
1625 64
1198 54
657 26
8918 21
9652 17
38 76
8715 13
8800 79
1509 28
1124 39
7840 55
6793 12
8882 3
8975 63
1036 6
6970 7
6030 19
7850 54
9392 4
5420 55
8927 67
3074 22
4173 69
1859 75
9419 51
5122 69
6485 39
5491 63
7696 47
3980 2
2883 33
8842 71
2091 12
3469 71
8305 70
2105 65
7918 23
1906 39
7805 33
3444 5
783 59
6878 14
7449 8
2574 37
1981 41
5753 54
100 60
2819 47
3862 62
3877 14
9798 4
7079 72
2049 2
5349 66
2382 71
5048 64
4464 53
9560 24
9059 64
3767 50
951 19
883 30
4686 57
9114 66
9849 30
9642 31
2366 3
6648 79
9825 56
386 29
944 57
8271 0
1519 72
5425 37
7297 3
5995 41
894 17
9505 48
2970 78
8319 21
2591 48
1039 62
1220 54
5662 26
9985 12
9945 74
854 45
5928 74
8865 22
5 27
1504 19
5193 62
3883 24
8502 78
6940 30
4001 43
4537 72
7991 79
9275 65
5081 14
5663 51
9576 47
1071 70
6342 17
3934 20
4868 12
8761 37
673 70
5545 12
262 78
1847 45
995 24
9538 57
8467 21
3010 8
9127 46
3308 49
2188 14
1851 57
8458 74
4712 53
3939 13
5114 30
6285 52
3171 65
1533 66
5563 15
2296 49
4825 40
4511 38
6074 31
5416 79
714 9
146 28
1847 72
7547 72
6530 63
5220 66
5969 65
7642 28
220 26
4169 31
3135 25
5311 41
1738 40
4060 20
6712 10
5743 36
6623 0
8054 45
311 40
2234 63
5316 67
2912 15
1245 34
4545 51
7495 76
1231 9
5192 77
951 4
6966 14
4072 37
8181 78
6697 66
2117 42
9719 53
8765 30
8949 68
9173 24
7028 56
2864 37
8392 76
8124 58
9207 20
512 33
2588 23
4119 46
1600 43
2471 61
9850 12
2486 58
32 72
945 29
3540 10
6933 48
805 33
7504 78
2212 76
2309 41
9771 20
5060 56
9943 38
541 60
5593 27
2281 29
9165 38
7736 53
1548 10
3801 41
9722 5
8192 64
4537 13
1190 17
3007 22
3782 77
833 13
3092 54
1834 4
1806 75
7731 57
9463 33
3253 21
3070 31
2826 31
5180 38
8933 58
9827 11
373 34
4379 3
1464 30
1877 10
1856 50
9466 15
1179 69
9374 0
817 73
8556 45
5344 28
1154 59
945 26
994 40
3871 29
6579 22
364 34
2585 23
2412 41
4713 19
1651 41
1373 56
2036 45
672 30
1452 63
8359 69
1270 16
1712 14
5780 65
9050 36
7089 33
3942 69
5476 51
3296 48
2628 58
7500 77
6185 68
2347 19
5734 33
1244 42
9772 15
7026 46
6246 68
2910 12
4233 38
1886 76
7538 26
7214 75
4196 23
2617 68
4147 70
5124 75
8357 25
7778 22
3784 21
5677 40
3966 61
3619 58
3326 28
7460 40
7284 47
8840 54
4746 13
4427 13
8916 19
6123 39
170 0
7180 2
2041 10
629 20
8296 44
6922 11
4515 61
1078 63
4839 61
6286 7
3321 78
8218 21
7265 45
7028 63
8762 11
2588 75
147 77
4711 70
1694 12
5477 17
9182 58
6970 8
8969 50
917 0
7141 74
5318 61
3233 24
272 29
9857 46
9684 5
202 19
4026 21
3282 48
6721 58
9461 3
9597 1
5702 51
1758 19
9623 50
3006 1
1457 72
9343 77
184 17
7093 2
3851 53
4183 66
7241 47
8601 42
1721 77
9979 51
9942 36
2381 8
7947 44
2682 31
9624 15
4985 70
4356 58
4753 12
2233 13
4940 25
3077 37
7688 74
5761 67
7763 77
4245 73
3352 21
1362 0
4947 43
2175 57
9179 65
8820 46
3093 68
146 52
3072 29
6974 0
2368 52
7726 51
8275 67
8431 19
6249 34
8634 71
9085 51
2329 62
9678 60
758 13
4237 61
1720 35
8899 61
6010 59
8070 38
3266 14
6623 73
3278 18
3234 79
1171 67
8909 29
1893 43
4452 67
5000 33
1534 49
6555 12
1480 6
9926 35
1188 71
5944 18
3147 57
5482 74
4276 59
9941 22
9892 18
7039 70
5719 2
5956 42
276 38
8561 29
6619 13
5066 11
4684 49
1440 32
565 37
2131 62
8130 26
1689 26
9017 78
6667 36
1887 18
5323 34
7779 70
2351 40
8298 3
4894 5
459 68
2007 77
7283 34
4933 30
6573 75
5687 50
4693 78
3848 1
39 38
5670 31
8442 1
5979 25
6767 59
6013 71
4360 44
1951 15
4589 58
7669 22
4803 76
5645 51
5444 61
1675 50
1756 41
2434 18
9155 71
1516 28
1194 67
3445 32
7531 71
9623 78
8833 21
6663 13
5450 4
878 59
9951 4
4674 18
8761 31
4500 35
7423 15
5745 2
3764 70
9148 78
9336 13
2702 27
1966 77
9201 78
6030 20
5559 36
4775 36
800 15
2730 30
7777 31
3844 54
4481 25
8748 35
2557 22
8034 21
4893 26
6996 51
4144 62
5542 1
6040 29
9287 10
9149 40
6499 0
6771 39
2680 45
9686 13
1312 4
8973 54
693 9
9464 32
2029 10
9559 67
3683 73
2278 45
1951 7
1983 14
6612 78
8204 46
9359 75
2821 38
7181 38
6837 50
4936 47
9921 48
1334 39
7892 21
9566 56
4525 45
2778 18
7969 76
1974 19
8385 22
8824 18
3799 24
6011 41
202 49
9275 12
5675 32
7090 58
8117 11
6261 31
1052 57
2482 3
6760 13
445 67
7691 15
1552 26
5318 72
3018 11
3487 10
3647 62
1450 43
4712 53
4077 60
7491 73
6988 10
5556 6
6896 79
3578 79
9986 38
7844 32
9993 58
8766 79
720 25
9031 77
4916 26
2162 78
9872 40
6371 3
1492 58
2876 64
2079 65
972 31
4691 61
8629 1
3206 60
1667 28
8964 16
8999 69
6119 60
1793 27
4497 59
8049 62
3657 45
5309 26
4869 30
7291 36
5314 69
3098 47
2836 38
1317 59
3769 36
2717 12
6503 39
9006 2
3387 5
1362 10
6166 1
9516 0
5966 13
9178 31
7481 28
8580 55
5465 57
1892 10
4541 45
2401 35
8896 33
1752 67
9492 33
1262 41
2230 41
9930 14
3629 47
4170 26
3348 12
5694 54
9350 56
8141 79
9216 65
8209 3
6847 8
3479 44
8011 72
6523 70
3125 4
3542 63
8209 75
4420 42
6363 11
5827 63
6951 15
2400 51
9503 22
2642 31
8943 66
9778 32
1169 73
8646 26
8829 76
2409 41
2294 66
875 54
3087 16
4972 19
175 7
5994 67
8389 10
5709 57
6658 42
1663 75
9509 32
4498 2
3002 22
4923 33
1609 18
6337 0
5467 64
9049 68
3034 27
2189 44
4112 8
787 75
501 63
9934 45
4399 55
4126 71
3356 13
267 64
5754 49
4820 38
5575 61
7462 78
8715 66
5240 44
4987 49
1860 74
2508 2
5690 73
7495 69
7157 34
1623 19
1178 72
8846 63
2144 44
1649 63
9252 27
2995 65
4296 8
3292 28
9118 66
2967 68
2107 65
2295 25
9946 51
6345 45
7095 29
6390 16
2076 0
17 10
2871 10
9407 36
4692 54
4357 51
5429 33
4396 50
1081 42
7788 11
3829 37
4377 33
1419 11
3300 29
4647 2
1382 51
5464 69
3813 17
8639 48
2109 4
3815 42
7526 70
384 30
4038 24
6777 8
972 71
7757 41
7173 46
2682 71
9565 9
7429 20
3838 49
9982 42
2967 72
8215 32
6071 51
8818 43
9583 79
6701 35
350 65
4524 64
7809 14
3218 66
3647 36
2842 58
8448 19
3648 57
2857 28
8681 18
9479 20
2564 62
5729 36
6650 13
3153 49
844 20
3601 3
5858 71
6220 68
2491 67
6836 7
8990 56
8985 66
981 2
1181 73
1186 20
6389 40
3087 32
1052 13
4300 4
2811 64
3747 68
9213 64
1613 79
573 76
6315 49
5707 58
6560 22
5796 55
2123 54
2250 60
9663 49
8052 25
4603 23
2032 33
5958 68
7006 49
1760 55
9578 46
6410 14
2314 74
2896 48
2671 51
9315 70
1753 8
7157 71
4905 41
5714 30
7650 42
2691 74
6798 35
9207 34
7968 55
2250 51
7622 31
5500 55
5567 51
7553 36
4588 52
3494 46
8957 25
5700 26
5968 51
9472 0
1613 79
3693 43
9391 72
6256 33
3445 7
3003 10
6510 40
16 15
8521 58
8468 32
9110 34
1071 1
5698 12
3273 66
4691 0
6474 74
9183 29
9089 79
6973 21
3128 37
6953 52
4196 1
6924 29
4584 56
8713 3
975 72
7668 66
864 35
1715 24
9028 4
6674 35
9896 64
485 7
6184 10
2480 12
8635 18
3017 66
3107 27
986 66
2830 7
1445 19
4293 2
2222 38
3996 40
6285 30
3465 36
171 47
2142 22
8647 18
7419 47
1441 66
4476 60
9323 70
2961 77
587 43
4175 33
9495 13
8884 64
8653 3
6697 52
2524 20
4900 69
8168 73
219 32
6771 65
2261 19
8486 59
5621 55
6545 51
8759 27
9770 76
8526 9
5973 54
7832 23
8667 77
5889 28
6593 62
3278 44
1288 70
7301 50
3690 72
1446 10
2706 27
1322 56
8168 14
5099 72
6207 73
165 35
7383 65
2523 42
2005 39
4185 2
3128 79
9562 77
1714 56
9665 49
6670 12
2729 71
6932 37
6399 34
3306 26
3629 73
7284 5
1617 19
7740 19
2909 14
334 39
5594 76
318 27
6205 43
5845 36
2966 15
4481 32
5821 15
3791 31
8414 8
6355 43
7241 2
7383 70
3059 61
5005 15
9932 23
9870 48
9058 45
7532 39
6301 59
2730 46
8641 2
5314 57
9907 5
6683 76
3539 32
2229 70
7572 6
2937 30
8534 38
1200 41
8858 56
7249 53
1103 25
8869 54
145 49
9070 10
673 29
2428 26
9276 46
205 47
8300 14
1103 63
9747 42
7590 35
4537 64
5367 22
5836 70
5720 44
7907 20
6148 12
1548 64
8988 44
5128 68
2535 71
4699 30
7062 78
4270 68
9793 8
9418 49
9393 7
4907 49
3376 25
4806 53
9841 71
1749 3
2000 62
6816 29
3542 23
5879 60
341 37
7661 41
1780 27
9641 55
5766 55
5974 65
4927 79
5436 60
4231 55
6625 56
3658 75
4768 40
7146 47
2415 44
2837 49
9879 39
5830 56
8769 66
3561 43
3247 60
8346 32
4874 44
7544 15
7433 21
5897 67
2203 36
7388 29
7107 73
2532 68
1100 48
1631 29
6020 75
4025 34
9510 30
4355 50
2290 6
965 6
7231 54
5209 59
1516 16
2872 65
3114 61
4423 63
3393 25
6646 48
8846 46
1200 46
7789 59
1672 73
2420 0
6584 52
4106 41
6375 29
9028 5
303 7
3524 1
2708 54
7800 70
1579 6
5229 44
7772 8
7065 25
7294 73
1021 11
5893 49
8294 29
5569 53
4811 73
1896 58
9166 10
667 55
2240 45
7008 37
3161 68
1252 54
8302 22
7689 14
1950 23
9674 67
9693 15
7681 61
5465 57
1622 25
8791 10
4957 64
3465 44
2038 31
9229 7
4973 51
6985 27
7331 18
8660 27
5036 9
695 41
8234 62
6319 75
7860 1
5613 39
2081 52
8774 33
3424 3
1181 29
3825 18
8910 66
6169 19
4703 14
918 64
6263 32
9642 74
6932 54
8063 31
9792 3
3145 34
1654 28
9855 74
9388 32
1479 8
5887 66
2 54
2834 36
8001 73
5959 66
5062 51
306 24
5431 56
4620 32
65 10
3671 28
4161 51
5822 76
9821 78
1810 61
6605 51
6777 63
675 13
6331 32
7093 42
2841 74
5636 62
4461 6
9038 4
2226 12
1027 3
7162 25
3563 56
9836 75
6471 22
6655 27
553 6
6435 7
4041 29
7241 27
8021 73
2697 11
9637 23
741 0
7006 20
4797 29
2420 45
3376 13
8201 54
10 12
3595 36
4778 78
6653 56
2178 31
3753 72
6479 23
2804 59
5753 57
142 64
3273 42
7110 75
51 9
731 30
5039 79
2463 65
6009 67
8381 77
4746 26
614 10
199 58
7746 51
5949 74
4066 19
1506 72
8172 46
5948 38
4587 14
3375 49
7592 73
4292 48
3004 75
8254 70
3370 53
4039 3
6584 66
5882 61
8759 2
9373 39
9462 5
2063 43
5970 53
4730 57
3006 64
6331 76
9875 1
9967 5
2563 74
8945 55
165 49
8442 14
9866 36
7484 76
3699 41
969 34
5040 6
4771 55
1361 73
2255 56
40 22
4077 60
5340 44
3691 35
3593 66
1231 42
6255 35
5737 30
4392 66
6494 43
9452 44
7544 47
6743 9
7549 63
4587 14
5003 70
2114 67
5212 22
7224 60
5545 76
2550 54
2520 21
7834 15
9166 54
4181 18
1865 45
6989 15
8514 34
2392 19
397 57
2577 72
6943 54
8148 27
1112 13
8071 70
8058 22
3997 10
4334 26
9908 59
4120 60
2739 8
3074 22
6128 69
6107 63
3380 71
2223 6
5109 75
5235 78
70 19
278 38
6164 46
8681 4
623 19
2645 61
5058 26
9341 35
5920 7
6496 12
1769 4
4046 59
3733 41
3835 13
1066 75
316 50
7676 78
8509 53
4361 8
5329 74
4662 68
2665 36
1069 32
6612 64
82 35
6920 65
9717 62
1692 8
426 62
4162 64
9238 27
4317 68
3451 33
9348 78
9450 8
6233 12
9968 66
3546 33
9812 64
9192 37
5280 33
5043 26
8720 9
327 60
8959 26
3151 68
5503 33
2346 42
8034 31
8243 36
9668 18
8057 79
5495 32
5444 8
7663 32
1340 8
7995 68
6378 74
1574 7
2806 74
1268 31
7380 12
858 31
4686 70
9834 76
8579 75
6974 10
6797 53
5184 50
741 46
6644 2
9237 28
6751 33
5117 70
8726 13
3769 71
4659 51
2356 61
77 26
282 30
7960 29
4025 25
7990 3
5365 4
3000 77
1794 23
8128 27
8254 4
4670 59
7836 50
6267 79
3223 21
4657 26
3283 11
8581 71
2223 53
7697 69
4888 16
9711 51
8133 63
5384 52
2857 71
442 63
5289 71
1753 55
4739 17
65 65
9610 9
9953 55
5170 74
9908 8
6596 63
4568 41
6550 37
6529 44
3238 58
5182 76
8019 1
4824 34
6939 54
1440 55
4490 8
3743 7
8392 40
4943 14
7747 45
1404 2
2837 49
7261 60
1915 43
9870 68
1844 57
6156 56
5399 58
1075 24
5912 54
7464 34
2331 75
4440 21
4301 5
6440 4
728 8
10 25
5288 61
9653 51
1755 7
9725 45
425 33
9477 44
2104 22
6794 5
9027 28
2330 73
6545 77
1838 15
5943 52
651 44
3373 33
8365 49
1579 25
4356 32
3752 13
882 28
6329 20
5045 45
2284 72
5297 61
1378 10
9750 50
3458 3
9721 40
9892 41
6409 58
3896 58
4667 77
4301 39
5861 26
8430 32
4714 53
1615 56
8956 78
702 37
2896 68
8390 22
6120 49
3938 49
3971 6
4473 24
1832 3
8931 23
7082 51
14 29
469 2
6944 21
8336 12
3844 0
1637 20
9889 48
3253 45
8246 51
3288 41
32 58
3601 43
8289 69
8825 75
6007 46
4021 6
1030 30
1125 62
2024 64
1401 53
4130 64
9456 50
2332 78
3777 46
2757 21
5102 46
4672 67
2455 13
601 21
1515 52
9244 17
7369 57
1374 31
2653 18
4508 36
8680 52
7910 76
3333 60
7802 3
6424 57
8034 33
2113 5
8355 16
9210 78
5862 59
8343 69
8059 36
9494 17
1857 2
372 49
1965 22
3458 13
6635 8
7659 7
5169 67
3705 4
7858 57
1605 33
7823 68
5390 19
6453 11
7021 47
2261 29
556 19
3480 29
1202 63
809 57
9864 51
9588 25
7805 7
4161 65
8596 17
8917 67
3709 38
7021 52
7486 0
9563 41
5241 72
7493 14
9077 33
8962 66
7080 65
9421 51
9695 44
8716 49
9518 62
1531 18
5417 53
3512 34
5450 57
2665 52
2356 41
2266 25
1128 52
2890 75
9159 0
9930 71
9846 74
6368 6
6088 10
426 6
6901 66
6687 25
932 20
8860 26
3512 45
7331 55
1987 18
5499 31
7312 5
4838 42
8797 36
6977 63
7870 14
7003 70
2183 67
1962 11
9124 7
9624 27
2750 66
1722 31
4948 55
1393 18
2600 15
6740 16
9991 33
4031 29
6990 1
3811 78
4724 2
9868 40
5060 9
7931 20
970 16
5664 44
5304 35
1273 37
3451 58
9328 40
7306 36
4756 30
3762 12
7045 56
5631 75
5837 57
6937 10
5720 64
6820 1
8238 69
7929 17
1992 79
1023 75
3555 0
1975 43
8532 15
2592 68
5691 47
7199 25
129 32
7527 5
1266 2
5367 24
9506 50
2455 63
6160 51
4061 47
9420 10
9086 77
517 21
4086 77
922 24
3103 21
9094 22
1050 28
3340 73
8185 69
5064 47
5670 18
5483 49
7513 71
2585 64
2817 77
6460 62
963 31
8533 23
8502 52
9706 26
5518 9
7943 7
9822 26
572 55
8987 61
8085 19
2375 44
5282 66
3642 77
7227 2
628 31
1266 18
5611 35
440 25
271 37
7873 55
9633 53
9662 23
6502 7
3587 61
8306 35
3737 50
9972 57
4941 72
7024 5
8096 76
7701 74
7473 72
4632 63
3382 34
893 35
3420 52
2786 46
2682 8
2244 69
3530 64
1412 9
3555 32
6533 45
2727 41
8422 66
594 2
1008 66
8935 36
8161 5
7004 3
9330 66
1050 36
6236 38
2964 64
7606 58
690 20
1483 68
2405 17
5921 77
3844 70
4534 42
1699 8
2390 9
4160 12
1722 42
7465 49
4049 71
5868 29
4310 2
5569 66
1930 26
7493 76
7267 73
4677 41
448 44
3327 54
386 64
627 35
8349 21
2817 50
8060 18
1279 49
7518 54
5120 48
2915 70
4037 49
2169 23
9753 29
3989 74
4353 61
5789 47
5766 75
6779 39
9825 69
7057 10
870 58
8361 17
7578 5
4920 50
1934 20
6063 54
1127 36
2462 24
5895 74
8247 60
8150 64
1611 25
5367 10
7691 68
1931 20
7539 75
9356 10
5783 43
1282 3
7402 79
266 75
2276 21
6886 76
6317 14
9183 72
2495 18
962 6
1840 30
8092 22
1148 76
3397 34
5070 44
9710 52
5782 36
2593 78
609 65
5528 10
9567 41
4898 30
107 79
2102 27
5088 50
1203 19
1668 19
9897 20
6378 33
5607 53
6088 34
4819 44
5593 16
3672 58
5108 45
6413 36
6069 21
7946 31
5447 79
1143 54
8841 15
4276 11
7376 75
7115 56
4955 56
2713 17
6160 0
9782 8
4670 18
5367 11
7915 39
6638 62
8152 60
3453 1
9216 65
7419 31
4648 76
4873 34
7112 27
2873 53
5614 37
7465 40
8025 59
9994 10
8526 48
53 54
8504 18
7323 76
4256 20
978 58
358 57
8193 23
3602 47
6316 45
8675 6
3560 65
4074 43
2708 63
5797 38
2597 70
8288 60
8185 62
5409 34
7202 49
905 31
2094 77
8006 60
45 21
5771 58
2468 62
9334 0
325 45
1286 16
3498 59
6648 69
7913 2
6234 44
3129 70
2068 59
2955 35
2337 2
8149 14
4812 77
6632 11
69 3
9275 27
9989 30
2140 32
3003 7
8073 15
3906 45
6847 63
4454 2
4379 36
595 66
7873 67
1808 17
6154 18
3169 16
1771 78
7665 12
8382 7
861 51
6044 28
962 35
5204 79
7631 49
923 4
6844 19
129 75
4278 43
670 72
2789 64
2060 43
1387 26
1834 17
3854 74
4040 70
6268 20
6296 37
2705 42
5126 47
5026 54
8288 67
8954 51
6145 79
8024 73
9433 52
7141 19
8990 47
6438 63
1397 57
792 33
7344 61
6700 4
707 33
1443 46
9527 51
1488 15
4452 65
4347 38
9751 37
9603 48
9976 11
3699 62
1287 49
9824 33
9213 10
9257 53
4338 78
4211 39
8542 50
6718 37
4549 15
4657 64
5304 34
5645 16
8031 31
5174 21
5091 35
5915 5
2997 5
6834 38
2741 23
1801 58
868 63
9284 2
6107 44
6099 65
3395 56
3293 78
1713 73
2080 37
3217 3
8773 11
2941 14
4152 59
4773 79
5258 34
2448 5
9653 51
2893 19
5269 40
7573 5
6116 55
4563 0
6538 12
2738 11
6992 40
2885 68
5013 70
4781 0
1227 6
6295 67
1178 40
6237 8
9956 22
7790 46
2695 78
4565 79
5293 43
7601 29
3276 79
7749 43
2905 47
423 22
9978 43
4974 63
6820 24
3423 69
5774 12
4727 19
4650 54
3196 20
1669 39
9406 14
3250 17
793 2
8706 74
6667 79
3384 29
4552 77
2672 45
6668 13
5158 39
9800 10
2385 35
3498 27
6025 6
7342 73
6810 56
2375 72
5588 45
2146 19
2594 49
3851 72
6650 5
7034 61
7837 1
7617 14
980 53
1613 21
1419 16
9852 20
9686 44
9611 49
2861 36
7368 63
1163 66
221 69
3155 57
5867 61
8127 28
5690 43
7222 10
3818 39
5673 55
3117 42
3934 40
6546 65
8420 58
9399 33
1821 31
3670 55
8306 70
2998 26
8950 54
3982 32
1582 55
9347 10
4320 44
8536 44
5886 1
3242 29
7816 14
4278 71
2398 37
8365 76
4426 78
356 21
7618 43
265 24
3754 10
7371 54
7045 40
8601 77
9132 12
9660 49
2297 71
5555 66
4206 54
571 26
7119 49
9921 53
3669 36
2573 61
2691 71
4545 50
2084 75
4728 34
5805 4
592 74
3248 14
5102 9
5096 13
2460 61
2291 5
6914 61
9845 34
8436 34
3730 69
2032 3
1073 44
4031 12
7711 61
5563 57
7940 63
5419 36
4426 20
2286 57
7484 7
1751 35
1743 46
209 69
3196 76
422 7
7778 6
5198 58
6836 47
3992 42
182 67
4604 15
9019 12
5500 32
2010 37
8336 5
3288 72
5250 6
362 6
6136 6
8829 51
7008 22
2785 74
8293 23
6560 53
1259 32
3788 65
3276 8
1487 49
2893 64
6596 2
2784 0
7834 54
7708 28
5121 16
7341 35
3021 42
2605 52
8447 54
5247 78
1644 48
8271 50
6156 12
9543 7
2557 1
8481 74
2107 1
6211 47
5042 36
6203 72
4244 48
9872 1
5498 55
2736 70
4702 45
9352 2
881 5
1202 21
6118 55
89 64
7304 63
1790 16
9464 37
8251 21
8335 5
9301 46
9515 59
1836 51
7005 77
8636 79
3366 68
5728 40
7792 7
1889 12
8016 22
5083 25
9336 17
2658 24
1656 19
7874 39
9295 30
2475 3
4880 20
4987 63
5377 47
3059 35
1008 14
9066 3
8202 12
1192 74
6894 62
6312 20
4572 73
9303 21
7234 14
9332 41
705 52
9611 73
3689 0
1710 55
8259 34
8149 54
642 15
6924 72
7326 39
1968 37
8022 67
8972 22
9945 13
4073 59
1478 43
2999 47
7326 57
1853 54
1734 66
3916 31
6420 43
6115 28
471 60
3062 59
5525 59
3988 65
9400 71
8402 66
8889 79
9243 63
6047 29
4525 28
6839 50
5628 45
2597 30
3089 12
1622 76
9304 26
9357 72
6816 48
908 46
6887 48
5432 33
4150 45
3892 68
2604 51
3642 8
2051 69
2747 35
1752 17
7201 73
7503 50
342 42
4663 2
375 72
2533 10
2752 66
5047 7
3063 34
2152 59
8429 48
2077 61
6411 17
4335 29
6366 32
554 73
2011 22
4830 37
458 9
7097 58
5302 63
852 62
9116 77
8442 11
2772 64
2652 47
5970 55
5880 64
2019 43
2755 41
281 28
6993 38
1940 26
845 56
1713 61
877 5
2974 65
9480 15
3690 1
2238 15
3605 30
4153 62
7347 45
3815 32
6056 11
8971 13
6134 13
2878 29
9821 8
3511 16
2800 57
1534 23
7567 19
569 18
5247 67
6532 7
9886 33
7286 28
5137 5
9406 17
9521 68
9577 45
3885 70
9588 51
2159 52
5835 0
2740 67
2638 68
1230 56
4975 11
9000 7
8082 55
1486 60
8942 44
135 37
4192 71
4732 58
6458 12
6978 74
7385 26
3539 35
9854 13
4194 62
9898 33
8747 52
7824 61
4231 1
8943 19
7834 36
1589 51
8510 16
7602 71
3128 34
3069 62
7400 46
479 8
8905 9
4139 27
3660 45
9128 0
796 45
5187 29
2738 21
4503 32
5505 60
8092 36
3159 9
4249 51
9438 79
605 57
5075 7
5524 64
2396 40
4009 29
960 54
6225 71
4981 4
1550 79
4643 7
6830 48
6382 8
7546 21
4704 21
3129 49
8238 22
1720 47
1879 23
3781 38
6143 70
3689 9
1981 11
0 9
1297 47
8347 39
2926 10
1109 9
453 61
1306 72
1388 57
2145 68
4767 58
8839 69
8420 51
8793 79
5630 71
2759 16
7499 33
5939 74
2703 33
179 24
6327 52
6872 30
7622 46
7411 65
4436 55
2398 48
6575 79
3170 78
9110 79
4059 61
4505 30
1373 9
7908 28
2827 14
3289 63
7336 70
8889 7
4406 3
3585 0
9976 69
3890 36
5199 25
6256 58
9391 47
4235 47
9895 6
129 15
6104 22
5606 16
7697 41
9477 44
9696 55
7368 57
9123 44
7926 54
1143 8
422 52
7267 20
8173 78
9453 76
6078 55
6619 77
8070 31
6653 27
1717 17
5166 47
2979 12
5342 45
1036 12
6362 46
9399 20
9072 30
8689 59
9152 3
4690 64
6240 56
469 43
3756 22
5261 65
6339 78
8883 51
5664 5
1032 4
5281 76
426 21
3640 43
1341 47
9016 26
4022 12
2926 76
7977 19
2160 24
1360 62
7155 69
9418 9
6624 1
9972 74
9631 46
5229 7
7656 10
5818 8
174 41
580 10
6233 49
1716 45
6762 2
6578 27
760 32
9758 54
4214 62
2392 76
9089 57
1272 57
8466 14
9721 10
138 57
2075 25
5947 43
1760 58
6179 38
3333 33
7211 57
3878 61
9545 3
8286 21
1251 21
357 14
9352 73
1604 54
8325 57
5910 48
1801 13
5799 60
7530 37
5133 34
8116 63
2449 27
9431 5
1332 45
7460 54
3308 17
1080 31
507 34
5278 6
673 67
8022 67
8108 61
4772 12
6765 5
5541 11
1865 7
4981 13
3222 17
9291 42
2518 13
8253 29
7386 28
4815 47
9352 44
9214 68
3837 70
3455 17
4107 70
4856 23
9580 56
8342 1
6548 43
3448 55
9422 37
1349 29
9366 19
1172 75
378 59
2875 9
2268 0
4021 22
354 1
364 21
4045 63
6108 21
3795 8
1068 12
5578 69
5063 15
7368 76
6607 0
8120 19
5954 69
4011 66
2797 65
6722 51
6279 1
2228 57
7802 53
16 10
5963 72
2156 27
7712 62
4889 70
3836 10
2985 42
323 9
1152 32
5660 14
1380 21
2593 27
6260 41
644 73
4444 2
8922 4
7132 29
3309 21
473 67
8033 29
3550 20
9646 11
2262 3
670 11
5918 78
7529 76
7894 8
5660 11
762 52
9282 33
8967 16
8228 6
4772 60
8115 48
4046 6
1204 44
6161 67
774 7
7927 59
9545 42
1861 34
3191 64
246 15
4899 54
1181 75
5622 62
5381 71
4570 47
9842 26
4019 76
4631 54
4270 63
7995 22
1666 18
31 70
5307 74
6525 47
9580 49
8407 29
6805 78
1074 31
2117 3
542 59
4841 19
5977 59
6700 78
4534 24
2610 74
3124 17
7241 0
2794 24
4479 64
5958 25
3934 65
9893 24
2683 25
5201 38
3383 38
702 48
6015 39
2684 36
974 73
5417 48
5775 50
5293 57
4516 4
6899 69
6414 62
2243 53
6329 37
9655 51
1923 58
234 36
4945 25
6824 41
5287 45
6735 40
3164 35
2663 34
8423 25
8101 65
2342 18
1209 16
8569 26
4225 23
3150 65
3300 17
1885 37
4621 75
8369 48
2360 28
2729 11
9786 12
5869 30
264 2
9302 69
8446 45
5312 32
3650 79
4155 71
6966 65
4919 72
2281 55
8784 63
4237 34
2562 16
3205 43
8389 68
5130 18
6430 62
8609 68
70 73
6671 50
3690 0
5147 52
7249 9
5968 73
4557 47
262 41
6751 26
7186 58
6723 13
9559 12
2971 60
6438 49
3598 8
2805 59
7407 73
4154 20
9587 39
4360 68
2428 68
3288 67
6844 41
8849 28
7394 12
3881 9
3126 59
3127 17
2390 39
5643 75
5771 48
218 77
8660 9
2859 21
6004 56
4393 3
3379 61
6843 34
6722 43
7678 66
4374 72
1534 67
1557 61
4118 15
5408 26
716 20
76 58
2219 60
8665 13
7641 12
2689 40
2909 70
8189 54
6863 42
9306 25
9606 0
8984 65
7586 27
6239 40
6767 10
4632 55
9924 64
4605 41
9905 30
1693 26
3614 26
6377 27
2185 63
448 69
8687 48
2475 39
3436 41
3906 30
1804 69
1755 15
8836 22
4774 52
3393 20
2010 33
2438 53
6670 51
3679 69
8426 68
7761 18
6454 29
5884 39
9012 40
4412 19
5376 32
8313 21
6710 71
7531 7
2179 68
3746 52
4154 72
7760 22
2262 59
43 32
3655 40
8117 21
5137 49
8130 20
7666 32
1153 17
6635 28
540 33
8545 52
8904 17
6368 11
3530 18
8120 32
706 37
1556 72
9050 16
759 75
844 59
7753 40
6241 26
4826 5
7203 22
7185 55
7683 10
3937 26
7848 71
5446 61
8568 69
1706 46
7138 22
9208 14
2680 24
9251 32
346 8
1315 19
389 61
4546 57
1681 24
1750 19
3013 54
1423 28
1068 31
8832 79
2839 14
3936 5
8650 45
857 47
2776 45
574 28
9959 79
5513 23
3371 66
6602 33
1883 41
8717 6
20 72
4871 31
642 27
3289 3
4536 35
1392 42
3299 46
4467 48
8264 34
5729 67
6110 6
5478 57
5499 28
3397 32
8146 31
1448 3
7239 5
3922 38
7401 65
9442 31
2070 8
7473 17
3723 77
5490 6
7785 11
8160 56
3201 79
5372 28
3455 16
5970 75
3333 12
642 14
7252 64
523 70
3316 67
4259 38
6000 16
1654 29
3976 62
2422 4
2630 61
2082 32
8968 47
1542 4
6577 1
1450 54
7163 53
7996 44
9608 61
2429 51
3689 54
1347 12
9329 15
6413 3
6315 52
5088 29
1940 27
5538 30
570 26
7530 21
6064 67
9119 52
6753 78
2509 31
1095 17
5477 16
4194 30
8807 37
3723 25
491 39
9879 69
3864 8
7197 26
6271 72
5878 68
3393 19
4753 11
565 42
6243 59
8053 45
2016 0
654 50
819 47
9649 21
927 51
8238 60
6732 51
4255 22
5238 13
6546 47
2857 17
3192 50
4568 60
1545 76
3134 16
5706 25
4566 60
1014 77
466 77
9757 1
6442 49
3713 55
4473 19
3995 76
1645 72
2876 42
8379 37
4147 39
3470 11
6932 77
553 64
8423 71
8283 59
4482 36
2377 44
7349 75
3652 54
1367 28
8361 42
778 79
8973 64
9961 59
7216 20
4533 5
2731 75
544 50
7808 1
5702 43
3876 49
7504 77
6487 0
8965 57
201 22
7306 30
7356 74
9828 33
2206 24
5348 7
2053 2
9495 15
4218 33
5881 31
4782 6
6937 57
1010 49
4082 57
3161 28
1139 46
6410 54
9240 66
3343 8
2684 40
3221 21
5643 66
3671 50
5107 59
2749 64
7082 23
8292 2
8943 5
746 47
8822 79
3532 22
1750 78
5951 73
155 44
9581 72
4236 55
9878 42
281 63
3746 74
4585 77
6874 12
9709 31
7531 74
1653 68
1435 0
5870 17
9650 16
6557 61
6965 3
4346 79
5452 77
1987 2
2044 28
3184 3
4643 28
9017 39
7891 9
2250 43
5723 35
7479 25
5079 71
9777 67
6801 0
2762 48
1769 25
7190 48
4659 61
9398 46
583 61
4625 65
4988 78
2904 14
971 29
9609 46
3459 63
4615 8
2340 9
9083 75
9317 8
2486 9
7523 46
3091 67
8149 75
3034 61
1770 52
5674 78
666 34
5786 71
7658 73
3582 45
6147 19
7161 21
9658 41
1827 59
4376 45
9620 30
5482 7
9745 27
999 10
4297 5
5178 50
5498 78
8422 77
2370 69
5249 35
2714 60
5807 67
7103 36
791 75
6950 7
6630 19
5509 2
3857 39
3776 13
1414 32
4963 41
5402 29
5990 68
4381 67
3483 12
8045 14
4402 30
1668 51
8872 41
3608 20
9710 68
9762 14
2744 25
8189 67
4241 77
1046 31
9970 12
5165 9
2939 38
7266 40
5516 16
6553 31
3226 24
4086 7
6835 73
6571 23
4059 54
2081 18
5713 55
3765 46
2270 30
7420 60
2928 37
1697 73
2927 37
3369 64
5963 69
2747 41
6753 29
2529 66
8534 6
8382 9
1121 49
2152 51
5025 32
1350 28
8577 5
844 59
7291 69
1397 17
6267 8
4123 31
7441 63
7006 1
1836 19
2133 10
8190 70
5724 13
3063 56
57 21
5000 25
6481 66
2857 69
6583 0
1342 65
357 22
9856 49
187 8
2048 67
7382 58
458 11
2223 33
7038 28
3104 55
2551 16
9753 43
6124 37
2162 19
8457 68
8375 31
4592 46
1079 11
292 21
5971 65
464 68
8450 72
1323 12
5518 45
9690 76
6607 28
8094 13
744 11
3 55
2434 3
2615 35
2443 12
2229 31
7150 68
5330 23
4412 44
1966 38
8318 48
2089 40
5612 32
2631 75
1845 31
8165 50
7167 55
7180 53
6706 39
4058 73
2341 59
9909 23
8856 70
6122 76
2694 31
1277 29
3571 53
3082 68
1975 79
1856 27
7391 21
4351 36
8795 69
121 66
1859 35
3561 40
4825 48
1345 76
4654 5
5687 24
8217 60
5238 29
852 75
5903 20
4825 15
2136 50
4503 65
1702 70
1607 23
4815 51
9782 25
4483 53
2867 14
9400 18
4607 19
6593 46
776 24
3228 58
5307 39
7191 11
5924 2
4402 2
4993 71
3372 46
7606 50
5970 10
1686 16
4150 3
4447 75
485 75
248 7
6450 51
1294 71
3668 73
4081 77
4108 13
4507 29
8372 17
8544 44
4037 77
5804 42
309 77
2008 9
9979 72
7913 9
373 44
2155 18
7867 27
6286 77
600 60
8261 79
8148 32
1787 3
3866 18
1281 3
8675 26
2439 67
6626 62
8606 58
626 37
33 46
6480 42
8714 10
976 41
1963 62
9514 9
1456 20
6998 22
5847 58
1601 74
2257 65
2718 23
7112 17
217 19
8863 70
2431 33
3193 76
2080 72
2593 18
7233 50
9374 78
1675 35
2067 29
2059 68
878 37
7360 11
4883 73
5490 9
3410 40
5704 79
3086 2
1405 78
6874 72
3798 42
8381 79
5809 26
8142 1
6107 78
3282 16
8768 77
5777 71
1972 43
2027 0
7662 67
9116 43
2094 39
3328 33
7857 1
7781 22
3212 52
2720 20
9164 20
4373 58
9570 15
4096 1
5250 6
3932 38
9408 12
6605 24
5101 42
8321 48
4136 29
566 40
5545 77
1573 74
7995 42
6088 38
5378 21
838 79
2061 40
8057 2
19 51
9709 68
7019 36
6889 40
7298 2
3613 73
7490 38
7809 10
5045 39
1165 24
6646 1
233 56
5495 17
2418 66
5589 63
2030 74
5417 8
8787 7
2817 22
1523 17
7457 63
7518 28
716 55
5751 12
1083 67
6639 51
5943 43
444 78
1300 27
4312 57
7433 22
8934 58
119 24
449 33
8563 22
2930 9
7151 20
3013 11
46 3
4402 16
3580 20
140 17
894 30
5035 61
8604 72
8678 70
7167 35
8437 72
7863 55
5284 39
6808 25
7273 68
7892 22
6440 59
8830 46
1448 13
57 47
7618 5
4825 13
6517 56
3124 27
367 62
3982 57
7936 24
3164 11
3299 45
3661 17
711 69
2025 72
2606 16
9272 76
8682 52
6437 8
8239 34
6144 60
3642 20
1296 26
8934 37
4620 45
1484 29
598 70
7410 23
9760 20
9038 16
2106 47
4427 30
9887 17
5729 75
5544 66
3225 29
8400 63
6211 68
1593 71
4562 79
3695 1
7953 75
6380 44
7355 73
3310 53
2047 74
3287 63
4765 73
7866 34
1270 54
2983 18
6591 59
8092 11
9190 76
2365 38
6518 48
6207 59
1875 54
6626 35
573 54
8639 24
9693 22
507 43
8063 21
326 50
2637 40
644 12
5340 78
9960 34
6909 49
176 12
9195 28
6675 29
4592 51
8965 29
6652 20
8427 65
6135 25
2355 40
4665 38
1530 36
9244 69
9754 35
4125 11
7935 26
2397 6
3595 29
2848 6
5158 29
687 22
3508 62
6117 70
9359 36
5586 37
2410 58
7611 0
1092 30
2230 65
6803 76
9944 70
1472 54
6814 64
9627 61
823 36
3624 14
7376 2
5521 44
6992 47
1441 5
4461 49
5097 52
3693 22
1820 3
3248 66
7931 43
6570 51
8568 58
3436 18
6620 79
1490 41
8131 4
6028 43
9095 57
9391 20
4925 57
75 15
1167 43
5898 78
5948 24
3657 25
5183 3
9492 22
5234 10
5469 49
9804 8
7186 24
9774 4
8718 22
1447 57
6305 74
1471 19
9305 67
9781 35
8043 10
3601 31
1275 12
5409 73
8532 50
2723 42
7352 15
2300 75
8408 70
7773 16
7990 54
7136 66
5566 35
251 7
658 1
2318 15
6039 63
5977 30
6506 62
7354 65
6210 13
7484 15
9881 51
1855 61
5535 8
6581 14
3250 15
8745 5
2771 4
3040 25
5769 46
5434 68
9255 65
7097 39
7066 4
2973 62
1696 26
6277 27
3572 78
9950 18
1564 16
8299 49
2938 70
4308 57
9553 65
1090 45
9069 62
3187 6
7446 5
7609 32
8903 17
9031 37
7352 28
847 36
7926 38
4492 30
847 51
1192 76
754 63
118 0
5468 14
4142 23
4738 51
4245 40
7266 13
4560 76
9447 9
5582 10
9780 8
5098 45
20 79
4349 52
3535 37
929 54
7659 76
1363 63
3138 79
1235 76
7623 52
8656 15
1184 61
1080 47
3330 33
3658 16
2457 19
7150 58
3173 60
6979 8
3924 25
5763 64
8940 19
1320 42
122 55
7319 78
962 50
218 79
8069 43
7854 46
1508 77
3002 28
7030 63
1740 63
3921 1
8920 64
2422 53
263 31
6038 8
2533 4
5681 60
4322 3
1166 35
1052 59
3595 42
6085 43
4434 47
6925 65
2558 1
664 33
6417 35
5687 30
8260 12
2977 72
3436 30
3961 18
7374 16
5360 30
3131 27
2870 56
8062 46
9586 76
7560 62
1378 52
1304 77
9400 18
6713 37
7199 55
1581 1
5253 62
830 57
7463 71
9951 9
9735 51
1551 44
376 41
5621 26
9445 36
8294 43
2226 41
1905 23
9614 24
9218 12
9953 14
5252 74
7729 4
5598 14
3402 41
9331 73
7914 7
2744 77
3507 68
5667 67
1488 55
4708 12
5162 36
8095 2
8912 70
5132 26
8397 8
9735 57
5298 16
1125 64
3504 41
2552 53
2035 28
1978 31
8652 74
5633 46
7886 25
3118 20
8559 8
4794 4
2818 32
7796 22
8365 9
1353 4
5021 38
4865 68
4929 46
5456 33
3232 40
8656 72
2376 66
1211 29
6328 78
2670 72
6313 58
754 16
6082 10
9510 49
2817 36
8346 61
6748 56
4910 45
1593 42
2117 2
2909 29
8582 44
8870 62
9541 53
6995 10
2454 27
3107 45
5995 41
9889 56
7872 66
5969 30
6670 41
859 43
3130 15
5112 2
3069 9
5575 33
6736 14
8326 35
9844 26
7093 66
7218 2
8093 70
4214 5
2633 63
8316 74
7131 59
5668 44
2954 4
5746 15
924 41
2117 77
6138 71
6064 50
3784 52
6510 16
7956 9
5103 48
7834 25
2050 22
1836 66
5683 79
3947 46
3985 10
9343 22
5795 64
4019 52
7200 17
6162 4
5197 13
7824 23
3800 75
9689 67
4474 57
3980 74
4423 49
6999 4
2488 4
89 60
7006 7
8404 21
7706 6
2453 23
1425 41
5594 42
79 34
8813 61
6182 47
7307 52
2791 18
5460 44
899 58
4148 59
5703 78
779 57
6561 6
9628 5
1678 54
4197 38
9220 24
9790 15
8213 37
2245 13
6094 64
4997 32
4051 14
2256 67
2362 69
8653 58
6020 48
5415 56
4309 13
4817 58
6504 20
5945 36
6 4
6246 37
1563 75
53 9
8354 17
2875 43
5619 2
4758 69
7137 70
9757 70
1943 63
9038 62
5295 31
123 41
616 35
14 21
3817 47
2896 50
7304 39
9766 38
6748 72
5030 26
1548 49
3623 68
6346 17
2856 65
5844 46
3564 15
1962 31
4482 20
6817 55
7939 79
1854 46
5606 73
423 14
55 7
8334 39
1156 31
527 31
3641 5
4529 42
7674 65
6965 1
6274 62
9975 34
4653 1
498 69
7932 36
3159 6
8315 14
4149 19
1365 49
2530 51
3120 0
1409 1
5505 59
5261 20
5266 57
8449 77
8575 64
1350 29
5059 3
7365 64
1169 57
6217 73
2876 54
656 26
7702 40
3732 1
5635 0
4369 58
2604 27
1537 21
5658 28
3982 53
4173 56
7224 66
4810 14
1987 76
9806 17
8841 12
2046 19
2763 8
1915 0
9221 19
9281 51
8630 15
3623 25
6394 16
3242 64
5302 46
9030 44
8514 38
7381 6
5858 30
6482 65
6585 3
1175 43
9571 1
6871 76
9029 78
6538 46
3171 35
8594 40
6723 40
2810 57
2985 11
6566 30
1469 61
5883 32
8934 41
3952 77
9504 66
8794 33
6274 55
649 16
6902 6
3851 3
5570 58
5502 29
9974 66
5993 25
768 48
2544 2
6349 11
6297 46
1707 66
1471 8
7953 44
3813 25
4214 17
5518 2
7912 46
2021 72
9664 41
5578 60
5070 50
2528 54
4142 34
4636 45
2097 51
5754 70
6558 76
7645 23
400 7
42 7
1973 48
6210 20
4581 60
2564 48
2863 36
6001 72
7287 60
9833 34
3067 21
7505 35
6714 59
5595 43
3340 43
5274 30
1350 53
9400 47
867 74
8291 42
5965 3
6632 62
4415 77
7613 22
5752 36
6904 19
7881 59
7802 8
7875 54
6883 65
9478 20
7407 48
7055 12
6707 53
3631 2
6326 74
1529 22
6238 57
5440 26
6870 42
6506 30
2794 76
4574 74
3108 15
4500 55
8050 28
6961 74
5906 18
309 78
2068 30
4351 45
1662 54
6963 43
6965 66
4649 79
2303 39
1338 62
9966 33
7501 6
792 61
6982 68
3398 32
4361 66
3875 40
5631 65
6423 13
5757 62
3650 2
6375 20
2973 78
9492 47
1484 18
4774 40
9088 7
8809 18
2393 37
6290 15
3237 34
2569 79
1104 21
3025 23
2625 38
5165 10
498 20
5854 6
7742 18
3014 46
7821 15
7425 79
7608 48
3206 2
4246 76
7475 13
4876 20
5069 22
8125 46
7380 37
8574 13
5127 68
3056 62
8722 22
3369 0
5610 65
8355 49
7982 41
9262 66
9951 10
7811 38
1551 66
7850 28
7170 26
3284 22
1198 47
7485 70
645 48
820 52
4762 22
6173 78
8268 43
3484 61
4730 8
7383 79
6014 64
7326 71
8111 66
8978 77
1357 47
510 19
1373 25
2865 5
2665 35
9862 44
4287 11
7694 15
3363 64
1917 54
4147 18
704 61
626 5
3480 18
2080 65
4824 59
6853 10
4346 23
1395 22
9538 63
233 32
7159 72
2015 9
918 72
2177 37
4913 34
7926 41
8726 64
8916 31
3856 76
5936 3
3935 27
63 78
4599 70
3421 28
1485 22
8925 76
6332 28
5722 3
1392 59
3660 62
6819 51
5571 50
8581 42
5363 33
8369 40
825 60
4444 31
3953 79
1416 69
3111 30
7865 32
602 58
1368 61
16 79
7236 61
2574 61
8558 77
105 49
1949 32
3153 64
9899 11
1567 32
7725 77
2502 50
6812 8
5924 79
8464 16
5191 78
686 31
6970 0
1453 51
953 8
2674 5
9337 74
7146 7
2855 15
2513 73
542 18
2159 55
1493 74
7701 3
9333 5
8894 74
129 45
7090 54
311 9
1487 64
5792 35
821 31
9246 1
6593 1
9092 19
8604 21
5986 72
7686 67
3293 28
1149 57
1253 50
6301 3
3412 74
1230 53
4872 48
6390 72
7964 1
4395 47
5508 10
9883 52
3367 46
7822 52
3400 4
2581 68
2731 43
7438 31
140 75
8999 45
7974 42
6199 33
4347 23
5996 15
5778 22
198 8
5051 73
5466 3
2788 39
6482 26
9787 75
485 30
3790 76
3284 56
2389 4
857 30
7588 48
9323 46
5898 19
4471 73
273 71
2982 47
8924 49
1601 67
1786 0
3512 26
5186 65
3341 54
3731 2
5449 25
4565 33
114 24
6181 48
7736 47
8821 24
674 75
2560 55
5618 23
6202 24
2194 54
9741 77
56 9
2846 75
7764 78
1702 49
7166 70
264 54
2442 17
6588 15
9556 57
2218 26
245 71
7080 11
7734 37
9269 48
3041 33
4752 66
6115 59
3034 75
9375 60
1612 62
3387 3
1314 39
4199 76
4803 32
3044 15
9315 45
3421 51
1648 6
7793 13
6404 46
4977 9
3830 20
4007 67
7007 21
3246 3
5315 60
8825 19
8857 56
7835 14
3162 8
1921 54
5547 5
5154 2
9750 28
9910 2
492 71
3260 65
8728 55
447 54
9919 47
1236 55
9491 16
1671 27
8260 77
8574 41
9536 10
7589 18
8023 54
6715 72
6966 34
8347 42
6108 61
4935 77
6608 61
8613 8
737 28
4922 44
5488 29
5348 30
6498 25
5831 67
7040 11
9105 23
9268 36
2759 9
5464 59
7824 22
6917 21
281 1
19 12
4087 60
1597 48
2260 38
6032 55
3353 1
9200 34
7501 62
4479 13
8465 40
5010 66
9882 25
1549 60
6703 77
5673 67
3309 1
4369 24
9194 23
7340 46
8765 42
9079 3
7891 40
8584 42
8466 0
2081 7
9973 41
8319 70
3810 13
2870 40
788 1
3462 75
7934 66
467 68
9132 45
809 60
5083 58
7509 52
11 22
5220 54
3562 76
552 10
177 32
3060 34
4896 72
5505 3
8926 55
7880 0
6358 70
7727 68
5419 49
5152 44
2233 76
152 47
4615 0
9675 11
2104 38
4909 45
5554 47
1598 27
9099 29
4952 50
6577 66
5700 72
467 19
9841 13
633 8
837 35
2185 35
8144 7
1152 26
6416 43
33 35
5880 1
5015 59
3398 54
8357 34
2759 8
1737 23
3972 37
3352 44
9476 66
7297 22
8637 21
845 19
1033 32
1323 7
172 11
4705 21
7598 60
3818 23
3145 53
6915 75
2309 58
6681 26
6117 29
176 69
747 24
1226 78
6260 38
4782 32
3470 47
5072 44
8800 15
6219 18
5015 65
4386 56
6579 77
2333 42
5563 59
7392 46
3291 18
4919 18
721 50
6354 5
949 74
6717 14
4303 7
2017 29
8115 58
6128 29
4446 69
6462 34
3766 34
8255 4
6806 79
2972 24
3394 26
4387 40
6547 36
6692 62
8884 5
5239 66
2534 45
8551 29
4727 66
9542 58
8011 75
5229 8
6918 24
9210 62
2603 75
1659 28
2196 7
4423 41
2181 19
4508 62
5826 27
8032 31
9395 36
6665 49
6163 74
6184 77
3355 72
5548 47
2493 50
330 75
908 34
8486 13
2610 46
9138 43
5988 35
8218 57
4034 32
2510 57
977 17
5333 61
7926 37
1164 58
6197 79
2131 11
9419 38
3836 63
8476 9
2645 0
9239 35
1852 17
9532 6
6027 67
9359 23
5193 68
7468 38
1469 36
2588 73
474 5
1820 68
6843 63
7921 39
2566 78
1609 51
8061 57
3738 74
2200 15
1413 50
3995 79
945 38
91 68
4028 26
6612 11
9472 72
5692 67
3633 76
2455 64
3412 56
3401 28
2591 21
583 43
8040 39
726 73
6016 43
1953 18
1095 15
1077 77
1953 14
2166 54
7971 39
9742 7
2768 58
8829 66
467 78
2486 29
1062 49
408 43
7893 13
5455 67
6256 52
7014 63
4591 72
7503 20
3033 72
3472 56
8857 27
6021 37
1579 2
4998 40
8698 30
2455 6
2088 78
4855 28
7426 66
8038 18
6472 33
4932 59
8174 51
1156 59
4224 12
9838 54
2822 38
8093 17
6084 25
1580 71
2398 42
9340 42
8142 77
9536 36
1362 72
5556 40
4057 6
7466 42
7382 21
8533 56
8667 77
7083 4
5502 61
9081 47
5994 19
9082 51
1556 71
3591 45
9385 21
4564 21
9342 69
5624 27
4415 25
9179 64
5650 34
8209 78
7025 15
2349 5
7645 36
1045 35
5249 3
1817 31
8233 73
3933 19
2524 23
792 3
7899 11
3928 14
3071 59
1831 32
1271 14
2430 1
2502 71
6685 78
2201 14
6210 50
4896 29
8749 0
90 20
81 32
1715 57
534 3
5037 63
8796 69
25 2
8191 31
6668 45
1144 53
424 24
8847 66
6105 17
8702 78
1736 53
5741 26
1893 44
3557 56
1205 14
1480 41
1963 6
6628 68
1830 1
3972 16
3906 51
2930 47
4675 38
2155 23
4763 0
4955 77
6133 32
7888 48
2618 52
8933 0
7865 43
2994 9
7428 2
8516 64
3261 13
1823 56
6738 51
9424 49
1280 70
3585 31
6965 46
2532 66
352 34
3807 7
2626 18
527 74
8126 35
7699 70
6552 40
6732 27
8792 73
282 27
5216 67
9749 49
1500 44
2775 14
2584 49
6560 33
9208 14
6810 18
7485 56
1160 28
4284 27
3869 21
1252 28
8157 59
2654 74
1635 76
7870 53
4268 2
2080 26
3810 9
629 27
4062 31
8099 72
5416 7
5558 60
6316 73
7822 54
1014 73
2487 1
3397 51
9198 51
1561 16
5420 63
9410 40
1845 39
2691 68
655 17
9065 14
3846 68
258 24
3813 16
1947 53
6842 72
9430 40
9378 29
7536 7
5529 24
8758 59
4148 51
3355 71
696 36
6512 19
5038 55
9788 68
8728 55
1322 73
2648 25
2972 68
3166 6
9231 19
2285 51
5038 59
3925 78
3701 48
7650 70
3340 3
6034 71
3630 25
7761 65
4007 3
2605 37
2677 31
5273 12
5385 75
2981 35
4960 1
9008 22
7315 35
6520 56
6871 52
9817 12
6996 1
6839 36
2883 27
9335 51
7004 33
7135 65
1200 14
9271 59
2790 44
4558 35
713 4
9728 75
7604 52
1884 42
6119 75
7273 57
6330 36
2515 61
5897 76
7704 1
2962 17
5493 15
2274 10
6888 59
9113 77
4777 59
9264 17
870 7
4328 65
169 73
2430 40
7231 65
1546 15
3123 72
1098 49
5808 79
4743 8
9950 4
1591 38
8071 15
2103 49
1632 15
5936 75
3462 44
124 77
1755 41
4301 32
4793 72
4351 56
4890 73
9224 78
8288 1
7633 56
2858 67
3913 71
8007 13
903 60
1375 34
9060 39
8855 63
9421 46
6547 28
3697 39
7823 18
6357 35
6540 51
4223 6
9594 26
5145 55
741 16
2687 48
7399 8
7004 66
5316 72
1016 73
3672 4
9027 71
3086 9
5869 16
5955 2
131 50
2539 10
4057 62
167 0
6684 71
8138 32
1876 22
9896 35
3018 40
9675 21
1114 21
