100
10000
6585 41
6313 71
4433 36
554 63
3180 77
6390 28
3402 35
1288 13
3422 32
6533 40
8732 5
6258 15
9760 50
5114 46
8224 50
5834 20
3396 33
2759 44
234 11
7095 55
5995 19
1927 23
6320 28
6498 26
9479 72
2499 17
151 58
1065 44
6858 74
7704 5
2736 69
8137 21
2412 61
283 7
4380 20
1611 23
2344 49
4203 53
3781 45
9889 44
737 61
9315 74
6961 28
3001 44
3503 51
9656 8
172 8
9331 6
1745 49
2034 59
3551 19
1327 3
9060 75
4403 10
977 56
4001 56
3694 68
3243 71
828 13
3347 18
9882 4
2086 11
7215 48
2197 25
2162 48
7961 45
9840 44
1136 79
4438 22
9711 26
3725 67
6452 16
5329 16
6857 27
6328 66
9795 66
776 14
4989 68
9995 50
2939 4
1357 62
7439 64
4681 50
9088 0
3577 22
1917 40
8888 48
2590 58
9208 21
3681 75
9918 63
1757 48
508 55
5852 5
1496 0
60 9
2111 32
9790 74
5657 11
2805 8
8355 45
1484 57
9488 4
7114 25
5863 72
78 43
8489 72
7012 32
8085 51
4645 2
852 79
5785 46
4014 9
3517 45
5438 25
4436 29
8002 33
6858 64
6317 67
4969 65
7136 76
6761 14
7805 49
2535 70
8675 4
4992 1
7495 35
1887 70
3258 61
5563 77
3603 50
9132 50
3215 70
7142 50
6336 33
7037 6
8983 22
7565 57
6352 14
1906 23
4245 64
5401 52
2440 48
6486 53
4979 49
9803 47
71 72
2641 11
2461 47
508 51
1819 18
2452 76
9323 57
7337 79
6413 19
8485 21
4157 27
3499 31
9663 26
1563 32
7342 73
5562 55
4029 32
9747 44
3408 48
8643 6
1523 10
3610 71
8572 58
3910 70
5299 35
3590 70
3407 8
1908 23
2548 36
6717 9
6582 7
8515 25
5539 14
8683 58
778 78
7444 65
1030 44
2558 44
8336 76
6546 47
642 4
9921 29
9231 75
3968 0
4080 20
8886 54
6968 49
5300 8
545 6
3779 39
5593 76
8483 5
7203 62
5840 30
1773 35
1127 17
2176 56
4189 14
6373 9
2178 78
8447 28
9381 10
3802 11
3672 73
3246 60
8769 57
8762 30
1975 9
800 2
7038 16
5781 36
1797 30
9660 52
2873 14
4956 38
8559 4
6899 66
3721 73
2419 56
5863 79
5616 36
502 35
296 73
2103 47
8957 14
446 57
8534 34
7784 75
8884 13
5112 31
1764 68
9840 39
6070 8
7712 23
8639 60
1660 32
1114 33
8539 25
200 17
3339 11
2676 52
3431 74
9407 17
7183 27
6467 69
9231 55
3055 9
383 59
4247 67
2146 8
4150 28
9438 61
2875 25
932 31
5515 8
3299 67
3158 9
4695 40
8931 6
3307 4
8999 49
68 73
9193 57
5174 51
5356 56
2661 48
2826 27
7984 61
5600 15
3287 58
1177 20
4503 9
7827 65
708 24
2221 21
604 23
1561 5
7335 72
5065 54
4749 36
5124 25
6141 68
8814 62
2038 50
1926 54
7682 12
4366 57
5836 33
2616 48
123 60
1919 33
5805 75
5824 53
548 75
9645 39
7071 65
2307 75
1203 23
3487 72
4950 17
7733 35
1707 59
7937 42
9746 49
7082 26
3209 74
378 46
5467 50
9624 52
9741 51
2934 45
5523 63
6837 65
7871 29
4637 45
5065 77
8278 43
7346 73
8407 75
2820 59
6826 67
1922 21
1352 0
2419 33
9286 72
3813 37
9952 30
5940 66
8295 33
1350 42
8229 2
6044 43
1674 64
1080 44
1439 1
1585 51
6132 47
2333 33
5174 28
6511 27
2904 36
6184 22
1041 30
3492 61
3954 46
1241 34
6136 10
7250 31
3699 39
9567 24
5564 79
6436 15
1575 17
9272 2
7619 6
7945 53
8464 59
4986 24
1869 32
3293 38
4489 43
1254 41
9508 74
8076 12
4204 52
9723 31
1814 74
1805 65
2695 79
2840 13
4903 33
5978 19
5019 67
7394 33
3915 72
6677 30
7684 30
9053 52
5550 69
3338 40
5346 42
5460 54
1081 37
776 45
8388 75
6034 5
2879 49
2805 8
6104 62
1087 68
5757 59
4368 76
5622 25
9751 5
1512 63
1098 36
6168 47
2975 34
5806 20
8105 25
3521 43
5339 29
2376 42
220 58
5130 1
8840 37
9557 12
4746 18
4047 50
616 2
9928 29
479 55
9004 70
5388 70
3075 28
9200 6
1766 65
5024 27
9805 33
5625 74
9848 64
9165 25
4130 15
9582 37
1540 59
6769 78
9562 50
4501 3
2750 50
4841 6
448 0
2249 11
1838 50
1798 66
9660 42
6661 63
1463 63
3256 66
2693 73
6950 24
7709 9
762 29
183 51
2969 44
5341 73
3430 70
4279 69
5298 74
2594 34
3179 54
4958 56
7252 27
4890 34
9549 70
870 78
1613 16
3847 0
2565 36
6214 3
8234 8
7289 45
28 10
7608 62
7497 24
3064 53
8819 76
3232 63
2787 18
7345 61
7771 56
466 16
7329 49
8861 20
333 21
7391 6
8923 25
2345 52
1195 54
4714 79
6867 41
2992 63
8203 38
4147 20
5705 58
3898 52
9514 76
2398 53
812 30
9831 73
2601 70
5113 33
9694 3
9189 64
9551 79
7392 61
6477 16
2472 52
9198 26
572 58
9143 53
3940 42
3047 70
8574 1
6601 60
9932 18
6000 26
5803 7
9474 44
2375 70
6247 23
9983 43
8166 18
526 71
849 27
766 21
9400 39
8882 37
5735 58
6101 55
6744 47
3066 37
4410 21
4720 29
3638 38
8516 10
1970 68
9803 30
8901 2
4352 30
7572 61
3459 74
5953 22
7578 23
3286 44
4090 11
8162 74
3257 69
8368 11
3606 6
3077 21
9068 16
8302 9
4228 57
9941 6
2265 12
1283 68
5115 44
4478 20
8749 6
9261 49
2298 50
2811 2
3371 21
1171 16
876 7
7214 63
4702 60
6625 26
8938 16
5474 15
468 68
675 20
101 16
4821 21
4867 20
8253 12
4460 15
2856 59
6493 11
5750 56
1466 51
5494 54
8337 17
523 28
4469 24
383 36
1363 27
3738 50
9855 57
5649 14
8793 70
9832 49
5032 23
1241 72
6633 73
8289 56
8149 14
1741 78
7190 69
5160 17
694 5
9574 7
8930 70
6376 17
6055 27
1388 19
7139 16
5148 20
9039 77
5759 14
6838 36
3066 67
2507 13
9642 60
7649 58
2834 31
4352 25
4356 13
8741 55
3 20
2208 59
1155 56
2199 38
6894 9
1669 21
1100 49
3974 48
4092 28
5281 35
9030 68
1257 22
4977 25
1418 26
4039 41
4528 67
2646 49
1897 45
3088 32
3193 60
6672 4
7807 36
1243 20
3573 65
79 41
5310 68
3205 58
8328 27
9268 51
2442 60
5660 32
5721 62
5367 75
202 35
5984 16
1916 22
6799 10
9733 13
7231 28
269 11
369 46
2074 69
2382 17
6282 14
8953 17
656 2
8379 70
477 59
3703 39
5438 4
4172 12
6619 7
2109 45
1596 37
9469 45
7805 50
2667 45
9431 57
9768 78
8277 20
8909 7
4110 0
3379 31
5986 48
1321 23
2501 17
9202 23
5038 69
5687 3
6787 47
6976 10
3032 41
9608 43
7205 69
4769 21
2872 79
4948 73
9512 43
34 78
9536 32
3949 33
4933 16
5840 38
5658 67
4601 31
22 47
3828 40
3157 22
5016 45
9197 60
9893 57
2418 68
3519 76
4848 70
4924 23
9509 14
8116 7
4933 36
9552 28
1796 52
9566 53
153 74
3572 26
3312 76
4254 38
2745 35
7966 47
4573 6
3646 19
5772 69
282 0
8144 0
5992 79
3669 66
469 14
8159 61
1440 58
1429 19
8223 6
2626 46
6932 42
2096 13
6710 58
9368 43
6608 1
1877 45
22 11
6898 8
4523 60
37 29
907 16
4401 51
3236 16
2830 31
7331 62
8527 65
7886 61
9597 14
9947 79
4716 22
6261 28
9887 18
9959 45
3569 76
2198 66
4473 10
9376 6
643 40
3712 29
4265 49
5298 38
57 26
5248 51
9692 11
8282 66
7415 74
6609 24
4584 22
1378 41
7269 62
9089 6
5959 44
4991 51
6828 65
2238 36
1923 77
4586 35
990 43
1033 1
4390 55
2713 71
5249 77
2099 39
2474 48
9838 20
3582 3
4018 58
4585 71
7840 60
5633 66
5803 40
3075 56
4520 41
1472 57
5088 25
6815 71
9823 1
9329 33
6740 30
5842 65
4200 34
5477 63
1769 68
6797 48
3958 4
7617 47
1492 48
2187 69
4399 76
1537 8
7383 49
4126 30
5729 37
9620 12
716 2
4250 47
2952 22
1242 38
5404 39
1464 10
5231 64
9931 59
4252 45
5917 73
4862 31
3662 76
8903 12
3769 32
5772 70
8622 64
2632 38
2732 61
2914 53
5523 44
148 7
3869 74
2827 4
7276 76
9622 4
497 71
7225 7
2510 24
4057 46
3859 66
2972 25
2411 50
4519 62
1672 0
8358 67
7440 68
8182 40
3193 19
9243 4
1155 37
2787 10
9567 3
1590 39
9977 34
5360 11
4223 55
9635 18
8823 6
2479 30
3905 11
8306 51
6998 68
3446 30
3677 57
2850 51
300 73
1550 33
3346 18
3994 20
92 45
9122 40
563 51
8735 4
9837 16
9057 26
319 19
5844 42
7559 31
4676 14
1921 49
2074 53
2056 77
902 79
893 8
245 66
1293 76
2335 71
5046 76
4768 4
3691 20
5965 23
9518 75
2947 11
2952 8
4280 74
6809 14
7900 16
1777 38
439 39
8951 23
3477 36
3328 5
5308 30
1591 3
5970 70
3344 6
7993 7
3404 39
9975 76
59 20
9121 56
3472 69
188 54
8928 6
4431 29
7586 53
7383 0
9423 10
3427 16
243 30
5509 30
7281 57
5208 32
2555 60
1207 79
5033 24
8712 59
9863 9
218 44
1781 34
6341 54
8699 6
7918 71
5676 16
406 1
922 32
7129 15
2478 67
515 69
5959 29
6091 40
9173 6
5834 71
6321 62
6542 21
2476 14
6491 20
6101 13
8517 16
3631 11
1743 69
4748 14
1923 45
7041 54
4476 26
46 31
3895 28
5828 51
8802 48
5131 41
1259 38
1192 46
2095 45
2132 62
7524 45
3238 47
1767 16
8917 75
9053 30
6610 24
2855 19
4131 5
5147 63
5883 19
1412 59
5674 29
2729 67
176 6
5688 36
1083 30
1734 18
8497 64
8786 70
7566 75
9634 52
6246 75
6662 21
3099 67
5394 21
6371 10
6612 10
6984 63
6649 79
6872 58
7506 61
5513 48
1631 5
1836 18
9086 28
7266 51
9357 19
4433 68
9160 50
8576 14
3670 49
8230 11
5782 35
64 50
401 63
7429 77
7850 28
4094 8
1168 72
9644 9
4285 21
1104 22
6373 17
2636 71
7471 32
5755 73
9594 24
6109 76
6474 25
5521 58
992 71
5119 69
1804 5
4445 43
2905 48
6554 56
3358 37
7957 41
5266 0
644 8
2719 18
2965 41
4639 45
9410 0
3105 16
969 28
1043 74
4899 4
7114 60
7508 77
3510 0
309 37
7453 0
864 63
2098 68
59 59
6355 12
4215 33
2569 38
9621 58
860 60
3741 44
5189 13
7630 48
8096 22
8479 17
4058 13
2768 2
5194 42
4260 44
2887 51
2560 4
5534 66
1335 6
9819 4
4137 0
7287 33
203 76
6108 52
5190 75
1107 54
7195 59
179 11
5189 37
4447 72
5057 53
9490 78
1567 71
5732 56
3324 42
7711 30
5288 4
7114 52
8812 18
2553 50
8908 42
3459 0
9262 31
8083 77
2799 48
2993 12
2078 62
6834 76
766 23
4014 3
4219 36
8267 22
8024 59
3674 55
3995 18
1750 76
7313 33
4911 8
4037 18
9866 24
7314 56
1997 12
6677 73
8547 15
276 26
49 5
1339 37
7627 65
8556 41
7786 16
1629 15
3242 69
5114 52
4184 2
5945 72
8930 32
6667 17
8881 11
138 60
3455 60
5438 18
7755 4
2043 51
7872 50
573 18
5351 50
2749 29
824 51
1498 71
709 2
2149 67
9933 24
6348 47
4076 45
8075 43
4699 39
9574 37
7376 3
876 34
1643 30
9317 42
808 33
5698 65
9585 55
5420 46
1908 61
4626 74
5699 5
1119 70
7679 6
545 25
1249 51
4114 21
2352 6
6796 21
9401 57
5845 53
5633 65
2249 78
8413 24
9191 60
8870 37
4864 30
9731 26
3085 74
6323 10
2814 26
7352 5
1615 23
7688 49
7633 16
8988 55
5961 71
7961 39
5909 56
4982 24
4822 71
1237 64
4043 21
3022 61
4327 31
3626 78
2933 3
8552 32
7226 63
6309 9
6215 56
7247 43
6748 36
1990 21
9966 20
5133 44
4995 66
8386 65
2160 35
1212 64
4871 24
334 20
9958 71
391 58
5143 1
1568 0
547 16
8182 25
8793 63
598 1
1378 6
9502 72
8373 64
1411 76
9479 58
9219 71
2555 59
141 2
2648 11
4753 5
6658 1
4143 76
8331 60
4775 55
3910 14
2489 78
222 48
9772 47
3210 6
7163 54
9015 1
4628 71
6151 58
3625 43
1973 49
5175 21
4787 19
1366 16
8132 65
6254 71
3307 51
5724 64
253 72
94 54
4784 40
2065 65
6083 25
640 52
2479 75
5760 3
9356 32
3509 47
7330 74
2499 32
1201 51
3769 14
6507 19
5768 59
3941 18
8636 16
8479 11
6922 67
5212 8
3599 50
3095 64
6805 78
2971 58
6579 7
9676 76
5956 64
7862 52
2591 15
5967 66
4105 52
8106 65
5386 50
6195 1
5172 15
3057 2
9018 52
3389 46
8353 17
5515 35
9 33
9706 59
6132 4
8241 75
573 15
3519 53
5106 61
8786 9
8990 64
9961 15
5866 56
9736 26
2679 63
6516 9
2749 14
3729 47
8876 64
352 45
5344 17
1208 73
3700 66
3023 46
3969 12
7200 63
3020 78
7823 56
8438 53
5107 52
8700 22
2395 21
2931 27
6277 51
4979 24
5841 52
2727 26
5581 20
6829 43
3256 49
8674 4
8120 54
770 15
1176 50
9115 7
1369 36
8971 62
4129 70
7213 27
2816 19
4144 15
2932 37
1969 50
4303 63
6260 47
2840 52
8319 24
917 67
3657 71
8528 32
3287 35
2179 0
1120 43
2159 16
7158 34
5082 33
1160 39
593 68
1761 79
8196 63
2748 66
9579 26
4908 79
1422 73
7648 60
8136 21
5839 46
5460 57
2081 65
5835 70
2981 20
2908 20
8435 37
478 53
5597 53
623 7
9518 71
5001 55
4181 42
6478 60
9610 64
1240 23
2205 26
110 37
2812 3
8481 30
6790 70
8021 29
4934 60
5293 44
1695 70
3300 44
7049 3
3304 62
3555 78
7715 17
1128 24
3659 40
3642 29
3736 7
6000 38
2031 42
2855 74
3275 66
3573 65
9534 77
7507 39
3516 65
5452 74
3429 21
5955 64
7510 11
4392 23
7996 62
2779 10
4317 68
5936 45
7746 0
4633 38
8642 23
1503 72
7097 60
1208 77
3597 10
9437 15
6038 62
1829 19
9935 47
7647 66
7867 11
1746 37
5528 47
7199 13
2847 34
5664 61
9483 79
3600 4
2287 29
6174 27
174 12
9305 55
5198 62
2296 43
3881 0
8460 77
9071 52
2158 3
3339 76
5502 42
3210 21
7783 67
1014 46
4655 58
9265 35
4022 68
8305 74
9764 5
4466 9
9415 44
8077 2
5043 59
6456 29
1419 38
4698 0
5216 71
8825 61
4226 28
6675 24
7370 46
7566 36
6986 31
8627 73
8455 15
7112 51
1830 10
1891 42
8486 33
4054 42
5552 4
4890 31
680 57
3233 78
41 28
5823 34
2222 19
3389 50
2504 13
2453 44
8120 54
4478 32
9094 57
2263 75
456 51
2493 79
1019 64
1667 11
3625 36
3047 76
8476 56
9549 0
6296 78
1705 18
2400 67
8330 71
2149 17
5811 4
3994 62
5407 74
2307 4
8605 15
9901 62
1777 26
5978 27
7292 59
6769 66
4241 5
312 51
7305 25
5366 38
272 15
2697 66
3074 51
2528 76
1427 26
4411 73
224 16
896 34
3210 48
1422 20
2594 31
4220 64
6946 53
7218 53
7170 9
2444 8
6873 7
6417 62
5139 33
9219 22
2673 16
8478 22
9493 53
4754 48
328 32
1772 0
6076 11
193 37
7969 69
7968 57
1277 39
3145 47
8447 4
2768 73
5376 33
6426 66
8189 31
4268 14
2406 49
4467 44
8450 46
2686 6
9376 53
2306 53
2616 8
4622 35
4719 7
7244 30
5029 25
2522 38
7043 73
8974 20
5571 59
946 54
7395 9
6720 27
9184 15
1519 8
3537 63
2963 52
7569 50
6951 38
1947 12
7197 57
3983 27
2595 74
489 43
9632 78
4155 40
1180 2
672 34
5499 0
7858 6
7686 26
1323 79
2916 55
2177 56
2713 23
3894 76
6744 5
3746 12
8411 72
1317 77
1487 69
387 76
4129 21
7464 14
1145 79
6948 72
1498 66
4619 55
7909 64
2791 13
2434 42
5644 58
1215 20
6652 3
4683 69
5626 17
9572 78
2412 56
4328 36
3145 18
3143 28
1618 56
8086 50
8732 44
782 37
4673 70
7 18
8062 57
7686 44
5241 17
5871 53
5702 12
996 44
9449 18
9971 35
6602 34
7859 27
4415 42
1979 78
8099 18
8729 41
2204 6
1990 52
3634 47
5261 16
3980 12
9741 59
113 34
7473 3
962 61
5011 21
4006 2
3670 16
1001 3
4086 27
7838 13
270 48
7164 66
615 20
7284 14
6782 51
790 72
2773 29
99 71
4774 7
1610 62
4323 15
4814 54
6299 16
5606 6
7756 13
6689 49
9457 14
9568 61
5507 69
7795 43
5416 76
1333 24
5980 12
9791 47
3512 12
7087 40
2172 4
2412 1
7883 61
4864 72
3583 72
5304 50
8221 55
5489 59
9621 28
5725 26
2666 12
1020 0
9433 47
5373 46
4242 22
7325 16
1102 58
8014 9
979 61
295 44
8525 47
4338 68
9108 64
5334 65
9707 60
1411 63
7019 72
8188 37
3022 40
2320 55
2831 74
3161 25
3607 18
7096 64
3645 67
1314 6
113 71
6812 58
4574 28
1226 66
5167 59
5818 46
3014 53
9747 26
6912 28
3604 48
4875 11
445 23
7897 67
2269 60
8972 3
5822 43
7042 4
5033 42
8263 78
4308 34
4106 74
2471 27
3021 6
8508 19
7250 78
3957 43
1981 61
9137 63
5954 47
1835 15
919 66
4988 14
4881 41
2853 6
9668 76
3252 54
9865 32
7549 42
8371 62
4558 5
5734 19
4520 78
9688 52
5659 68
6169 11
552 62
936 66
6179 20
5546 75
2990 20
1853 41
2688 66
4739 15
8923 31
6938 3
4644 36
4420 63
3557 43
476 68
5484 74
6698 43
2415 30
9827 57
3187 64
3414 61
8112 70
404 58
747 72
5258 28
750 45
4239 9
357 50
4984 5
6541 39
1516 65
2661 22
7641 50
4615 65
1466 9
2013 70
2618 53
3822 33
6023 33
201 15
4081 74
5936 74
3075 34
6914 54
7886 26
657 38
2769 16
3306 12
1275 36
3977 60
8579 40
3942 43
466 20
9631 41
3590 36
8706 40
2447 63
6247 56
8850 3
5489 17
8657 2
5583 12
6214 67
1223 14
4786 55
2539 66
4070 57
9428 34
1982 49
7100 34
6962 21
1082 73
7648 28
355 77
771 33
3549 73
7256 0
5513 29
2695 0
1223 19
3207 77
1370 41
3898 1
4525 32
625 46
6982 64
8149 74
8574 53
2081 40
2623 59
804 47
2913 1
3458 57
8476 61
5224 26
2984 76
2191 27
7715 36
7578 66
9203 72
5908 0
8832 55
2234 6
3847 65
9459 53
3504 55
9089 33
4232 46
73 65
5890 64
9904 37
4711 15
1500 52
2020 22
9740 2
1889 47
7179 74
3312 26
8749 14
4544 32
7871 24
8656 69
1297 27
5530 3
8527 75
4653 73
2731 22
488 48
2576 61
2957 37
6649 51
1127 71
4306 65
7457 79
8300 4
6228 71
2592 68
1689 9
9261 1
7160 5
3849 12
7892 30
7752 15
5857 17
5235 42
1835 35
8522 43
888 55
853 57
2636 40
2471 77
4985 73
5788 46
5120 7
2551 72
6066 23
9861 40
3513 17
3194 54
6585 73
3700 31
6596 70
2642 61
840 32
2584 38
4464 43
9486 14
9399 75
5936 74
7124 2
5919 34
5971 13
2782 34
2465 24
2618 45
9819 57
1758 31
7278 16
2199 13
9755 8
8958 43
4838 26
8483 74
6371 47
3108 43
3261 0
4003 21
7364 44
1344 15
8489 37
7207 42
4270 39
7259 46
551 54
9660 0
1800 35
6281 45
7511 10
4710 21
3710 60
5551 70
1388 20
337 4
256 55
2672 34
8090 13
9415 48
6956 7
3645 2
4150 12
6379 8
6456 36
1760 63
4770 15
249 67
241 3
9989 15
6316 65
5187 3
968 51
8356 17
7297 68
2990 68
42 12
1327 61
886 22
1472 75
1337 15
9721 54
7083 29
2491 8
3195 10
8533 57
9733 28
2453 38
6944 19
2094 30
176 14
9619 24
582 10
4515 67
2040 8
5361 44
3371 73
831 70
8606 72
7574 73
6845 53
8236 73
9863 58
2724 66
1371 27
5946 13
3115 15
6705 18
8194 69
555 26
5085 5
9922 63
9727 37
8773 18
1984 4
1634 73
4693 7
8836 51
76 61
6485 57
3196 64
2350 35
2953 27
6490 68
3055 50
5212 4
224 67
7032 72
8680 56
6212 47
5830 5
1694 75
810 68
6823 58
9372 74
319 65
647 37
2147 20
2460 21
1576 4
3393 69
8894 5
4990 21
9480 59
3886 20
2958 1
6783 63
199 53
1061 64
346 3
8098 37
8490 45
6988 47
3610 20
4406 19
5468 69
9070 17
3566 19
3417 30
7119 28
2854 32
7650 59
3719 5
9694 26
7154 33
9366 66
6605 34
7046 1
2417 33
8007 38
8744 72
582 75
7334 42
7427 16
8025 19
1703 48
6154 46
2668 34
200 61
7478 79
5826 56
8240 42
9124 69
6948 33
7639 16
1981 63
4213 71
8108 59
1465 5
6622 64
1627 25
3296 10
7156 50
5201 74
5940 25
390 70
5089 43
6199 64
5871 49
9728 17
6247 14
3802 50
3033 21
5855 39
5280 5
9964 41
1439 34
6385 62
1433 32
2068 38
2821 46
86 69
6121 77
9693 72
6666 12
2186 38
1932 34
6443 52
1051 23
3769 21
40 78
1195 60
6692 35
3384 32
5672 13
1768 27
9923 48
1116 78
5899 19
3708 37
1723 9
5170 50
9756 77
3516 57
8384 63
4769 40
5601 53
7994 0
638 16
6252 36
3604 29
3941 29
9949 4
9981 39
1287 32
9692 12
7682 27
3007 11
7515 53
3544 21
3414 34
1173 35
2913 62
1630 55
8187 29
2348 46
8271 18
2911 15
4661 60
8072 35
1207 24
6125 49
749 7
5417 4
7480 14
4505 75
5642 68
4864 61
1839 75
3915 38
2648 62
5231 51
2383 35
4958 6
123 12
1350 38
8183 48
5700 23
7743 2
5331 33
2988 43
5125 31
8787 40
381 7
6637 66
8494 17
3914 6
4447 53
270 1
6511 70
455 42
238 53
8480 12
400 35
5314 14
7114 54
8001 48
3281 7
1170 52
5481 38
1465 23
6769 43
5744 59
258 58
3182 34
4486 50
7156 41
2582 34
4257 30
7427 72
6005 48
5935 56
2085 66
9061 5
8928 11
7231 15
3591 13
5044 73
3428 15
2605 5
9341 74
2293 79
1175 61
5748 51
6413 77
1950 43
7728 76
4386 73
4114 68
5957 46
259 64
8729 53
2405 24
7848 78
3190 56
9268 10
5257 75
7987 48
7882 73
2864 75
3130 58
9121 48
8003 70
7644 79
4558 27
4106 53
1915 57
4525 11
303 29
8285 48
4076 8
9770 14
5969 28
7020 27
2716 50
8701 78
4905 11
9247 11
6354 33
5826 45
6000 9
6414 47
3061 56
1911 7
5756 47
7730 48
6829 68
6958 51
2374 14
6110 33
9726 13
4452 0
7388 67
5384 79
4067 19
1782 7
4820 69
1425 16
9299 51
2002 45
8216 3
8315 37
4234 0
1165 47
6410 55
1147 41
1296 76
2145 53
2801 23
9852 17
1080 31
9749 65
8514 0
1205 27
6136 12
7697 15
4676 28
8999 33
4210 65
8315 36
8069 11
467 53
9743 4
1629 65
1797 10
4251 20
5505 40
472 63
9949 65
7568 21
1037 72
408 2
4396 46
3350 25
8046 72
2767 40
8680 45
2146 26
9538 73
1430 9
3924 1
6300 45
2873 68
7223 70
5153 25
1164 34
2839 43
5761 43
7895 46
7242 48
2462 60
4091 78
7609 17
4017 27
9316 79
7944 16
1118 47
1708 32
4892 69
2482 9
2794 78
7880 21
3424 9
166 77
9414 15
8267 11
4710 32
7512 59
8395 28
3525 14
3984 74
6411 10
357 56
6087 17
8966 64
7608 75
1376 35
8125 51
8320 54
2167 76
3076 21
3479 14
953 72
8291 17
7215 17
7641 20
2397 78
7049 43
9873 1
2910 51
8290 9
5812 2
767 61
3927 48
6407 69
5168 12
4095 21
8843 61
4001 55
8751 6
296 68
2119 4
8286 15
8246 55
7674 29
1516 26
1628 68
1303 49
4624 31
5231 79
9628 60
4953 65
9519 19
703 11
143 3
2350 76
5226 10
4475 48
4672 0
719 66
5710 1
2233 44
3164 21
5902 13
2907 62
9279 21
729 14
146 64
5028 50
9509 12
7937 30
3055 9
3302 38
6312 77
5193 39
9733 17
2691 64
5725 75
2041 32
2911 56
4768 77
767 38
6248 14
4314 59
5492 54
8680 6
9267 61
6002 0
532 13
7277 78
8922 22
980 54
6781 14
6862 28
6144 25
6359 8
3135 32
6154 69
1277 49
2083 72
3691 4
1540 59
2348 5
6559 37
9659 18
5704 40
527 2
2899 71
8976 64
8576 18
7212 3
9018 16
6490 44
8187 23
993 12
2649 42
6466 63
4956 48
6488 24
4914 13
7695 41
1973 15
1813 32
8430 39
4322 41
9730 66
8562 52
9033 19
6019 4
8817 31
9772 65
2056 37
2753 43
16 72
905 27
3814 58
786 23
3794 55
7542 50
1706 74
1161 62
8227 0
8880 79
9491 7
9449 29
743 67
257 69
3948 61
3740 13
2025 56
7371 18
758 18
1429 32
1061 3
2134 13
7244 53
7154 66
3387 47
7103 23
3952 16
6580 42
4187 5
7325 76
6929 39
2818 24
4899 36
2743 33
9661 72
1957 54
5273 7
2210 69
2021 58
9144 57
7805 4
143 1
9719 16
9368 47
7044 9
8361 10
964 5
8730 1
9123 15
8989 43
6978 64
924 32
9539 41
9461 45
2690 47
8718 8
5816 51
1199 49
3857 77
6343 1
6024 36
3169 50
2489 45
2692 59
8277 30
6773 6
5717 46
7864 15
7409 75
7846 59
5110 71
6360 67
3024 31
406 75
1689 9
2661 52
1733 74
3849 10
2224 34
5037 74
203 37
4448 20
2321 6
8283 41
682 33
8435 34
3265 69
6048 60
350 29
8145 3
185 74
5511 10
8417 15
1170 69
7516 72
584 19
8317 7
9019 59
4618 44
1265 49
6553 49
2778 37
7322 16
8954 9
9652 1
3876 29
8027 35
9893 41
1834 22
5127 70
6825 35
5616 73
6504 41
9358 61
2633 37
8895 28
9581 13
8721 10
1093 9
3914 46
192 30
8126 29
1053 24
3993 21
3926 36
6187 3
7714 39
8329 17
467 63
6136 48
5713 52
8814 13
3982 41
3107 51
3869 21
2244 30
3503 41
5818 71
8622 46
5944 65
9803 12
7043 46
9081 57
890 30
5829 76
2411 38
8859 13
3824 41
6567 27
1158 37
6426 73
925 61
5954 54
3280 78
8534 39
3350 17
2607 19
1379 44
2147 43
1799 21
5866 37
3036 20
3776 52
1527 51
30 37
4326 37
7717 55
9615 32
5526 24
4992 72
1781 25
1602 57
5926 13
7327 65
428 3
4618 25
6987 77
7381 14
5967 77
9388 63
9447 43
3759 21
3588 5
8636 26
9389 36
354 71
5856 54
4376 47
3036 62
5347 17
1632 20
7498 62
9677 42
7701 8
4974 60
4056 50
221 51
9624 10
6248 22
3437 15
2591 45
700 49
5816 20
849 4
569 9
1295 48
8536 18
4895 41
1942 30
2915 53
145 22
2434 15
5049 63
5490 56
5186 47
29 4
140 57
562 40
7050 55
8254 14
3705 3
8655 2
721 18
5855 29
7118 29
1187 43
8468 61
2777 59
5441 19
5964 2
8852 50
8996 45
4950 74
9694 1
6824 49
4827 0
3699 15
1739 75
3180 6
809 30
2629 28
9001 61
9025 7
8616 73
8593 68
1481 46
3594 36
2062 12
7091 36
3027 16
4936 39
6000 31
1676 66
185 15
2133 52
3355 17
9417 63
6386 14
7 39
9537 13
9371 6
4760 63
1217 42
5125 23
1488 76
7181 73
9981 62
6749 78
19 32
6515 65
1382 30
8970 73
3903 10
2288 52
756 33
8461 76
9185 45
2332 72
5953 39
2284 18
7500 22
5435 16
1565 56
6175 18
6346 60
9181 55
9526 26
6622 59
639 48
6165 17
2221 10
5272 57
525 28
1908 31
7384 47
508 64
2720 54
6090 73
8117 11
328 29
855 11
6057 35
4076 75
4645 26
6392 54
3346 74
1844 36
8531 73
8903 8
5381 6
6450 6
9020 69
7048 79
354 56
9086 74
4607 54
479 65
9756 26
4308 21
2182 43
4432 15
7165 51
1108 21
4547 79
5719 69
8186 50
6406 0
3519 38
3665 54
4131 64
5383 26
1806 47
3254 1
1251 64
6797 13
2231 1
4983 48
4871 64
4358 15
9852 15
2249 22
3216 23
7360 66
8261 54
3937 46
7752 55
2054 29
6573 60
3175 48
1631 74
4443 37
1331 64
3228 13
813 53
8695 56
3632 14
9750 16
3238 9
1527 46
7741 10
4478 12
2273 15
5030 56
7599 17
3165 18
5911 10
6057 35
9270 77
2975 26
2898 70
396 35
3045 15
7605 54
8890 12
8951 26
8314 53
2897 20
1040 13
6429 16
4143 19
3786 42
1750 52
6809 42
7526 75
7866 10
1583 23
316 21
7425 55
1235 45
4669 52
9719 25
7335 75
7272 41
4168 54
7040 8
3946 22
71 29
1279 14
8728 30
4053 15
5597 18
2125 12
8992 32
9624 9
2229 73
490 21
5560 31
5901 49
1154 17
5117 44
7422 20
8646 60
422 63
5260 43
8885 19
5215 60
5498 5
3045 40
6479 74
9895 42
8320 78
3335 3
75 64
5443 42
9127 45
8593 68
8780 8
5342 43
2549 19
8206 79
6053 61
411 70
9130 8
5260 65
2963 21
7419 28
8671 63
8715 17
7296 48
1599 59
7403 20
1630 66
2454 8
6151 39
9398 46
2150 13
8219 65
8008 34
5255 63
9510 41
9358 71
8630 6
77 64
3228 5
7291 20
5093 39
8628 72
1751 10
5008 57
1825 51
529 20
7701 27
3824 33
8207 19
9962 13
5467 21
8188 35
1588 9
62 7
7496 65
1664 79
8314 18
1731 30
4645 63
3456 13
5465 35
3472 72
7434 59
172 51
393 14
5361 39
7616 74
7033 77
7657 28
2992 54
5972 10
7692 20
3649 65
7571 25
501 23
7730 26
2938 60
3728 63
8144 34
2424 74
5253 38
6083 17
4920 42
4916 10
3986 48
5733 34
8694 53
3959 57
2769 39
3293 62
6691 52
7459 67
7574 17
5231 29
2261 20
5002 42
9866 31
6430 46
8257 42
4436 44
9615 59
5243 62
4664 68
8260 50
4506 9
6717 49
7032 60
4918 12
2642 71
7364 5
797 53
6227 23
5415 14
599 67
126 46
4169 57
8148 32
5715 31
7173 76
197 65
4759 26
9949 53
8397 1
6019 41
6522 49
9287 12
8045 25
1149 69
4181 54
2529 68
4718 9
4724 52
6204 52
5569 41
7581 33
778 59
3910 62
6704 63
4477 41
1659 47
913 3
1887 37
4145 68
3920 73
5001 76
3517 20
7097 33
5085 65
1532 26
3989 15
6302 23
5131 53
1021 42
9903 67
573 54
1843 16
9640 66
1721 37
2046 10
1533 70
6357 19
8435 40
8567 25
9425 52
4310 39
4655 22
6482 49
1149 18
286 17
1425 52
7618 61
1752 50
7852 34
6314 16
1778 63
9195 32
7986 16
3392 52
61 68
8960 49
2866 14
6929 50
5394 5
3885 6
8442 40
8954 23
9891 66
5844 56
798 53
9885 26
198 70
9714 75
4306 37
1997 59
1738 56
1112 60
1994 35
3728 6
600 6
4332 37
3426 50
6570 0
880 41
7057 22
2415 17
9834 6
9612 21
290 27
4771 41
3065 50
585 71
540 74
9941 43
5777 39
1251 7
7598 51
6064 36
7682 34
2841 70
2470 32
4591 74
5820 73
8728 78
8057 4
1883 29
3762 45
5306 54
3828 62
1167 73
3058 73
6239 13
1798 36
8280 16
4871 34
5080 28
386 10
975 67
1691 70
7723 71
7792 27
7124 71
3683 63
3403 10
2851 44
9838 49
7953 47
1148 13
6351 61
3825 77
4743 3
2699 1
9639 57
5636 0
8422 18
8298 2
3609 18
5633 75
4877 61
276 53
1812 56
698 8
8177 30
9978 9
9909 33
2851 60
4358 27
7791 7
6150 63
2099 21
9905 17
8365 36
2318 31
5639 28
2810 59
8431 44
4542 54
9082 50
1404 10
7252 6
5103 52
1687 4
1676 12
9532 4
8531 2
4058 56
9739 39
3805 65
217 53
5053 46
1179 76
812 35
9134 26
3051 18
6015 54
6973 56
3419 26
4861 54
2812 42
4056 10
6702 53
5400 10
7209 23
5426 61
5765 40
728 22
2913 21
7377 61
3921 9
4674 60
8793 71
5143 3
7402 71
9677 56
3324 58
7458 14
6967 76
9811 65
1101 54
3494 12
5197 28
2216 55
300 25
2655 48
7619 37
8683 52
6649 1
7033 11
5150 47
8853 45
1559 0
4363 21
608 43
9185 48
8463 55
6401 34
3447 6
9281 53
5515 62
1292 15
4999 36
3446 63
1054 39
9028 67
9460 39
9384 42
3937 48
2263 33
3670 7
4214 44
194 63
1139 34
9084 72
7570 5
1301 70
5064 29
449 25
2969 33
2322 46
2135 65
4530 65
3149 2
9134 45
8252 23
8703 2
107 8
6310 18
7900 18
1401 24
9619 11
1546 21
8482 16
2827 24
3885 77
5537 41
4726 71
7311 51
6380 26
6294 12
9967 75
4521 2
3988 57
9576 67
3849 68
6252 9
8773 9
4659 64
520 58
6122 22
312 71
9476 46
9622 59
5399 64
6660 5
9539 16
994 32
2655 74
3178 50
966 7
6824 30
2470 79
7363 22
1543 75
6018 48
326 69
6281 51
7192 63
8829 79
2180 28
4587 39
9104 15
4730 76
8681 14
3070 23
5049 2
3972 50
9120 14
8867 51
9010 58
7459 54
4435 27
5027 38
5908 64
4181 40
6916 27
5058 21
1438 10
6391 34
1804 2
7469 13
4572 71
9822 69
2821 10
8007 22
7297 64
7926 16
9166 42
596 20
7507 38
902 75
8433 2
8989 2
4833 40
3454 21
6157 58
9032 71
9703 75
854 11
5904 8
9570 19
8774 18
8684 34
2815 8
996 16
8334 69
8659 26
8490 35
4705 66
373 75
7931 10
1443 43
1668 25
4379 2
5272 40
3568 27
8840 44
2343 67
5338 32
9479 24
7402 30
1730 49
1856 58
7659 4
6044 74
1560 72
1318 70
7872 24
4610 24
6247 47
3528 32
6114 70
248 71
5355 24
6977 78
431 79
5414 35
5084 77
3173 30
403 24
6449 30
6096 34
291 59
9943 36
4228 56
5287 7
4030 39
3838 79
3383 72
1222 21
9717 16
4685 47
6032 18
4930 62
6931 60
4741 19
7692 1
8438 78
3501 14
2436 53
6486 43
5522 30
3275 17
3844 42
9898 2
5047 13
9553 25
9557 14
7668 47
1809 7
3546 71
4277 73
8763 7
324 64
1778 3
6246 62
2891 56
2752 39
1688 49
4263 57
4602 73
6025 21
5377 31
5163 78
8908 63
6849 45
6449 2
5892 15
5215 52
7836 28
3599 46
2269 68
8691 0
6451 39
2351 45
7227 49
4269 50
1541 1
2374 68
5736 21
7036 37
2865 36
4873 67
4486 23
754 61
1183 21
6634 35
5118 25
4044 57
1364 50
8543 23
833 71
6982 64
9611 53
9259 61
4384 38
8393 22
4003 63
4839 44
8694 23
7709 54
8924 79
2972 6
652 19
6361 38
1674 59
503 69
1437 78
4955 24
4616 52
647 79
432 37
7095 53
4654 20
5510 35
9417 34
6086 34
681 0
6178 74
1253 36
8280 76
9624 7
8403 57
4944 10
8439 77
8191 34
5325 60
4943 39
6658 7
6908 36
2177 58
9332 28
3571 69
6942 26
9445 5
5982 66
4668 30
6710 42
2908 56
2103 15
5719 36
8182 37
2350 25
8313 46
1565 30
9379 6
3005 70
2601 9
5202 52
4697 50
3986 25
5833 64
3721 17
2991 23
3582 6
699 17
5268 47
3249 63
371 74
1816 48
2247 49
6140 12
4010 75
8682 45
1340 18
4411 27
2701 76
5948 67
6536 24
6888 19
5894 39
5428 36
7649 5
6605 20
9521 2
2289 0
1084 34
2850 75
7796 45
7414 29
42 3
4910 42
3077 32
6671 77
3943 56
1523 1
4500 47
2580 77
9599 39
3839 74
6044 7
2861 2
2319 37
2436 22
2101 64
8756 75
7233 44
9609 67
5861 74
2573 52
2872 51
5206 71
4094 34
4489 46
2587 43
369 67
5738 44
8405 10
7752 14
9028 18
1022 39
5840 13
7045 64
9070 57
1385 78
3474 26
7344 16
4798 22
4397 3
378 13
8807 69
888 35
7043 4
9689 28
4752 18
6712 19
6625 24
2739 38
4690 36
4903 65
7998 32
6105 37
2145 64
60 53
3788 40
137 13
7998 40
3194 48
286 37
8517 60
3213 52
8113 44
4256 54
4471 10
2671 43
2650 78
4984 68
5610 56
2705 41
4029 70
6558 20
2907 34
3759 24
6606 12
7077 33
8970 31
4844 57
2540 2
4544 68
6974 45
7948 25
3359 70
9672 78
6674 7
8749 79
4401 46
341 10
3349 1
2280 26
6912 75
6429 61
1230 72
8729 20
6061 41
197 40
386 36
2440 51
3066 59
8021 66
5000 71
7248 37
6177 48
4053 79
58 12
5336 17
87 3
8370 14
8832 75
9793 42
9042 52
5753 52
5974 1
2889 13
2610 49
3578 35
4737 26
9707 15
3742 34
1266 39
6413 9
4088 49
4117 54
4283 6
8009 28
9305 78
4538 72
2693 61
6366 58
7241 57
6869 14
1485 71
1515 22
339 18
6863 37
9848 55
2555 11
3991 15
677 8
3158 26
9375 15
4608 36
2069 25
2759 23
4686 66
4059 45
7004 36
7198 16
5103 61
2244 1
6620 0
4449 65
1320 22
2099 30
7504 78
8801 77
2269 56
2979 33
1734 42
1889 38
4392 45
7922 61
522 23
3922 68
9817 37
1827 32
2110 21
2590 58
4797 46
7054 51
1200 28
5563 21
378 44
5791 8
1561 64
2362 14
5874 47
9978 44
2774 44
5827 37
7663 1
4943 4
4972 9
8334 69
666 39
3051 17
1731 70
8183 53
1016 13
2060 30
7851 62
3463 67
4822 60
6051 78
9445 55
7839 72
8716 22
3370 48
9953 47
5918 72
8577 69
6993 29
6863 15
2811 1
7339 65
2794 70
1931 58
872 24
3687 73
6215 72
4135 28
6522 65
3226 70
7193 57
3298 76
1446 54
2658 61
7544 26
9875 60
1070 12
1555 59
3721 52
6718 54
9309 3
9093 24
878 45
4848 46
8042 4
2474 7
9664 2
1907 68
2963 66
8798 34
6855 28
7697 64
549 28
4729 31
2996 29
3382 22
5503 7
4994 31
6219 1
831 50
4570 5
9271 43
6900 0
5592 26
8106 50
3316 72
2037 8
5010 17
998 67
2353 18
5192 4
2566 15
1237 55
200 1
6147 9
5150 11
3578 8
4617 56
1629 38
8516 67
115 24
9567 51
7223 65
4007 64
5364 70
4909 38
7113 30
8339 69
6716 72
5323 18
445 57
7112 14
3998 16
1835 65
7042 56
44 19
8758 74
4355 39
5946 11
2204 36
2297 25
5279 17
6724 30
6678 28
2445 15
8842 55
1013 4
7264 63
2117 67
1116 59
7348 75
1623 13
723 74
2286 56
875 11
7002 79
894 0
3751 53
4972 40
5135 55
4072 46
994 2
2727 78
7984 18
9573 3
8886 8
5764 2
9917 7
1724 29
3585 75
9180 37
7210 54
5842 79
6183 40
2825 17
9137 43
5177 42
8370 73
805 27
399 10
4265 22
238 77
803 17
711 66
9669 39
949 2
1032 76
7141 60
4297 74
2443 77
3285 12
8396 75
5689 7
6349 62
3863 64
1063 28
1269 30
3007 79
2649 45
5888 5
1147 12
6177 51
3198 52
5022 22
489 53
585 25
6019 14
2593 28
8239 25
3808 23
9241 33
1295 11
7165 16
185 49
434 58
2792 49
9438 16
1033 33
9465 17
802 72
8406 51
9723 30
7475 26
2448 66
8568 19
6172 23
8777 48
6780 76
7563 49
5555 55
670 42
1384 45
628 6
9020 64
1413 24
2518 6
3283 42
2386 2
8873 53
4798 49
2284 59
1830 35
9991 36
4073 19
4845 67
6074 37
246 68
9548 75
2307 52
2415 37
1305 45
4153 3
581 13
1816 55
5496 66
1986 76
5672 68
549 13
2482 78
1034 67
7025 26
8557 79
6930 41
449 0
9295 12
3860 50
5799 3
7297 20
4859 47
3513 51
127 5
1586 24
6026 1
3174 10
9164 4
6259 66
517 60
2035 10
6002 15
6424 0
4050 68
5892 61
3419 62
7465 76
896 53
7541 9
9934 51
6775 72
8115 40
6995 79
4864 26
8266 65
824 60
1247 72
5409 26
5468 78
6233 46
1868 24
1757 50
5299 16
3603 35
9754 29
2764 79
5455 1
2830 11
2901 47
6590 34
9426 39
8233 14
3722 47
5531 60
2142 63
4833 64
3222 73
6855 4
9768 52
6533 30
8036 4
7881 29
1028 55
5634 31
8774 30
2182 35
4405 38
1937 37
1157 18
8487 28
1076 39
6835 12
1814 35
7084 40
9920 75
2343 40
6951 16
6189 50
2499 13
875 72
5181 48
5943 30
2845 34
9142 55
4882 37
465 11
8581 41
2628 71
9677 75
1268 65
9202 26
9186 21
6833 71
7494 49
2561 8
2221 26
6226 41
1578 41
4401 49
3706 38
1966 12
993 79
7919 10
3781 69
687 67
2389 67
7258 37
6475 11
3951 28
9330 79
6525 12
2120 25
1684 62
2626 24
4915 37
3924 39
656 44
9421 60
3185 45
9647 10
3303 16
2887 19
6384 47
5489 45
3528 67
3407 63
8217 28
4225 57
4805 33
1267 14
4378 34
7751 79
1201 55
6757 68
5272 8
5264 25
4737 55
8189 52
9696 77
4607 31
7506 16
9363 70
9378 62
6931 30
9818 72
4118 31
775 62
6680 0
2844 3
2118 30
5950 29
4969 72
9846 27
8671 58
6052 35
5213 4
6241 7
2497 71
9643 67
7284 43
3529 22
4257 0
6796 43
3314 15
7793 3
7125 59
844 0
8843 26
5136 64
7193 10
1429 20
9562 34
7031 76
4027 70
8505 34
7001 54
9255 63
8145 68
9772 61
1327 32
1347 27
8092 1
1042 54
7014 66
9635 74
7723 71
5972 69
4071 27
8163 20
6927 8
5762 29
3124 17
3804 7
1428 15
2890 10
4884 70
7416 79
8806 20
9431 19
7296 22
5566 46
5862 22
3340 42
1400 36
1366 50
628 32
2814 24
7603 34
448 51
5403 70
2290 20
8358 39
1799 35
3694 39
3000 43
8034 8
1716 14
1481 42
4627 70
2706 1
1878 42
7031 34
2001 57
5702 59
2342 5
3949 28
709 63
3923 70
2414 76
1086 30
1441 65
1177 13
254 0
5898 55
912 30
3952 71
2742 32
1237 67
464 50
9716 17
4037 3
9024 54
2749 48
8366 6
2552 44
8434 14
4392 9
3149 25
4691 54
8019 34
2492 37
7117 23
5631 24
4070 55
9885 7
8797 24
8682 16
3978 55
2015 43
5189 13
4249 73
4474 74
4411 25
9128 64
5516 22
8180 15
1470 33
726 24
2754 70
2492 1
9751 45
7825 68
1747 64
2834 4
9311 36
8009 61
3094 70
5425 38
5978 51
8782 70
1652 51
7779 64
521 68
5279 13
1605 31
7073 5
8071 56
289 73
9410 7
3134 0
615 30
2923 75
6321 23
3955 7
2329 60
9648 47
8582 2
1879 28
1295 34
2239 26
3957 5
9994 7
4535 28
9662 27
9743 10
3194 47
7685 78
6412 11
2336 16
5860 16
8318 23
7238 63
3886 37
8658 68
5881 48
6273 34
1391 46
2714 44
639 76
7936 30
8051 43
5563 70
3714 8
6383 66
4041 38
8427 70
9528 73
6947 58
6772 2
2352 14
507 50
4284 75
3461 45
3651 24
1159 45
6895 53
6082 0
1726 56
7937 47
9835 17
9404 27
7085 28
69 70
4857 67
9773 11
9366 77
2305 12
6615 55
3482 54
1871 78
3667 51
3381 6
6408 59
8784 9
4206 56
3655 47
3182 69
4748 71
9210 33
4001 0
775 6
3133 6
964 1
806 12
6391 78
4955 50
7830 65
6735 3
3841 34
6357 14
2764 38
4125 15
624 71
527 26
1460 64
35 35
867 38
6888 44
2379 6
3345 76
1119 7
287 56
6404 76
3965 33
1006 73
5969 11
8071 14
4311 69
748 21
6380 73
8135 4
5534 49
2532 16
4113 20
1930 30
8719 76
7627 7
6277 5
9180 23
3915 69
5124 18
4328 34
5096 20
168 52
3192 67
7890 9
1800 4
9515 46
8407 6
5889 17
3430 30
7477 64
2144 0
8585 29
8632 8
1763 49
7881 50
1245 41
4294 76
9261 2
7786 37
8224 45
1188 66
1864 79
7722 29
4831 55
8774 74
7906 60
7624 40
7363 35
6425 64
1513 58
3403 62
2960 52
5575 73
5551 33
9795 48
4635 25
9501 34
367 70
7041 26
1708 75
5356 54
473 36
9739 34
4736 75
5797 70
5632 20
3489 73
7513 54
959 48
9457 7
2632 38
6064 18
1610 26
3181 39
8113 16
1858 48
9427 53
4731 60
6530 3
2246 42
2718 12
3214 19
6217 70
1863 19
955 20
7648 38
6234 61
3794 28
7785 12
8644 8
8450 67
7394 11
4640 28
4307 55
9905 29
1182 19
833 23
6848 59
785 28
5712 32
8053 26
2866 35
6088 8
5856 57
4765 12
2099 60
6414 39
2377 79
9120 78
3847 11
9221 54
1282 74
4104 58
3849 31
3567 76
832 48
2364 6
3974 50
8408 59
8657 48
2837 48
574 7
7948 48
1167 32
4053 16
5565 74
8805 48
6010 52
1662 42
7202 5
8331 11
763 8
4355 59
796 71
2299 27
3457 18
2845 41
5553 28
999 51
4445 51
9220 54
5159 10
1786 1
4109 68
6167 43
4029 79
5072 62
1258 59
2916 46
3410 70
4409 26
3716 5
302 14
7265 65
488 50
561 11
7962 19
2064 61
6802 28
8222 15
6982 49
1188 3
2933 55
1116 77
4184 51
2501 2
7892 14
6799 61
2583 33
3400 72
8391 19
5037 45
1178 28
4839 40
2604 21
890 40
21 47
3057 51
3903 12
6906 51
5186 29
5256 17
3879 41
7054 60
564 7
9847 70
8041 73
682 76
5992 53
394 31
3428 1
1269 20
5062 58
3877 52
1113 32
9169 16
341 50
3881 38
978 65
3242 41
750 52
7440 47
8777 40
2173 44
7729 33
5169 70
8041 50
7645 22
8664 21
4355 74
7896 7
5613 41
1190 3
9671 52
4060 41
6838 53
1281 75
4972 23
3244 36
2823 18
2287 21
166 1
6957 46
2270 50
9805 37
5990 9
4118 70
4762 17
65 71
1289 17
3739 38
449 22
2665 65
7637 34
7698 18
5838 33
4480 53
9508 36
9074 56
6705 13
3771 46
2835 21
6362 15
1357 29
7487 16
1184 31
7280 74
2915 48
7131 42
4413 68
5471 4
5082 14
8883 52
6021 3
6498 3
3190 58
4021 35
4643 50
7031 8
4799 79
3511 50
6281 19
2228 27
3454 53
3732 41
859 49
5517 0
9327 44
3475 7
6099 50
3018 22
9670 29
7575 9
5868 20
3579 35
5169 30
5955 3
6250 65
2037 59
2505 12
7884 3
6107 45
7865 73
3355 63
3684 66
8994 20
8114 50
9263 75
1524 20
5545 62
6144 54
9631 27
5750 53
9708 13
2338 0
2663 6
1908 27
5289 75
1996 35
5698 28
826 56
9073 79
7778 60
3396 40
7800 39
8280 38
3224 36
5907 76
9677 28
6485 11
3368 45
8928 25
3681 6
4546 33
8452 50
4833 7
9868 78
6151 37
872 25
4116 54
5938 39
1371 14
8856 50
4547 21
1295 77
924 79
7798 22
3286 57
3696 8
7308 49
8130 42
1995 66
9493 40
8301 59
709 28
587 11
4575 8
946 76
4239 66
8787 57
2932 28
2830 77
1555 64
3846 73
2826 37
7856 1
3207 48
9282 19
4656 57
6409 53
87 56
4245 75
5184 77
7909 18
7104 58
7442 60
7962 77
1598 24
5861 45
1479 29
5324 64
3532 51
7849 6
2820 46
8777 54
5942 7
480 20
1822 25
8236 11
4488 5
2387 76
9043 35
6287 19
2172 70
4869 67
4686 74
6274 46
4243 60
1633 2
5424 54
1097 3
5721 21
6245 17
1764 25
4738 6
6905 73
6460 46
4276 17
1116 67
1530 73
7668 4
7222 51
33 66
9547 32
9570 39
609 31
2073 67
7079 51
7239 36
6939 0
2299 33
7588 18
1082 67
4412 26
8959 49
5467 38
9066 70
7678 76
8873 1
9350 67
8531 57
9830 62
4456 43
6847 69
9043 18
4417 65
1321 17
2996 68
8260 15
4365 3
5158 48
8512 66
7895 28
4922 58
4786 47
95 9
5011 44
8405 54
1893 15
3895 15
6347 61
4185 33
6789 42
4643 3
3231 39
4329 0
9960 69
9391 47
927 59
8158 32
3562 79
330 6
878 53
6761 11
3213 50
4251 4
8684 43
704 3
6452 47
8921 67
6848 77
6624 35
8053 51
3863 50
7995 37
9174 19
6777 70
6507 45
6790 22
926 18
3167 25
5524 74
4579 79
6056 43
427 53
4858 55
4440 7
5297 35
5987 48
9939 79
3793 0
7054 70
244 24
4503 20
6708 37
447 47
4662 39
998 19
7542 45
1187 14
3523 15
4843 69
3565 8
7246 17
7285 46
2565 74
2968 30
393 62
3015 25
9766 61
6454 69
9715 36
7974 1
4593 69
9906 58
7660 63
3167 35
2287 47
2984 52
869 35
8615 65
686 39
6642 37
6158 30
5520 60
2130 62
9630 26
8880 24
9859 43
4437 66
2248 72
2826 35
4794 34
9592 27
3701 15
3560 76
6750 46
4845 57
7479 72
7126 42
3441 21
319 41
773 8
3415 60
5968 41
9955 47
4818 29
4933 29
7587 35
7800 59
3302 29
9392 1
8235 9
4011 54
2511 75
148 23
2358 42
4281 19
3748 36
1127 54
8431 14
4401 0
7731 43
5319 65
6101 24
2872 36
4452 18
916 5
7180 69
272 32
8171 67
7221 40
3906 45
8247 48
7904 48
7376 25
9896 15
6681 9
7402 56
9037 4
2229 6
6246 26
2011 35
6366 45
4690 56
3833 45
4684 18
5818 17
7447 50
8484 4
3707 50
2922 58
1156 31
9170 14
8514 23
401 26
8313 16
3117 1
8986 35
7345 28
6987 19
635 47
8986 30
4101 55
3243 63
9645 19
810 13
1058 44
2069 19
91 67
204 77
126 37
3768 76
6046 29
3770 6
3483 38
9349 61
2362 27
4333 10
146 30
8493 6
6885 1
7254 37
4779 36
3977 31
4465 75
7211 28
2144 11
7576 11
2573 18
9367 48
1236 0
5065 40
4320 69
1109 26
7638 24
195 11
8655 66
4208 30
8429 37
2256 38
1790 44
5258 42
2526 0
7983 20
2396 35
8091 53
1264 29
3374 25
2040 1
9576 18
311 60
8700 52
6349 25
4490 12
1026 67
7700 29
4376 72
1368 41
212 71
1230 73
3298 6
4075 25
8353 34
6093 51
3655 51
9076 54
2301 75
1280 35
8294 60
7707 3
9821 51
197 8
818 21
2671 63
1381 52
4307 47
3988 13
6499 17
2573 50
1651 43
9929 63
8660 59
2553 75
2193 28
4256 29
4377 72
799 8
150 59
3806 53
4327 79
3037 12
8340 41
8847 78
2222 32
3991 65
8873 53
6909 9
3098 3
9326 0
3771 52
128 18
6206 46
8385 55
7455 57
8895 77
4350 61
218 66
742 60
672 27
9624 25
1292 4
5526 20
7277 5
1398 20
9818 76
1946 63
4137 13
1627 57
1541 67
4559 6
3363 49
3369 14
1363 74
6914 28
7906 9
9779 2
779 46
7684 61
4344 70
2791 1
4074 22
5926 17
2218 19
656 61
5385 48
3884 72
784 53
7047 52
9951 73
4965 45
2546 28
1993 15
6115 68
2783 68
5764 34
8384 30
1412 31
1257 77
9092 56
6085 46
7112 19
4102 65
3597 29
6114 5
1135 34
8892 66
4103 24
5089 2
6365 41
9822 60
8348 27
8704 15
8483 61
4430 8
6417 16
9755 32
9536 16
7609 53
7155 61
49 52
409 58
1115 15
8415 65
3577 16
2112 65
2746 42
3627 22
1651 24
6176 52
9805 38
6644 31
1486 8
8920 73
8422 10
8090 25
4203 68
999 36
3977 26
9931 59
5883 62
5698 1
4079 34
1347 39
8434 14
8142 54
3333 42
782 73
4674 9
6767 36
3368 18
8909 52
9001 76
9054 5
1679 37
927 26
129 15
6889 77
8634 23
2698 67
6251 68
3442 58
3322 57
8194 49
9298 70
4818 21
3190 49
581 4
9412 61
5980 32
2757 4
7354 34
6659 7
2656 23
7992 78
7238 60
7354 46
8703 17
7529 22
819 29
9441 69
8253 31
6952 61
2925 11
4910 60
8052 73
7167 13
557 22
3936 26
8200 53
3455 59
7970 70
1709 48
3333 17
9362 38
2577 32
5106 58
9442 38
3184 56
923 15
9709 30
8943 69
9749 50
3019 76
7508 44
9956 27
5033 49
3265 23
3942 62
3737 30
9330 45
4276 45
2228 23
6226 62
1169 70
6658 2
8242 70
6939 7
374 39
5221 54
4948 49
4065 12
6821 5
9614 18
1229 60
590 27
4601 47
6312 73
9579 33
3907 13
552 13
4085 73
9324 55
5565 68
5221 66
733 57
4937 14
8413 28
7898 43
2234 27
1293 62
7199 44
5894 79
1601 56
2853 13
5960 52
7413 63
8356 72
2390 56
2574 31
9997 69
8211 9
7573 38
4327 48
7964 70
9658 5
5517 9
8833 70
896 34
2130 47
7726 14
2180 9
3933 0
5317 35
2427 26
5003 28
2696 20
6392 43
5155 76
2387 27
1738 43
432 54
1665 48
8402 44
3425 75
6764 32
4852 24
1302 31
4502 5
7705 62
3308 50
2600 48
7793 21
173 33
4183 70
2081 49
5430 14
6378 48
4875 55
1510 50
2292 15
4245 16
9081 47
6319 11
9097 34
8862 61
8742 5
9901 62
6822 74
2832 31
7277 8
3498 39
9320 18
2222 24
8779 18
7359 13
3814 50
8517 34
9037 39
6938 0
4199 59
3159 4
4280 53
2511 42
7726 71
3602 11
9533 20
4434 16
886 28
695 66
4884 5
1118 48
8206 23
2932 76
5658 21
3641 35
4111 67
7082 22
3777 56
2026 41
6412 1
292 8
7394 31
1620 1
3973 15
8750 18
3155 21
2133 0
2791 68
6758 65
2679 43
1551 71
848 63
8629 9
1093 33
3582 47
3913 76
4601 42
4551 62
7379 13
5933 48
2431 44
2959 52
2026 64
3317 42
7428 4
6593 15
6412 32
5507 66
9448 31
3136 20
7810 15
7850 76
2560 20
1498 68
4636 57
3956 35
4919 4
3621 72
8132 69
2614 64
8241 75
1200 36
9297 67
4523 18
3196 62
9169 22
5976 61
4240 36
7082 59
8893 53
6279 56
1962 76
1168 46
8501 36
5743 34
9444 56
9714 40
3730 62
8234 51
1087 48
8225 24
9868 57
3200 14
1522 9
7731 52
7741 69
1802 46
2522 78
962 46
276 28
6763 11
1009 54
3739 49
9225 1
3754 4
9863 3
6999 2
1633 35
6957 5
3843 31
4247 49
3940 8
6778 48
3007 14
1716 23
6570 68
1359 53
6737 32
2957 56
7059 17
853 59
548 77
4578 0
8500 22
8403 6
249 25
7227 23
7501 19
2717 1
8337 63
3383 79
6793 16
1839 19
6234 40
7706 18
6738 67
696 12
25 35
8578 38
1971 8
5300 6
1603 76
4147 58
5638 56
3991 22
9553 70
4177 40
5658 37
6356 41
2683 2
1331 67
7414 74
8166 57
1735 40
3465 72
8427 28
8278 72
3346 11
2594 30
2101 77
5146 66
7910 39
7322 39
2079 69
2191 28
8897 52
8324 47
7757 73
8650 73
7879 2
1558 10
9727 71
1873 65
3910 75
876 71
8792 53
2624 25
611 6
3369 17
2159 70
3094 64
910 48
6092 10
4794 22
9084 45
3071 34
2623 15
9811 75
5216 52
4774 0
3235 41
479 52
4274 32
481 6
8280 24
7551 59
6213 55
3638 58
2705 55
3610 36
9816 59
761 31
5934 45
5544 62
6421 53
5625 14
9851 40
8609 30
2204 26
9884 12
1266 49
7349 72
412 40
6246 8
936 60
268 56
3905 23
4843 11
914 54
6181 50
4552 25
644 8
7153 7
2472 8
4993 12
4399 59
2116 0
7497 50
6841 36
7998 76
9297 11
6075 4
2985 35
4548 75
9233 48
2889 13
8943 51
9888 2
4036 60
4708 4
4833 25
2313 40
7716 57
2649 59
7738 65
9060 58
4111 74
9836 30
6385 22
9256 2
187 13
8466 34
5595 72
245 50
495 57
2018 72
7200 69
5971 71
5977 63
307 41
7971 51
718 8
2817 59
9864 57
5249 17
7108 69
1750 66
225 5
7768 43
4615 74
9 3
5035 39
9116 5
5781 59
5261 24
4229 62
651 12
6365 40
7742 4
2386 8
5656 74
3020 72
6502 19
6297 75
985 33
2766 63
3324 15
2811 37
8366 44
7140 9
2253 39
6965 16
7566 3
8239 46
6938 23
2883 66
4143 37
3678 46
5325 20
2452 6
9637 61
1509 52
738 15
157 70
3958 79
6862 69
2219 63
9059 66
7359 9
4861 31
4400 9
5911 8
1170 5
7684 28
3867 25
2832 76
1677 51
3859 46
9952 56
8057 46
1719 1
1447 34
5553 21
7318 73
6445 52
2708 15
6844 30
6844 63
1716 14
9011 70
2551 70
7028 79
8571 56
1777 33
8771 14
3731 49
5374 70
3832 69
3047 62
3480 71
5563 24
3839 2
376 74
1521 60
3828 52
5105 47
1498 15
6842 69
6018 15
6817 48
1269 36
2742 68
4851 67
6175 2
9029 28
3533 65
6936 72
3513 27
4798 32
9400 33
2715 61
8804 76
1588 71
7284 18
8833 44
4350 32
4552 0
2334 74
2153 59
7439 76
1142 20
6869 44
2888 40
6423 15
1469 6
2037 20
8046 10
161 1
3602 4
429 56
8182 68
8354 37
95 69
2592 23
8191 3
5430 24
567 26
3481 59
1380 60
8171 33
4566 15
2386 40
1041 17
6305 65
1413 40
7179 28
9329 59
3963 2
902 54
8305 79
8712 46
3635 42
9985 66
6259 50
866 9
8523 55
2299 30
1532 65
511 21
8579 1
598 41
3475 67
8543 67
6899 28
6403 41
8155 38
4910 33
3587 5
8311 32
9740 37
1057 3
8326 66
8285 73
3652 36
295 59
5605 53
6924 73
9648 48
5787 67
3842 39
5289 48
7203 49
2059 14
6720 62
9405 7
3965 56
5086 77
6622 41
800 34
2065 51
6703 54
7292 48
9685 61
8479 22
1313 12
2839 38
8712 32
3535 50
6508 76
3902 25
7652 61
1109 48
9164 27
6167 30
1675 62
7189 20
4703 26
9544 7
7065 57
569 59
9614 36
4074 78
3531 14
6690 79
8093 44
2864 25
8516 53
4568 16
9967 50
8083 54
5159 33
3502 74
5194 28
3051 14
3693 17
7900 35
7292 14
4436 35
9586 12
4928 43
349 68
5916 51
9127 2
8728 75
2115 53
7553 52
6440 47
5749 57
3617 64
5382 40
3890 57
9985 64
8778 79
2421 56
2845 15
2695 58
8283 8
7710 74
2266 41
3846 55
7611 8
5501 77
4857 44
6298 37
3382 56
7234 42
7691 5
9768 72
7050 74
8362 66
1499 43
9083 32
6548 59
2205 4
9863 31
1554 39
133 16
4983 69
5203 12
9095 18
4810 58
1906 39
5146 25
8450 13
5878 68
8227 53
7926 67
4341 33
9926 1
1769 19
2005 54
7622 64
5449 0
1467 64
7388 51
523 52
2573 26
4757 20
8130 40
7408 69
4969 64
5329 52
6787 29
6864 50
8954 63
4479 43
5436 19
3772 20
7769 61
4670 17
8937 53
2171 64
7113 27
5895 53
8876 40
3786 51
8735 66
8774 4
3714 28
2986 21
8364 40
9315 65
5990 42
1991 57
5894 10
1110 60
9017 5
1020 41
1346 49
3343 62
3910 11
4260 75
3213 31
1407 24
2227 51
4590 64
4915 1
1128 57
3688 15
9483 49
1618 28
9801 71
8451 9
2047 66
7157 33
8437 18
5216 54
5055 17
7171 10
1322 6
6502 56
9021 22
5373 61
9828 23
2833 5
2962 50
4777 38
4999 20
708 51
894 2
8263 14
3217 38
9977 14
9646 74
6060 40
786 32
6607 29
6810 11
7051 48
7781 30
1048 66
3569 47
543 76
4164 72
2608 72
5803 42
2804 45
3769 61
2288 21
618 25
4387 60
1329 10
6419 55
5371 36
1663 79
340 19
4374 41
640 28
1785 3
7730 70
1250 44
116 15
2354 33
2421 60
7108 64
3882 49
5677 59
9967 73
4515 58
6847 3
5397 45
8810 9
5558 77
1340 46
3676 78
7771 35
3259 52
8274 70
6436 30
4797 23
6196 3
2385 40
9786 71
4205 33
9331 26
337 46
8149 62
4998 53
7836 52
4910 39
9692 33
9530 3
2401 18
819 1
1867 57
471 66
6285 66
582 65
6223 7
4483 22
1540 75
5113 23
3637 7
7094 59
1898 64
6521 77
3534 1
780 9
24 42
3885 70
7094 37
6401 0
8724 16
6250 49
2728 60
661 43
4860 17
9797 68
829 44
9802 31
2084 6
6743 67
849 66
5633 10
7547 2
4603 56
5547 7
7624 38
6620 19
479 74
7764 76
2293 53
425 0
5698 56
6778 64
4734 68
8867 26
1701 29
1636 55
7250 42
4423 77
5179 59
2970 2
1245 23
6036 78
2897 33
4555 59
6079 39
2744 44
2935 39
7587 71
7699 30
1645 32
8847 47
7189 36
765 76
4983 15
6534 19
5850 74
9829 72
8432 52
4526 59
6420 60
1299 70
1817 40
730 38
5022 21
5192 35
5716 76
2352 13
1901 61
3012 5
6526 43
5960 53
5921 4
5952 61
7159 11
6932 75
8400 67
5074 6
72 74
5227 23
7530 15
7773 69
3759 18
3585 76
2267 7
893 40
5270 39
7418 52
505 67
1957 73
8289 5
591 69
8051 37
8786 10
8548 36
7245 0
641 41
6882 41
9401 70
1235 78
9157 6
3385 43
8802 5
106 35
10 28
4549 17
5569 55
3224 45
9910 5
3241 72
4757 59
8126 4
3847 70
2726 18
6864 11
6507 25
7310 44
87 32
5309 58
4916 72
188 66
6698 9
7056 53
5258 40
3889 7
9728 33
1922 4
4432 23
7386 58
7181 53
5882 7
54 48
3324 32
5507 59
5142 58
2330 38
5219 73
3342 52
1122 19
4178 8
1512 48
6173 76
8821 49
1261 45
254 9
5688 6
18 12
1894 23
2460 19
1471 33
3328 9
6615 17
2965 70
3843 23
2053 5
243 67
9248 19
4930 43
3115 39
6545 26
7086 25
5731 24
8175 0
4644 34
8704 11
11 6
8661 43
1463 78
3123 44
5652 54
5020 47
3191 43
769 21
9913 19
4750 42
8160 67
6230 27
74 32
7423 69
249 53
455 76
4882 78
8992 20
351 63
1749 0
2062 21
5899 69
7641 70
8369 73
9043 71
6019 62
2010 58
9331 53
9243 66
3183 32
2676 53
4225 41
6228 76
5187 72
6751 10
8728 69
658 7
2038 10
7969 72
180 68
4438 28
2215 6
830 69
1603 10
7183 17
3393 53
1463 53
4988 70
701 5
2358 27
3318 66
5793 79
4791 16
9460 52
4474 3
4428 25
1094 38
504 72
9225 55
2541 63
6664 66
541 40
7542 56
9846 39
5738 60
5016 16
8760 11
9589 67
3661 21
6273 5
9525 60
3169 60
1730 72
5735 70
6265 36
8896 23
2099 9
835 29
4681 4
2019 49
7788 23
7926 29
9519 41
1602 36
1735 10
5157 51
7152 24
6240 18
3280 23
9720 70
8545 48
1269 70
5789 25
744 56
527 29
6001 72
447 23
4028 52
9636 48
7377 39
6225 19
7832 16
1539 10
1505 62
4802 7
2193 58
238 32
5035 17
6831 39
1175 61
7515 53
7847 63
3370 35
6486 43
4919 21
5210 47
7629 35
8606 33
2629 69
6409 21
5457 75
2580 40
1527 22
7559 27
1874 7
2694 15
2315 65
4478 74
601 13
6232 4
5303 59
945 65
5661 31
963 10
139 79
6830 42
3400 56
9280 66
1433 56
3416 41
674 12
7878 36
9862 70
1784 14
8594 26
1539 4
2516 53
2816 48
355 43
3238 79
4669 12
6736 1
8401 2
5007 13
542 57
6389 62
1873 75
9457 30
9118 55
7064 30
4733 45
7259 47
2840 57
1845 16
2275 74
3106 4
2482 62
963 79
2228 12
6973 29
2359 77
3232 15
4138 39
7675 67
3910 40
2862 78
9208 75
1929 57
4615 74
3341 6
1003 17
7469 13
7379 75
7151 7
9079 75
5299 38
7740 72
5715 47
5936 54
1854 37
4985 29
3548 35
8974 40
9785 70
3480 13
5539 21
4896 68
9072 78
4158 37
4540 62
9030 66
8857 28
7947 78
1832 18
6433 9
8028 73
5581 74
1215 64
5074 72
9064 74
7624 4
6689 33
8030 6
6945 10
4923 50
2423 71
7870 55
4085 34
4948 4
3221 77
8764 71
1334 67
7121 36
9573 74
5701 14
7305 40
6025 21
361 63
510 44
2478 39
8051 5
3371 54
445 60
4394 78
920 61
1670 35
697 66
738 71
7417 13
323 68
6882 46
7170 38
4604 2
2355 18
1281 41
929 71
3185 50
6631 16
8303 37
4140 2
8668 12
3486 24
1897 79
4863 25
1085 43
7521 51
9395 30
2442 22
632 33
3181 15
7407 50
7534 31
3046 29
4704 24
7703 71
528 4
5424 23
7124 1
5428 34
5962 45
5060 17
9687 58
1722 16
4468 14
2945 69
49 9
97 59
1655 36
5527 27
9084 35
6645 38
2726 54
6031 49
8684 2
2693 14
8091 54
6397 3
1485 45
5580 25
6760 16
1444 18
4424 53
4021 56
6027 24
5763 63
2282 68
1196 6
2090 77
8950 15
3827 29
7349 72
4011 58
3010 69
9455 65
4820 44
9470 1
9292 61
686 54
3383 28
4111 0
9490 60
9579 63
5594 42
2193 62
1659 51
725 9
1085 51
1530 44
7773 59
4190 57
7470 78
5692 69
7496 24
850 0
4453 28
3570 0
7468 40
2322 25
7465 7
4196 27
1506 35
7851 55
3625 20
2251 79
3986 58
5460 41
6914 3
1374 64
1177 9
9889 40
5349 59
8332 12
2263 22
8279 69
9916 48
5197 57
4909 65
6978 13
5674 79
6090 56
1531 4
1189 22
6208 78
1737 54
5057 67
3449 33
6523 30
5790 71
5520 75
4114 72
4562 42
4512 59
8320 51
1084 79
1848 23
9778 75
4975 79
1478 68
4700 20
8719 43
6404 10
2425 48
2687 25
988 55
3425 9
2269 5
4601 57
5593 39
2793 76
5301 31
2864 34
1643 29
2864 14
3312 38
7790 25
8590 35
9329 2
8925 56
6500 15
3289 15
4741 69
6790 32
7743 1
2209 16
3483 49
5955 68
391 17
1446 64
2632 37
6641 0
2154 48
585 1
3894 63
677 29
35 38
3209 18
3869 20
7805 30
3940 37
9691 73
4332 4
8967 79
7414 43
1760 41
4620 25
8485 6
6192 30
967 59
8657 6
478 36
1105 47
4370 21
730 73
7545 35
4538 26
1016 72
1354 59
8435 70
3926 34
6487 75
1702 76
5319 61
2281 71
7613 19
7022 25
4617 32
5853 65
4552 13
9838 56
9249 1
7823 67
1615 79
4269 24
5652 77
7616 11
9900 28
117 20
239 9
1083 62
6856 15
7523 62
6903 6
5127 46
1872 60
2535 37
6039 46
2827 5
1626 36
3077 33
8810 70
9321 57
3844 31
3303 19
2162 61
2394 8
6087 49
8419 24
7405 25
5518 42
8459 55
7898 69
6849 14
6355 36
94 25
3470 25
9988 56
4556 17
4948 7
1634 63
303 13
3319 40
3389 46
3639 75
6827 45
5796 75
1941 50
3085 42
9733 68
1440 67
1297 51
8782 20
5468 68
9289 55
1584 74
8882 27
679 61
9812 52
1332 42
8281 27
3489 7
6405 3
168 17
7668 10
3811 68
6935 39
4610 54
1844 22
1757 16
6492 14
1345 42
1931 44
2654 66
5040 77
9383 25
5971 61
1200 42
7523 71
6910 56
4739 71
2758 51
2701 20
7053 70
2806 36
4374 0
5403 59
9339 44
4042 20
1166 32
3193 26
4156 63
5775 51
2902 59
1770 10
1887 27
4426 71
8031 4
1762 45
4573 55
2697 33
9238 55
2586 18
680 37
7202 56
3749 74
6456 61
2504 48
1546 19
9385 29
9147 1
1186 29
2096 62
3620 43
3813 40
2404 60
9273 64
4161 57
5702 6
2199 55
625 13
8492 4
1104 75
6639 79
1823 48
3834 21
3466 0
999 68
9468 46
1041 29
3611 54
6756 27
4867 7
1357 43
8064 28
9448 39
969 22
1028 34
1482 56
3676 2
7434 46
7708 69
4725 26
8590 50
9913 44
113 30
8617 30
9752 39
2354 57
6392 48
2168 40
3930 41
7657 39
5563 42
9965 7
1443 76
214 33
2464 4
1356 4
7601 61
334 61
6794 48
968 34
5261 35
4702 59
5495 44
5077 45
4593 32
7819 20
8677 77
1640 29
9214 64
6763 45
3 3
1060 33
7466 23
3547 20
2568 58
4513 38
1580 20
7888 15
3026 20
4379 64
1660 66
1071 33
5572 1
9185 29
9976 3
8585 71
1570 8
7332 71
9265 69
1452 36
1967 77
1432 32
7666 31
7399 59
425 43
9154 20
6804 2
6518 35
1684 9
6671 44
2356 9
9910 65
6442 55
7697 40
6708 43
9241 51
7969 63
8675 2
477 6
6519 65
4301 22
5686 47
8314 19
5428 61
9417 74
1465 14
8827 71
9253 65
1160 67
1850 24
5695 45
2502 5
7630 36
6058 48
4192 14
2946 39
4920 72
2434 35
2610 27
2952 2
6560 23
8720 38
4092 31
1307 74
135 0
9431 44
9009 47
611 28
7665 62
4191 15
2198 43
5610 16
1746 22
2909 36
8084 60
7603 8
5580 68
3473 58
6060 22
6237 32
6287 67
8729 56
2187 53
3016 30
9264 67
6715 3
3562 33
6663 48
4638 66
8826 7
4798 75
2445 2
4098 70
568 59
4924 31
1419 39
413 15
6071 48
4012 18
1310 45
7028 23
3392 48
6991 68
5251 60
8940 3
143 0
8076 45
1386 69
9916 49
9032 16
7930 0
3211 4
6891 41
6157 55
9260 44
9437 79
3467 29
6475 25
9297 23
1194 54
2033 11
627 19
44 4
5082 3
7221 23
7447 75
2306 60
9601 9
6554 67
4664 66
5504 54
5465 23
787 25
6871 67
3439 32
4132 52
8478 30
3990 19
4565 69
5119 18
1579 62
5336 49
9644 22
9731 60
5897 36
3868 69
4817 35
3114 57
5582 32
4089 2
4786 34
2579 25
355 32
7128 21
626 3
8811 36
285 10
3979 21
8447 52
3198 32
1858 30
6887 19
1129 72
3226 57
6637 38
6028 73
3748 16
3180 57
3526 22
3413 60
5442 52
2348 31
6763 62
5336 28
1288 8
6822 9
858 69
4927 49
2984 58
804 28
7715 61
5672 13
359 63
8296 8
7517 52
443 14
4433 59
818 38
2468 62
956 74
3800 24
6436 27
5496 61
9978 66
9860 75
1990 4
1885 27
9198 65
2051 20
2220 10
824 28
4174 44
2510 75
8158 77
5423 47
8 2
2535 70
5574 43
2345 11
2121 59
3895 32
8709 71
7158 20
8394 43
2319 17
5709 51
5073 20
3832 61
7470 58
1408 57
9442 4
5723 73
8815 23
825 11
47 51
5422 64
5671 13
7488 8
5753 42
251 44
2066 59
4404 24
3039 64
4222 51
6299 42
5871 76
6311 18
1530 67
7789 31
1936 17
4285 55
2121 68
6494 70
3783 75
7838 52
2446 75
4995 22
6142 44
3938 51
7808 67
4651 1
930 28
5982 11
5014 51
3477 50
5414 64
2546 46
5414 29
3141 30
2641 36
3645 19
758 58
6198 22
2083 51
7305 49
9437 64
5493 65
3094 28
7146 6
1083 30
6935 36
9778 43
5744 73
6334 44
2774 43
3799 40
5307 77
9190 78
6374 46
5715 65
4164 15
6095 31
3101 31
6534 16
6833 53
9786 24
4592 72
5830 57
1743 46
2346 56
5075 16
4685 73
7084 6
457 10
5566 68
8856 74
3616 0
6135 36
9870 31
5032 44
7787 12
6497 20
7601 36
2806 43
5219 32
598 35
4539 0
7866 77
559 17
756 3
4617 11
8113 18
3546 73
7776 67
574 21
9885 4
5371 47
6761 55
2956 74
4817 70
4687 4
9727 66
5242 32
6400 23
7190 66
2814 29
1979 70
990 46
7831 29
6015 79
518 69
256 60
7516 3
4004 53
8790 0
1575 15
1117 46
6828 56
6852 69
8374 75
2135 46
8982 60
9742 74
7222 16
1341 0
7205 44
6382 67
9461 57
10 28
6146 65
3522 40
2067 9
7938 32
2464 42
449 33
1946 13
1732 8
7346 35
3510 60
7087 78
3518 7
3134 16
6230 2
4797 62
5845 61
343 16
2349 8
3535 24
3677 0
2430 12
5586 9
8051 50
8083 36
7384 39
5673 78
3357 59
7671 37
8528 77
6935 40
7469 63
480 42
8703 69
6010 50
7639 16
1783 66
4898 17
7737 17
3051 76
1482 55
5979 27
7264 53
3967 27
1505 63
9135 7
274 23
5044 64
586 23
55 38
54 59
4012 37
8337 56
5389 46
83 61
5868 17
8343 37
7725 20
7970 53
5102 51
6456 40
8480 52
2709 37
5032 53
6619 25
1102 53
7964 7
8912 59
7482 41
7128 7
8334 17
8804 19
6487 48
3502 6
2570 2
3466 5
5683 5
8357 22
7568 36
8385 2
4702 36
5215 54
6879 10
3363 7
6857 6
8150 15
8328 49
2795 8
2749 62
7517 36
5085 48
9996 23
2437 40
3273 18
1416 57
3056 12
2271 43
9033 14
8236 55
4793 76
5453 37
4356 59
6141 16
3721 3
9535 19
8952 51
2963 19
9091 44
1262 72
8600 75
3326 72
1135 38
6755 18
1936 65
8366 36
837 29
2550 42
7170 79
1989 68
9515 25
4206 18
7892 7
3214 30
8756 55
4899 38
3769 70
7347 53
9791 35
3287 30
9679 19
5075 68
3966 32
138 40
6647 14
892 31
4074 28
6893 31
8959 19
168 39
5714 79
8700 72
3350 38
6782 36
2058 41
8035 66
2471 7
4689 10
9362 9
5870 51
5495 13
3956 22
8793 18
7484 15
3480 76
2013 64
5164 37
239 2
4746 1
6913 9
907 76
2215 66
878 2
9327 28
6222 58
2140 32
4322 64
94 78
8332 77
5724 5
422 70
5287 79
3343 62
7504 7
7521 57
3786 72
3173 30
6399 35
7760 23
4065 12
9690 8
4111 2
6779 10
9428 41
9231 19
3698 6
556 4
3912 6
7408 79
1728 11
6107 66
5616 4
3098 36
7094 56
2792 43
1733 31
1500 72
9138 77
3770 48
823 76
2206 39
7709 53
2042 27
3580 10
1273 26
6198 35
8380 2
2911 19
8314 67
5773 54
6662 18
7606 73
6479 77
7783 6
1814 38
2666 11
8936 46
5706 38
1894 63
6448 31
9277 21
3375 50
5030 42
9631 23
8115 14
8516 32
1038 64
6413 62
4098 43
8819 0
5205 47
9864 42
8793 42
3586 30
5146 51
4349 25
4235 3
1664 76
8405 17
8831 70
3646 73
3436 74
9790 8
367 66
6392 70
589 48
1760 0
5188 29
1142 64
726 64
8872 12
3381 60
9122 41
4728 38
2210 73
9903 34
327 8
4462 25
2815 78
6299 9
413 50
2159 57
6105 12
6804 71
5996 37
4390 1
4423 62
7524 60
8918 9
1485 68
1183 23
7646 64
5430 63
9243 49
2700 40
3307 71
227 3
267 64
9136 8
2253 30
2341 28
3364 36
9766 76
5728 77
2918 56
9193 8
6885 31
2935 4
8884 66
4993 36
3984 72
8990 48
7613 62
814 24
4514 40
1792 52
626 9
3628 77
5863 43
5419 34
4588 75
4578 56
1385 68
3130 50
9249 38
535 56
3685 19
1967 7
3389 22
5124 53
6589 16
1331 31
8693 32
8511 17
2082 46
6834 17
6101 37
4881 56
9127 27
7758 30
3985 30
4207 33
7578 12
889 34
2176 79
700 60
6940 51
3668 33
3448 21
5635 3
8797 43
8517 44
5135 42
2758 43
4622 55
2346 12
653 46
59 18
3007 56
1317 19
3558 13
9399 32
7092 22
9881 15
8627 77
422 56
2715 51
1546 56
1103 30
5302 69
404 29
2271 63
8241 42
2557 79
3757 75
2771 15
7760 20
5925 54
5608 28
4785 30
4076 10
9047 67
4117 45
8027 26
7325 21
1643 11
303 65
6357 29
5167 6
5344 77
6733 8
9962 42
9291 8
4758 16
1922 59
7791 32
9529 2
62 56
7911 75
1560 68
2629 4
9419 16
3493 39
4157 40
2161 54
4846 47
692 52
9460 9
871 62
2650 37
7152 68
7329 10
477 72
9111 76
7615 50
7710 43
2059 13
8261 25
7017 2
9796 38
9737 31
2668 42
9929 67
538 62
9561 56
129 55
4816 62
678 15
3220 32
6571 18
1054 5
5388 3
3327 54
9467 9
2257 39
6935 57
6306 19
6510 49
8471 72
4611 29
8444 60
656 42
1172 43
4182 37
989 78
1953 47
2161 26
5640 32
4992 2
4850 52
1450 57
6039 6
1944 56
5131 56
6028 24
2037 76
3655 61
2972 66
2825 32
7303 63
6604 55
3312 54
9738 18
5010 6
3025 21
9131 63
5511 29
8012 49
9645 1
9234 20
9204 55
7999 78
7468 63
1665 20
9200 32
4964 0
7777 61
6092 11
244 52
3158 72
3845 67
5157 61
6132 55
7560 62
3818 66
5834 40
2902 24
7334 7
3084 7
9337 52
9684 32
9490 46
3194 70
9042 19
3282 34
8205 44
8347 48
6911 35
4429 74
5507 17
6754 64
1192 56
6964 48
1107 10
4943 39
2769 53
9307 36
1924 11
3829 5
5920 18
3786 65
9507 68
9805 65
5860 36
9143 11
6653 78
1851 45
8830 25
1443 51
7888 45
8602 53
5417 11
112 63
9251 45
2964 78
6342 10
5330 68
5492 54
4843 25
9834 52
2450 78
2356 41
1130 47
288 79
7097 4
8364 18
6703 35
9726 42
1118 54
445 38
8267 53
5592 33
2214 32
4748 4
5126 28
503 24
9497 39
1823 38
5268 8
4680 61
4010 56
4135 14
1839 55
6811 23
8148 77
1077 43
2576 46
6738 27
580 73
9012 35
3712 77
8119 67
8220 41
2350 40
9510 78
440 55
6459 34
359 69
5015 68
673 6
9105 24
7814 0
9394 46
8543 43
8317 19
3594 55
6338 3
3289 74
4464 8
9300 37
9998 20
3773 49
6966 56
5740 11
3099 47
6129 26
6995 74
4599 9
6534 24
433 37
4505 1
1840 20
8401 31
2844 64
6301 42
9770 31
7570 46
8784 0
7688 28
1127 68
6601 10
1786 7
2086 23
849 42
2381 47
3759 14
8701 23
7542 30
5289 38
640 41
2078 33
7066 59
7737 49
7421 56
3580 2
1195 4
3284 59
7790 66
1308 37
5022 70
8201 25
4875 25
8209 59
8736 9
2126 45
9813 42
1398 49
4638 77
2367 31
4322 44
1309 15
3731 63
8942 36
9137 46
5712 22
7039 3
9928 9
7661 10
5682 63
4754 57
1568 39
5779 38
4505 16
8728 74
4377 14
900 64
7358 71
2526 73
9828 27
88 79
8333 62
7646 52
4905 20
2621 6
8949 55
8845 65
5245 56
8029 50
9356 0
2062 68
7814 65
2757 57
9212 14
1512 5
6432 35
4640 58
1178 67
5055 60
9177 28
4844 1
8530 25
884 23
1676 36
4252 17
8175 5
6760 79
939 28
3742 10
5741 71
2022 73
5734 0
2362 50
2068 6
9597 64
8168 7
701 30
3684 39
6729 13
8328 47
4338 8
607 21
944 65
8934 67
2765 7
3316 55
1289 55
2222 23
3942 60
4834 62
8260 53
7902 39
5494 65
9324 69
8170 73
9649 29
7711 42
2692 34
1919 13
6968 26
3072 21
5809 33
7731 5
4722 42
1022 43
2531 45
9886 29
4859 2
1924 30
8809 9
5858 61
832 19
9532 75
864 32
9365 71
1290 70
3209 55
7233 74
2237 53
6745 63
3163 52
9768 40
2342 13
1132 11
2171 10
3408 37
5980 78
2785 4
9158 48
5422 4
4612 34
176 9
8359 50
5596 6
3061 28
6308 57
9594 25
2297 19
3517 41
1372 71
4467 41
6585 61
2526 48
8113 52
2213 44
1697 2
9338 20
8679 25
198 25
6232 41
9884 14
5606 11
6004 33
6220 33
5374 37
9217 24
8025 13
1279 39
5441 55
4624 7
176 19
2779 78
3021 63
2201 9
3957 0
5847 70
4657 31
4909 76
7125 77
6047 55
1258 69
2410 35
8218 61
7248 53
4876 39
7740 65
1998 42
6771 11
2983 72
2794 29
342 12
6540 50
7360 19
8899 61
8107 68
8690 57
5732 12
8912 45
5945 42
1423 43
262 36
4641 6
9046 36
7190 62
5257 3
7966 26
3071 17
39 16
5955 78
967 35
3762 7
6822 58
2450 32
7537 73
8819 74
6226 14
4445 2
459 43
3108 6
2129 59
1234 20
9617 18
3356 33
830 5
179 19
3050 19
6028 44
7659 47
1367 35
5903 59
5984 49
2995 18
3177 68
8860 18
7199 51
6003 37
1949 31
6480 27
2667 2
586 5
1104 8
5589 48
7285 38
3201 59
2412 27
754 71
8473 1
204 75
4398 48
8873 49
4698 16
6386 17
6067 56
7781 23
4521 56
3570 67
7208 15
3015 45
6570 74
2230 19
2175 10
4590 17
553 33
7862 44
8634 56
8743 11
6025 64
6081 50
768 67
5153 12
9815 70
8082 36
892 78
881 64
3731 27
7420 11
2869 53
1504 62
3437 66
390 42
6606 2
6551 4
5228 55
6553 61
1572 4
1519 29
167 16
8891 76
2068 23
6496 45
6546 46
4223 55
4820 49
1408 0
4222 74
2497 25
24 32
1018 0
3043 58
5082 22
2976 62
7722 14
1062 75
3043 78
7460 47
637 70
3631 70
2264 10
4897 48
9796 77
4545 29
4621 60
2765 55
5402 36
2513 60
7948 33
8552 71
2973 68
7253 26
1975 79
3810 42
4846 32
7143 23
6864 73
1140 39
4327 40
4454 14
3964 40
2083 75
2102 66
9505 18
8425 33
831 65
9361 17
9556 2
8018 19
1531 76
5127 0
264 38
9976 71
5397 57
3256 37
5496 17
9328 0
3849 64
326 32
3123 15
5551 27
8487 66
9109 27
9644 70
4040 29
5945 57
3827 57
1818 22
4920 57
6926 76
6455 8
5859 58
3124 41
8414 42
3981 1
5264 71
8202 66
8083 60
2227 21
6806 26
1718 18
560 53
9988 31
9344 44
9443 3
9248 51
4613 70
8906 31
4530 23
8343 61
4719 73
3734 15
4710 27
498 4
1648 35
3734 67
8199 6
5824 20
1639 54
6706 43
3674 8
7962 33
6838 33
3816 1
7736 62
3098 60
3096 12
7678 26
9349 26
9763 78
4529 41
2175 52
6658 76
8853 25
7560 50
3824 7
3226 62
8153 76
2714 79
7481 22
1332 1
6670 45
9079 79
6568 45
4874 18
843 46
19 59
3932 65
3648 25
4965 74
476 72
1966 21
358 22
8003 38
4341 51
5338 17
1196 36
9503 50
4912 68
432 43
9346 56
7136 8
8952 13
674 63
4585 17
1766 41
3404 58
4375 72
5541 71
419 53
8141 65
4026 7
4540 77
9703 33
474 49
1034 56
3173 16
5936 31
4 52
2241 18
8641 39
7135 76
590 30
1902 53
5501 67
4026 11
2918 61
2407 43
9029 46
608 44
3605 9
3234 73
3605 29
3026 9
8852 67
8515 45
9660 48
6092 21
6343 71
7636 79
6415 47
2179 13
6096 27
1823 65
3053 12
8735 40
8758 0
2043 1
523 20
7887 25
1148 46
1369 52
1240 64
9973 41
5804 9
7105 42
8320 62
9753 31
8370 48
471 78
9496 26
181 73
9514 10
5100 21
700 41
9649 66
1138 9
1184 43
1507 42
2408 44
9438 24
3249 59
8868 53
6379 69
1220 31
7016 70
7498 77
8962 51
3684 59
4022 56
9167 48
7802 9
1444 72
1938 7
8894 67
8615 50
6792 57
111 69
2526 72
3778 51
7063 43
7312 75
2456 9
4903 42
9613 8
2751 62
5892 60
2649 51
4833 47
3450 76
3938 78
5742 47
7152 46
2896 61
5954 26
4791 28
8614 26
8199 51
8756 1
9726 2
1906 67
8445 12
4822 49
9450 18
1871 51
5874 77
2074 0
8102 23
4209 29
3578 38
4089 0
202 6
7150 31
2337 66
9686 74
84 63
8918 2
3613 21
8229 37
1801 75
7922 55
3489 14
9298 29
5544 29
6040 25
4455 52
314 14
4627 52
535 47
1680 43
6395 24
8802 53
2782 72
8631 30
6592 26
9695 18
8697 46
174 4
3567 41
9888 7
2768 22
3584 76
7839 7
2814 25
1749 28
9905 66
2455 62
8323 7
1755 9
2918 58
8525 68
9000 11
8796 78
8429 2
9565 39
6073 8
5869 56
5502 34
9917 16
1340 26
6607 60
2928 60
7472 17
3933 75
8778 9
8069 77
8327 24
2949 74
8817 11
5830 60
7135 12
1371 51
3578 19
3334 8
4436 60
8610 60
4122 1
999 28
7879 21
2858 3
9204 13
7495 76
7257 10
8191 66
8625 39
7684 71
6230 75
4560 61
2683 28
1420 20
4174 49
6035 1
4991 65
9983 55
8359 77
4233 52
4716 23
9674 11
4578 78
6060 57
1263 71
5549 70
4450 58
4764 10
5341 37
5668 58
3020 49
6992 78
9556 47
2079 16
5708 78
3347 34
1170 61
2584 76
4917 7
2549 18
7271 16
872 62
5859 10
6563 79
2293 52
6523 45
9949 16
2223 23
4971 16
5185 59
158 44
2522 66
5799 18
1241 21
656 58
5150 64
158 53
7144 18
3456 18
4772 46
6406 60
9650 17
6874 36
6175 64
7092 54
6475 61
218 10
5257 21
7771 10
2750 58
1203 75
6780 40
1199 58
4022 6
5514 20
9673 28
7807 17
6638 27
3728 78
4528 60
493 54
4617 57
235 61
4351 66
8161 57
5482 62
3054 13
6035 31
5447 19
3625 63
7171 5
7743 60
8335 8
4942 30
2128 69
6847 65
3779 5
1951 4
8293 57
8027 12
4294 51
9486 53
407 5
7199 23
180 4
9878 1
8030 24
1241 36
746 35
3672 62
6837 75
7816 2
8792 38
2726 65
6850 1
6378 39
1926 77
8367 36
3968 22
3938 53
6136 65
7381 62
6524 2
6965 7
8248 8
8106 16
9464 69
5695 66
5105 13
8127 4
8446 58
3656 71
8123 9
2921 46
3990 22
2725 77
3340 63
9638 28
6134 23
3373 40
5692 41
9485 8
9978 55
4604 23
6311 46
8376 34
9401 72
939 15
8302 13
8371 24
3583 54
4709 19
731 33
6317 79
6771 10
1036 13
7354 12
6188 72
3610 68
6694 3
2132 77
3263 78
6517 78
4081 20
2896 60
2299 69
7838 45
4156 58
4051 27
9298 42
1683 64
4118 24
9034 20
3352 23
4504 33
5486 59
6539 15
4438 45
7502 65
5206 59
8182 26
6671 25
9055 29
8488 56
8104 17
1991 1
7450 77
9943 47
3582 53
8055 22
8998 49
7004 19
2719 38
4051 18
5489 36
7390 70
4651 76
3226 9
5628 11
6479 48
2533 7
9023 9
4748 68
3757 20
5988 20
4019 75
2479 25
7334 47
8289 40
4633 17
439 12
1810 26
3197 4
6121 24
1266 58
6973 21
2972 17
9703 5
8525 10
9486 44
4570 19
9778 41
3215 13
2723 3
1028 24
3185 63
398 29
741 27
6769 8
2109 10
1048 16
6841 45
4706 68
5026 42
6302 19
450 43
639 56
2138 5
4006 49
4518 67
9598 26
1822 31
3881 59
7205 77
5606 42
650 20
5662 30
9453 10
1721 34
4772 75
3785 34
2890 21
2677 54
3095 18
2384 72
8737 67
1629 66
5208 6
4189 73
1031 52
584 16
3113 10
7782 27
6062 17
7160 1
1822 60
3352 76
9972 30
8499 1
4700 37
1240 38
7889 55
5205 5
897 7
8033 44
9407 4
1729 13
4525 63
7148 57
7702 70
7099 68
9737 66
5112 5
2847 73
341 61
7903 1
5394 17
8430 18
871 53
6448 55
1333 55
4936 65
608 38
9719 55
6195 61
1077 29
7306 79
1225 48
7664 0
5833 12
3675 78
7746 42
7014 59
9965 74
2314 56
6282 72
8814 79
6083 78
8956 61
1465 70
9635 10
9137 42
2240 6
4599 10
1431 18
7099 73
1131 9
8868 69
1156 9
3253 33
5451 65
1656 1
8138 72
2469 33
9605 7
2481 1
2518 21
3563 17
4958 78
645 69
9604 31
3467 38
1136 48
7361 5
5973 62
5209 28
1467 4
4030 3
2052 69
982 76
3642 73
6275 44
5384 18
9842 54
7152 58
8477 53
5345 10
8608 53
5905 73
3450 63
7799 63
9546 48
5081 69
4735 4
5583 12
7800 4
9865 54
5036 10
1582 68
8430 12
5873 77
2880 61
6578 56
5886 44
4668 71
6334 70
8736 48
745 63
6259 8
1693 8
3357 14
9656 13
4160 66
4753 47
5348 48
4845 41
5122 13
641 49
217 29
2999 77
4649 62
876 62
210 20
488 14
6087 66
8259 18
416 34
8355 60
3809 49
4237 15
3125 74
6907 31
7292 77
5201 21
2403 44
5510 45
3111 50
2271 60
8000 64
7436 17
7660 38
6469 6
8370 26
1937 35
658 71
7694 79
5642 21
5099 68
9483 33
9800 78
3422 10
7944 64
3424 39
7808 52
23 56
2631 44
5380 7
4487 25
359 59
1686 39
7632 41
3290 19
3733 70
8482 58
1756 62
6772 32
6547 10
6929 42
7511 2
7140 40
2985 79
5063 2
8699 11
7448 46
8682 56
3192 59
3091 9
1593 78
4430 65
5893 22
1323 54
668 30
3142 2
5070 62
5416 6
191 30
9706 26
9715 73
1676 5
9338 58
4418 54
2188 37
3221 77
8428 68
6027 73
3705 28
783 31
3273 12
5873 67
8452 2
6567 7
4592 58
7913 29
517 67
2739 10
871 0
7612 41
2845 56
9673 24
2361 74
1846 3
7282 32
5452 12
2463 63
2413 52
131 41
7091 41
3939 31
9173 59
3673 70
8167 76
2623 68
7300 20
346 55
7325 30
759 51
7721 67
8500 22
9478 65
2449 42
2006 7
8826 54
6162 64
5042 1
7750 9
2186 68
535 1
8930 59
2175 28
9589 72
7283 52
9477 35
8181 60
6959 66
5240 66
8353 49
8284 49
8868 63
8457 32
8097 5
1159 75
6060 66
8210 27
4385 72
8927 37
3414 45
4263 12
6888 47
25 35
9344 8
8918 51
5353 9
4947 69
1158 38
2431 78
7448 46
643 36
1036 37
7724 0
571 31
5979 66
2790 59
7547 43
2591 26
7755 28
1981 75
4626 25
5823 21
3504 25
6397 32
1589 28
9990 48
7037 57
1437 15
7204 51
4342 37
8060 40
698 71
1146 54
7319 9
2740 42
2038 33
5209 22
28 42
1234 46
5673 49
7340 48
9940 48
4449 14
5780 5
2671 57
7405 14
913 43
7977 3
1703 0
4870 15
4733 66
5093 12
5831 48
5830 59
1209 75
4364 29
1681 77
236 65
7747 70
2760 43
653 4
7445 44
5775 62
1859 68
7696 77
5785 49
5037 56
2424 50
6339 42
3532 12
5686 50
9180 24
7289 55
7636 8
1547 22
8992 4
8413 57
2650 6
5573 6
1132 62
635 65
3570 2
952 15
2500 5
3241 72
2387 34
6323 24
6942 6
3202 50
9203 40
4065 33
803 22
2081 77
2518 61
3545 6
2997 36
2776 49
4760 54
2931 28
2783 74
1531 14
1169 1
9846 32
716 11
1069 3
2481 54
9829 77
2507 52
9218 3
7323 55
914 68
224 12
5284 47
1007 34
6200 66
6229 53
321 17
3581 59
542 15
4543 75
155 60
7564 21
9902 75
2427 49
9807 31
4937 8
5419 2
2073 41
8156 17
1345 41
6094 22
6511 10
4126 67
6135 70
2943 73
8114 73
2919 19
3437 25
1470 50
2223 35
5408 37
3648 34
8388 4
1358 46
6399 74
5910 31
8418 12
2699 61
3220 74
2455 38
9765 49
605 27
4602 75
7208 71
3371 20
5037 76
7739 25
1830 44
5822 31
1026 65
7417 29
3573 9
9292 40
5814 34
150 57
4794 62
4785 44
8123 67
8118 8
5530 66
9962 38
9045 65
5445 64
8870 23
7460 39
3202 68
2055 33
3615 59
7932 77
617 29
4804 4
5653 66
6714 62
5584 22
4557 46
5752 30
875 27
6148 22
9765 60
8195 73
7266 48
2505 12
5769 39
9741 39
3661 64
1915 65
7241 15
1864 71
686 10
3769 56
7908 49
4000 64
2836 73
3412 47
5230 51
5787 54
3469 13
754 77
8204 36
5035 36
3699 36
2427 4
7469 63
9840 0
2318 70
300 14
6466 54
8247 28
4216 33
3886 0
7678 56
6570 49
530 51
3849 43
1320 29
2852 67
2090 78
8290 8
340 6
3312 18
6730 51
9997 58
3211 32
4640 20
2655 74
179 29
2557 79
2611 78
9089 53
5303 42
9076 69
813 26
6747 18
4585 18
4797 74
9554 0
2791 40
8624 16
2299 34
7733 47
3896 6
8416 42
3192 60
7609 18
3664 8
9859 30
4104 48
731 29
1299 4
9016 7
8238 14
7596 30
9156 55
2349 38
351 2
3484 62
6289 26
5528 75
1943 4
1115 32
7740 0
5837 11
4843 18
5826 46
4051 55
4538 25
4659 54
9673 17
2889 20
1617 79
1757 68
9314 23
3344 25
3751 3
1904 41
1618 60
872 17
5995 53
4983 47
4428 68
6428 64
7537 45
8480 22
422 60
2004 4
8134 15
6636 74
9524 14
6189 8
4226 8
7228 49
2043 59
4754 78
6616 79
9648 27
8314 48
678 34
3885 55
5838 66
8804 68
7952 11
3100 73
5972 73
9928 69
1424 59
5216 44
9275 15
8849 32
2311 12
350 31
208 11
7544 56
738 18
549 58
3123 78
2529 44
5698 45
7476 19
9466 6
441 3
2037 53
3080 68
3519 23
9298 64
7910 78
2540 39
5319 49
4666 16
9697 4
4562 60
6667 63
957 56
2707 13
7744 15
2595 20
4794 41
6380 59
1544 21
8545 61
3408 30
2684 73
6056 76
9526 67
2256 74
9411 27
8066 48
1259 56
9995 13
237 64
7372 2
2202 71
2944 29
6480 65
1646 33
6901 53
6148 31
6230 65
4355 3
8095 20
7748 77
8796 60
9125 73
5615 29
234 30
419 74
601 0
9211 67
6384 67
8630 75
9968 29
6426 36
671 5
6581 25
1969 30
468 72
2603 58
7955 11
1266 61
6644 18
4395 48
6658 14
6690 13
5639 28
5626 78
1245 12
8056 13
1365 77
193 55
9718 6
7969 2
2054 4
9333 39
5728 11
4559 14
7544 59
4369 70
2994 65
8067 45
6625 38
8507 18
2333 56
4359 36
6556 19
2484 70
4191 44
3196 3
1473 58
6552 72
4137 65
1756 34
6778 12
724 4
9433 54
2604 4
5183 70
6929 19
6321 21
6285 24
5634 12
367 9
3697 79
2542 5
6129 16
2374 48
7292 49
5443 43
6667 10
5465 47
5678 35
2958 54
1988 30
1322 71
4229 53
9529 12
9148 75
3798 49
7936 34
5743 75
5900 40
79 51
5085 78
3375 14
1318 56
3606 26
6638 10
1633 55
7859 52
879 47
536 44
7508 3
7203 69
6379 68
1423 25
3751 75
8831 40
7892 37
7673 61
4879 63
5694 25
6405 42
28 31
9932 74
1293 43
8864 65
2330 64
3324 3
4164 60
8142 37
7400 42
9417 23
695 35
19 28
5271 2
2770 50
9855 19
5502 2
3642 71
3705 37
5526 71
2170 0
455 51
1326 46
5729 54
2820 25
7637 71
5847 37
9219 62
9632 25
9792 0
8446 75
2742 42
5046 22
5735 70
7681 10
3300 29
3783 33
9215 41
1716 25
4405 37
7147 19
3080 36
4840 55
6431 27
7362 34
4405 12
6720 29
7969 32
2635 59
5651 48
318 79
9014 63
5854 71
9150 23
6328 25
8927 63
7818 40
9879 39
3047 35
5583 64
3324 10
759 10
4342 30
6011 10
8761 68
1225 72
8824 70
7558 35
5656 6
9941 65
6942 64
8406 39
478 43
4188 34
7654 59
3618 63
7229 22
7787 61
9838 48
7875 29
7149 54
8524 19
7805 36
5794 60
2148 35
3237 27
534 3
5680 2
28 0
6502 9
6616 36
4542 14
7373 41
1360 10
1796 25
2004 76
2587 4
6269 20
9717 13
2799 30
4931 50
9281 24
4974 22
4316 66
5636 28
6369 1
2655 2
6184 16
8703 8
5500 4
6869 27
1598 11
6992 51
9441 0
9964 37
8582 13
1651 69
9266 77
6413 76
9056 76
5982 50
4031 62
734 41
1596 9
6087 21
1799 1
5166 59
4151 78
6142 53
8630 27
3802 0
4167 61
6783 34
430 78
2859 43
9911 21
5530 23
3453 52
7206 61
1172 30
3516 39
6213 19
7505 30
2415 9
7794 49
4844 24
2119 66
9623 66
2530 61
4212 30
6861 38
208 32
4714 62
5457 70
864 49
9432 49
6408 47
5645 78
6312 22
1819 64
9399 72
629 60
4798 14
8732 1
2686 9
3547 50
6983 16
6194 65
5897 59
3304 41
1413 11
926 56
6676 20
7669 71
2640 56
7740 72
3029 33
315 27
7690 26
2677 29
8619 42
9994 29
1024 79
4269 28
7987 67
8900 33
6746 77
8197 6
5089 7
3198 50
9983 55
6569 68
398 45
6579 56
8753 56
2439 10
8724 53
4740 4
8039 21
7686 5
500 73
9860 49
8662 77
3573 15
8027 46
8118 35
5233 25
2442 56
3522 50
7718 25
3058 30
6004 12
556 29
1598 59
7881 71
1376 33
5199 50
5112 14
7886 45
2500 23
4644 12
5721 77
1736 49
6699 24
219 35
6985 15
6451 62
2734 71
5869 7
5400 38
85 25
7329 66
4089 33
8190 43
3927 50
8099 2
3162 6
5505 53
8934 19
9345 72
3657 53
4296 49
8596 77
5149 79
6256 6
6622 40
4458 15
8606 46
1242 74
6418 30
7842 33
4056 37
1817 31
8524 78
8854 2
3220 44
9912 27
6767 1
4664 79
4724 41
1176 30
7733 54
2620 77
3897 8
3641 2
7832 8
7755 60
1944 66
6281 44
1780 13
245 51
3850 9
3254 58
602 35
5900 72
4060 39
4425 36
9953 51
5453 7
1791 52
2698 76
3940 0
2597 72
1578 63
8563 16
9150 54
4820 27
1511 65
1008 69
7078 13
9350 76
4602 31
3587 11
4390 36
954 33
4521 38
5281 77
9715 56
619 40
5286 79
3477 63
7629 77
592 28
7885 10
6153 64
3543 1
9620 79
4474 52
3163 72
7268 45
2233 31
9832 3
7575 56
8910 53
9871 2
2620 54
3402 78
6501 69
7357 11
2843 55
3739 0
7495 51
2960 69
261 74
1186 62
7942 2
4326 68
4986 77
3144 50
3960 58
6616 73
9428 56
1135 48
1248 34
9787 12
4239 12
8136 56
7201 57
7058 1
9925 54
598 1
8916 70
6419 6
2554 74
2797 13
2269 28
5131 0
595 41
6854 74
898 10
8433 35
2582 61
9928 29
3876 69
4744 73
254 42
7783 38
8648 45
1295 23
5699 77
757 48
2851 31
2858 29
2388 14
8927 15
2273 47
5732 36
2889 47
3134 2
9828 43
4465 15
2763 28
9029 64
7379 45
6513 44
5810 42
1052 12
5182 39
611 18
5824 10
8334 67
9749 38
3607 51
8827 36
1496 43
7666 48
5690 73
3629 46
2547 68
2638 56
5998 73
125 21
193 8
7328 23
4460 21
5975 32
3758 27
847 66
1318 35
7703 50
1436 61
3877 24
592 9
5770 6
6855 5
362 51
690 35
3295 2
1172 21
9436 20
19 72
5437 22
5552 42
1572 56
2818 26
2996 60
8312 43
5062 23
1714 20
3344 23
2633 39
7294 33
5920 44
7870 38
9491 73
1266 33
4725 0
2177 32
8290 37
1265 44
7521 58
398 70
1940 10
3789 16
3777 14
7897 38
6679 31
6384 55
2626 41
7696 68
517 23
5583 67
2032 17
9954 32
7437 63
7197 33
6852 41
7664 68
6993 77
8685 40
5707 43
9543 69
5184 64
1822 9
2100 13
2329 31
7854 68
3502 62
2512 15
3120 59
4605 77
1828 60
7425 41
8030 11
8497 72
3646 67
9964 63
1923 57
6437 79
7649 74
8258 46
4872 61
6143 51
4117 53
2119 14
2402 70
4843 1
5084 65
2601 79
1617 13
3216 64
2285 4
4694 62
7955 7
761 79
5503 47
9778 47
6649 65
3865 57
1321 45
34 33
2987 52
8273 2
2448 67
8017 31
9330 0
5611 8
8919 48
5325 75
7806 18
8300 68
3774 60
6071 51
2639 64
5320 25
2838 26
3654 30
4099 57
88 65
9653 23
3983 61
62 23
1298 69
6874 74
1591 28
8702 14
6123 3
3805 36
8895 32
77 76
966 23
1694 31
4190 40
5609 9
2801 36
6869 17
7595 77
9817 54
5567 42
3329 39
1902 52
2732 63
9009 63
2274 44
969 8
2571 11
1734 56
1981 65
9462 2
4565 40
7370 47
4225 36
2233 67
5216 33
2060 43
4643 11
4731 6
5481 74
3711 61
9010 40
2869 32
1552 79
641 15
805 68
8828 49
338 58
9743 5
3161 21
7848 3
4179 28
7019 29
5057 42
1020 39
3665 33
6406 32
9422 75
7449 60
5905 78
2044 64
7623 11
9548 74
8100 36
1520 58
138 24
4963 48
983 76
5281 51
7465 71
8335 27
8339 26
3630 45
7618 42
6213 49
5260 27
6603 48
2418 75
8446 47
4095 25
5530 67
6725 16
3641 32
89 67
1328 66
9137 39
2893 71
6605 55
8471 55
6781 8
4271 17
6141 59
6552 67
7603 56
2353 5
2896 76
3953 3
4153 50
5656 5
4330 55
1515 45
4766 29
4912 45
5731 14
1839 18
4430 11
4104 48
273 64
349 44
8185 5
9662 0
9625 68
5530 62
7907 33
1642 37
3465 27
5095 9
6048 46
8163 50
3101 34
7982 67
7587 52
4736 20
4653 31
9715 47
4141 55
4855 68
2085 18
7465 9
4698 51
1431 66
9175 19
2175 8
4917 14
1772 57
9664 24
5014 45
6496 42
4463 64
6384 29
3472 32
7316 18
2039 37
6753 43
5339 24
7890 25
9886 33
4664 67
8884 49
5403 32
6211 40
5541 2
5511 36
1424 15
4243 56
5664 61
1601 36
3709 25
4624 6
3128 20
2977 61
6891 58
6996 6
3301 64
2140 69
2304 25
550 18
1718 70
4777 45
9579 24
6226 15
3468 3
6675 15
9257 65
9268 45
4584 79
9310 78
8673 24
9790 53
6107 60
7378 27
71 61
3814 74
9721 22
5953 28
4057 57
2946 74
3727 19
6030 20
7277 61
5960 61
6498 2
6705 79
9577 56
4789 2
3539 13
2214 20
589 0
4507 70
9482 8
2853 67
2381 37
9559 78
1265 49
4963 39
484 35
786 9
5650 32
8449 51
1342 78
1255 1
4524 22
978 70
3831 5
8422 56
3582 79
3323 40
3402 17
2512 45
8415 66
9661 60
6238 36
5907 6
1619 77
4531 30
6399 45
3395 37
9805 59
9356 36
6335 16
2522 22
4443 32
2916 47
1142 32
5994 44
6374 56
9019 8
1643 7
4825 57
5228 61
7084 21
2090 10
8629 4
951 16
7827 35
3625 55
2365 50
6320 77
2822 27
152 39
1155 63
9428 41
8831 15
8180 78
2765 68
6898 69
