100
10000
9726 42
406 19
7657 69
8354 12
8960 44
8428 25
5365 59
5196 53
4667 6
5986 75
3428 49
9453 17
5397 15
3702 49
6310 69
8901 5
5663 9
569 15
3529 28
6853 67
8152 50
8880 34
1116 42
9844 68
8037 30
1877 0
7942 57
8666 11
8783 63
6312 11
2454 46
4502 38
9014 47
3465 60
5179 25
1289 30
9580 50
3095 57
3309 35
5641 19
2996 7
8800 65
5445 79
9826 2
1160 53
8586 60
7500 75
8839 33
5898 16
7413 29
1316 30
2146 63
6710 19
2947 17
1306 57
4279 70
209 52
842 0
136 56
118 75
1173 37
3077 57
2772 48
8635 74
5067 79
2348 71
7988 32
627 60
343 70
4819 48
3449 65
6664 2
5949 10
7901 65
4438 56
1757 24
5163 49
1805 37
899 65
9700 53
5318 16
3720 29
2911 67
5391 23
6002 65
5857 71
8123 48
8215 41
2289 60
4407 26
8796 3
2441 15
5602 16
1647 5
570 65
3918 6
2354 23
1492 5
3031 75
2168 70
7820 39
9773 29
5574 72
7683 1
5019 78
1398 77
6669 61
7421 67
3794 3
9120 77
4607 22
1179 33
4294 73
8680 48
8182 11
2702 60
2861 13
3430 20
7140 30
5582 61
6976 69
7005 46
2868 73
6113 56
2314 0
570 0
7353 19
7635 11
8227 10
3427 53
9060 41
6058 13
4547 6
4493 49
8411 38
7732 65
6938 36
3978 67
2907 77
8755 50
5960 27
659 35
1715 75
1067 39
5404 29
3765 70
8682 56
7688 14
4952 55
3096 7
2396 4
8415 2
1853 79
7182 62
2037 12
5497 38
7692 6
5770 74
7095 67
6218 73
5891 38
9088 8
3364 43
6613 1
427 3
3995 75
5090 44
7048 50
7787 27
241 51
4716 41
7643 71
5161 8
966 9
9579 16
6695 37
1868 26
4827 30
914 56
422 12
9756 78
7488 33
1000 2
4991 39
7888 12
1641 39
9577 73
2904 24
4393 18
1332 67
9906 20
2147 31
1966 44
6973 29
3090 33
5167 18
4587 61
8739 12
1629 41
3264 51
8553 37
9972 46
4853 49
5958 31
3491 10
1083 12
3130 52
5663 11
4250 64
908 73
9960 59
7325 39
1875 52
3708 17
5504 55
2496 44
5209 42
7570 76
1874 3
6197 47
5061 4
198 42
2388 36
150 62
7079 43
1080 37
3841 26
9616 31
8090 69
5129 36
2685 14
7453 69
8452 31
686 20
5931 20
6536 28
1333 66
6233 31
3858 56
6486 10
1772 17
809 71
2473 34
9353 14
9632 54
2954 56
7204 68
3290 19
2394 73
5906 27
7809 40
6813 59
3243 75
6252 47
3671 4
5411 21
6315 68
9780 64
1791 23
9128 41
6573 59
1675 34
8172 43
6375 24
8111 28
3687 53
4767 51
7178 78
6398 64
3938 32
6576 28
8030 2
1390 10
591 23
5831 61
3182 50
5272 6
5835 38
9307 56
4192 57
3540 43
3372 53
9087 40
6067 59
4733 7
6317 52
239 51
6882 5
3758 55
7212 46
3575 24
7641 79
83 14
8701 55
2968 31
5635 27
6843 42
2666 0
2346 61
9251 5
1552 36
5659 31
9704 47
6708 66
8311 14
6192 57
7176 75
6497 3
1838 4
5446 58
3111 20
877 65
7845 14
2855 41
8320 53
6055 16
7193 42
5175 39
7500 34
1534 46
8479 51
9771 30
9205 60
8796 34
5428 46
2147 67
7489 11
4806 47
3462 42
3712 69
2123 51
2479 48
1478 29
5706 62
9148 34
9366 43
5872 43
8559 63
9700 45
9985 32
6249 48
8728 69
377 40
4782 57
9043 2
992 24
3808 77
1997 73
6461 34
6212 24
6982 49
1628 31
1962 57
8803 32
2238 20
6053 50
8393 29
8800 37
5021 63
4552 35
8015 43
1530 22
5527 21
1169 64
790 76
7343 43
1463 68
4942 61
3166 66
218 71
9295 67
1832 74
5392 9
4513 7
9799 19
6215 50
3125 72
1425 18
7 16
267 72
9623 15
1972 57
7625 15
5008 9
3294 73
1060 54
5566 47
5249 62
3204 25
6148 46
1503 74
2536 25
2886 14
1835 49
9976 2
1378 68
1992 0
5647 6
6944 22
227 55
9892 2
3278 65
3725 76
5749 17
4735 32
4655 15
3841 38
465 43
3307 16
8424 6
9930 79
8359 42
5788 3
3500 71
6419 61
3170 44
3720 18
1663 30
4476 46
751 71
2371 34
8403 62
486 45
8170 30
3733 66
6774 6
1502 27
7932 45
9131 10
7575 32
4659 72
3395 58
1110 28
4717 47
7980 41
9435 4
3625 20
3384 78
6495 65
6951 5
8543 25
8853 69
3249 10
546 66
5194 43
2203 21
7835 58
755 23
7872 53
7953 8
7467 33
7232 76
5872 74
3974 68
39 7
9318 69
8723 41
3365 38
394 32
9214 75
3385 74
2955 9
3666 41
4228 70
3942 0
5172 78
1073 10
1812 52
8367 70
4475 3
3573 3
6133 48
874 68
8163 15
5807 1
6544 62
5020 58
8393 33
1582 24
741 59
4366 1
9575 5
602 39
1361 31
2860 31
7037 0
582 73
7831 28
2929 0
4457 65
7775 64
6562 45
5915 47
7996 0
423 10
17 58
2563 29
2350 17
7439 30
688 48
9896 54
2463 63
6508 61
6279 43
1555 49
5743 35
3765 51
3726 30
8718 30
8693 12
1241 4
5237 39
2575 23
2609 53
2794 1
1198 77
8473 65
2631 36
5753 67
3881 67
433 58
6377 7
4131 60
6679 68
4255 26
9168 70
797 11
8660 54
5180 68
116 54
9269 22
788 9
3971 19
3210 2
7110 62
7500 71
2875 79
5947 49
2333 0
2908 35
2105 8
5367 5
4911 49
9879 44
5591 71
1461 39
6769 15
771 25
1588 1
5851 46
9449 36
5451 43
7933 37
4356 39
9838 67
242 32
7534 59
4335 75
3010 59
116 60
6650 36
1104 46
5539 17
9049 15
8566 30
1730 43
6905 23
4560 68
2984 79
5818 11
698 74
6090 45
5066 55
5022 29
7286 13
6496 10
8307 48
3275 45
9320 32
6085 1
5583 15
7741 30
4316 29
294 68
5560 66
8873 1
4482 23
9850 0
8908 33
3750 78
9365 11
3446 74
1003 46
3430 24
1964 48
8184 33
8019 39
2464 43
1094 56
6957 33
6921 49
2663 79
8383 46
1973 12
2114 28
5064 35
6854 8
4052 16
2745 51
9037 4
4648 21
1498 37
3721 58
5277 6
1166 61
3052 14
8605 0
3963 7
5018 37
1516 21
8413 76
5658 64
7895 26
2729 0
8508 66
939 5
3985 51
8017 64
1217 45
7905 66
7107 0
5688 79
7488 20
8900 29
7302 63
809 63
6461 22
21 25
6678 4
5267 63
6420 32
7199 30
3310 29
2854 55
701 19
1211 4
9839 22
2751 72
2297 16
7518 23
622 32
6564 30
8838 62
1242 17
1711 73
1744 0
2672 63
2286 21
5938 41
5098 60
6531 49
7574 47
7771 64
8867 29
736 40
2008 7
4156 11
5962 39
1374 39
3539 13
9215 78
6269 7
4227 38
5565 59
5280 25
2559 53
7250 42
6938 24
3089 69
5967 51
2233 65
8803 17
570 38
5498 44
3557 53
6271 32
1949 72
5406 8
2335 70
6715 7
1663 67
2739 68
795 2
1608 51
654 72
6625 12
290 63
3831 27
5368 19
9559 19
3451 44
4423 79
1566 73
9759 23
9171 21
5708 27
4437 57
9268 47
4054 46
4713 3
1391 29
5106 78
8866 69
4801 38
6207 23
5944 79
6351 18
8422 78
5324 6
5249 8
8377 7
4450 28
6040 64
6672 41
5537 33
4771 29
437 55
3844 44
8880 71
9233 25
9770 70
4834 52
1605 72
2584 48
2161 51
204 48
2962 15
7745 13
9249 44
6916 6
2384 32
2892 21
7622 60
787 58
321 41
1684 54
4365 20
4144 38
4778 68
8133 74
2037 4
3739 33
3446 65
6420 67
3237 49
1130 27
9409 46
9760 46
636 30
7434 28
2386 16
1956 2
1159 53
987 58
2716 73
5365 0
4140 61
5700 17
2785 66
5028 66
1223 51
9937 26
1989 31
7354 61
3171 18
906 70
6077 32
5114 49
5883 29
21 34
4462 12
6718 37
5698 17
5296 67
5783 69
3860 29
2194 6
1625 25
4136 8
5172 6
5186 13
367 45
1643 44
5136 6
8610 48
1070 68
2982 64
5300 14
7574 6
6555 11
3195 31
4969 25
39 46
9929 58
2514 61
7537 60
6062 17
5397 4
5327 8
3015 54
6144 18
4710 3
6412 9
8011 47
6782 31
1399 13
8162 66
7250 74
2497 63
3909 3
2475 16
2755 68
7785 51
9232 30
7283 41
7953 68
8247 54
9723 3
8038 12
1460 59
6807 63
9023 62
3171 21
5027 19
5963 12
2171 55
4270 7
741 2
9947 23
1342 1
5128 2
1408 38
5972 18
3261 72
4197 60
9363 55
5424 75
6067 64
7754 26
1450 57
4330 43
5454 11
1798 6
3520 9
4268 32
2735 33
4423 7
9542 61
7506 24
5529 54
9845 78
96 7
2392 8
1505 73
7220 5
1730 48
4197 46
5726 1
6774 16
6859 62
9856 36
96 48
7959 61
6388 64
9788 30
6117 66
1546 69
8312 78
3580 72
8088 60
2698 74
7519 27
6208 26
7294 31
8096 73
22 69
4327 54
5300 67
1458 23
3828 1
1369 38
6936 62
4438 54
3616 1
5543 0
5914 45
6895 78
3211 31
3324 19
2853 71
8724 38
3481 33
5145 25
3197 63
8582 42
4434 5
4144 5
2611 64
2400 67
8554 51
2284 68
2541 16
665 69
223 0
7816 29
1549 79
1424 58
9013 23
3094 51
2685 23
7122 25
2649 31
2166 47
2746 11
3265 3
4674 10
877 8
9412 58
2685 1
4274 33
8364 12
5146 58
9425 41
1918 58
1289 54
2372 15
9730 24
7820 68
9825 72
8485 3
7729 8
2149 72
8271 48
9069 29
4636 41
9065 39
3783 52
8295 28
6458 8
4024 32
488 23
4793 59
2165 28
5563 24
5018 52
2511 60
1234 38
5368 49
8483 79
5498 31
4239 30
5548 6
2105 25
4812 58
628 74
6255 43
1535 74
8886 31
6085 57
9903 79
6434 39
8603 59
2701 65
7863 74
3104 43
2109 19
9607 38
9747 49
6805 47
9645 54
6644 4
4049 31
3587 19
8919 32
5113 17
3253 76
5268 36
8876 34
5673 30
3197 71
4292 54
4436 13
1973 69
6682 13
7360 57
8948 6
829 25
6509 17
9989 22
3275 32
7598 10
9239 67
8448 17
3168 39
3207 48
7842 44
4250 70
3621 49
1810 29
2830 61
2717 77
574 45
798 14
587 21
9930 7
1768 37
6825 24
2872 42
4707 64
4023 77
4090 12
7375 44
7687 13
5138 19
9664 69
3125 55
3838 77
7933 47
3167 6
5806 31
4068 74
732 50
5839 78
5650 3
7424 39
8564 56
3324 37
7814 76
1843 32
4111 23
9876 78
1232 77
5992 63
5361 32
9625 69
8206 18
5940 35
1900 43
214 0
9580 2
5058 40
1225 60
5004 16
6601 47
7913 20
61 18
3181 78
9608 19
6450 53
7338 20
6835 64
7492 19
3115 53
5871 36
6522 35
4063 61
7275 40
3868 46
7882 0
5572 58
2131 75
4570 7
112 41
4432 14
8766 68
4477 63
9954 10
9714 5
6262 38
7301 17
5582 58
9015 70
2902 43
5752 48
3328 25
7234 65
9319 42
6289 26
8040 34
8223 50
4548 32
2359 54
4180 24
2604 61
3731 8
6255 23
3487 74
4031 2
2002 21
2979 24
4389 64
6203 56
5028 4
3034 79
7936 13
5182 67
800 13
6556 44
462 45
3835 15
890 33
7037 24
1655 70
4865 36
784 42
6707 73
5666 40
269 66
6466 79
9139 26
6339 31
4276 52
9440 15
6844 53
1334 29
1942 31
778 35
1104 10
2013 34
6444 33
9111 78
6673 23
4295 22
5038 52
5188 14
7821 47
2879 43
2908 74
9293 58
4993 53
4600 77
2758 32
3719 19
108 64
5940 51
5300 29
5025 5
5562 70
2811 77
5562 1
3830 68
4541 35
4027 53
1484 56
9678 65
8525 64
9773 48
7498 54
2978 5
4037 46
8337 76
9096 43
2376 34
8691 26
4133 65
8926 30
3515 39
6463 73
5556 66
8055 3
1225 10
3374 74
1306 59
7950 39
2548 45
4232 57
5473 2
1338 48
9200 75
9288 55
7927 55
4343 79
5377 41
5007 21
3878 5
4381 31
2526 71
9338 56
4067 1
4817 21
5728 47
7828 51
2689 55
8428 31
4967 18
2755 34
4915 34
1044 55
5861 48
7648 59
1869 3
4703 47
8700 30
4947 28
1368 6
6404 53
1589 46
7075 34
6394 18
6149 30
3816 29
4431 62
7748 71
6320 59
6132 46
5980 15
3052 15
2222 41
3200 33
3027 28
4226 79
2549 42
8566 32
9009 40
5919 53
6900 31
6171 46
6855 79
6719 57
8724 63
7416 72
8282 37
9198 29
2019 46
7844 53
2520 27
4180 47
3572 25
2259 24
9491 43
7060 68
550 54
4756 58
8944 57
473 76
7727 54
3047 2
4679 66
525 18
3756 5
802 62
4168 61
4756 11
4027 54
5613 25
9180 14
4916 35
275 8
566 53
8402 64
8879 37
3808 53
4859 48
2556 72
1390 2
4505 16
8103 17
1373 23
6993 22
4580 36
3316 25
9128 6
1581 40
8346 41
6914 51
4398 72
5667 23
7643 64
7365 38
3561 77
3860 79
845 19
3607 15
5487 59
7286 68
269 8
663 42
6731 53
8949 36
12 61
276 40
9300 54
1120 55
7588 58
6786 39
6625 52
994 64
6337 68
3006 31
7296 47
1947 10
2705 54
5610 33
2877 64
8972 61
4203 39
6601 40
5436 77
8206 24
3660 8
2609 41
3637 33
597 38
5109 37
5276 4
846 22
2501 27
1263 65
6327 18
8943 28
5364 38
6034 44
1775 6
9807 48
5616 46
6130 46
7164 15
6896 8
1366 7
7143 59
7599 34
5040 4
1372 60
6119 62
1426 17
4432 44
4324 20
6614 63
2799 56
5436 37
7384 30
2159 79
6658 28
304 46
9484 6
2840 9
1445 60
6507 77
3561 48
5022 1
5681 34
5011 36
3559 26
4155 54
4188 33
1737 64
2591 12
5503 16
2878 5
7074 69
4960 40
1881 36
9995 40
3972 53
9277 12
9254 29
2110 25
6455 24
5066 76
1309 2
357 52
8850 67
4809 10
30 37
6859 31
615 51
5818 32
7184 48
1472 40
7003 48
3575 18
5987 71
6938 9
3169 28
6720 63
9629 26
4790 70
2602 67
7908 46
7889 49
9555 76
4075 59
6214 67
3168 0
1192 33
8910 67
8527 9
5082 51
7704 24
8 5
1858 54
5519 32
461 44
2901 53
6396 60
2566 25
9727 33
411 65
5056 4
7519 41
5817 55
8778 49
1903 50
9616 20
640 25
1853 22
6593 54
9046 41
195 56
3282 12
1556 71
4441 33
1995 2
7449 9
7471 39
3028 47
8980 15
6567 61
5206 36
9351 15
616 79
4335 34
6720 34
6923 40
3035 79
5464 44
544 3
5468 44
5269 3
8711 7
7866 49
7172 69
9095 75
6843 77
7154 64
7343 7
372 79
4452 31
754 15
3090 50
2641 69
8212 9
7608 37
5856 47
7113 56
6081 0
2657 37
1261 64
5395 15
839 69
7085 12
3166 34
8127 30
6015 64
5218 31
8711 75
6420 29
2812 23
9846 48
4044 30
7473 68
888 23
8773 56
2009 19
6147 65
2376 23
7966 59
6699 1
7581 78
3915 42
1838 9
2386 7
3552 29
4918 59
6666 24
3935 12
416 13
500 0
5570 61
74 68
6674 20
4796 72
7774 34
8510 43
7936 4
615 47
6972 62
1400 57
6896 8
4613 23
7971 2
4412 30
2586 53
5427 78
7761 72
1030 20
1143 60
3838 45
1535 20
1815 50
6251 20
8805 53
5611 5
4216 21
623 1
3912 33
1866 18
8197 71
4986 2
6688 72
5940 30
645 10
9405 44
5183 25
157 54
8451 75
3547 18
9458 62
3375 47
2929 17
8072 78
4555 76
2666 26
9828 44
4070 54
6321 47
6037 50
6827 72
7610 74
2200 0
2015 27
4838 10
2174 65
3949 32
987 18
3340 63
5832 49
2190 60
521 17
6654 49
9827 70
777 72
9012 9
9555 35
3364 40
8860 22
2910 55
9287 34
2177 71
7333 62
3074 65
5453 36
5953 48
4556 5
8176 40
6350 26
8502 54
615 8
6840 38
5894 63
1995 59
9181 15
6686 63
5134 56
3165 23
5192 12
464 33
2154 19
9648 77
5503 43
5677 37
7958 10
8567 59
985 2
5557 61
7734 31
8451 55
7597 32
9481 6
2551 15
944 52
1630 63
7878 53
6222 65
9117 61
920 35
2211 43
1535 38
7656 22
6838 26
5674 3
1459 24
7646 16
102 75
9888 32
426 28
7553 52
6094 57
6196 34
3883 2
1932 52
9984 63
633 79
7146 1
5420 46
4172 52
164 11
333 77
3078 74
5810 54
9071 66
1106 19
7657 73
9255 0
1130 59
3079 73
2990 6
7762 21
4904 52
6149 64
5184 54
9679 68
4560 26
2493 51
7588 9
2907 4
5227 48
3108 23
431 72
1892 7
1220 52
9298 43
3255 23
4199 56
1279 79
732 39
5765 66
2251 78
6215 67
640 62
3973 65
4560 9
7981 29
9861 61
5700 5
6565 50
3320 50
4546 60
7652 10
9209 28
2399 35
8404 57
8422 53
2879 55
4075 43
3096 66
6135 6
7071 9
8723 45
5346 41
9261 52
8569 53
7893 56
190 47
1844 21
4156 22
2492 36
2667 76
6568 37
2692 34
4464 4
8657 18
6941 11
9581 72
9802 52
3166 47
4030 73
5488 36
8653 59
8205 25
1321 11
5192 72
2364 39
4878 33
6937 52
3111 18
4219 5
8628 35
2443 70
1831 59
1809 39
5107 34
3020 40
2866 19
6754 14
2126 45
2535 47
900 72
3860 31
8139 31
3005 72
9396 13
5642 47
1066 56
636 73
4992 21
9144 10
7887 22
9688 5
5828 39
8809 5
4741 65
6859 38
2863 40
3104 33
791 40
8792 67
9991 7
4583 41
7465 70
7669 9
2203 42
8430 16
3626 33
7000 20
3715 35
8911 21
5557 23
831 69
9472 78
3194 48
331 16
9673 26
3995 18
5072 36
585 1
1767 59
6860 62
4700 13
4770 21
2268 56
598 11
8704 65
7105 51
6556 78
4753 13
3040 65
135 61
1976 65
9685 35
760 70
8428 44
2994 33
3267 21
4091 70
6981 7
3826 55
4631 35
6204 30
2021 42
4735 6
7809 10
4628 38
8666 33
1171 28
2256 47
3982 18
8309 12
1257 32
1374 35
4837 14
2811 42
3540 67
2786 31
536 79
613 64
7843 17
9403 7
4282 22
4657 16
7276 63
6775 9
6880 13
4407 53
2809 76
8553 28
578 9
4350 51
4813 65
5937 3
713 40
7052 9
1188 3
4400 74
9754 34
4279 0
5683 77
9847 21
5415 58
5963 74
1818 72
3951 21
386 60
900 22
9035 53
6227 52
9269 14
9221 8
3615 79
3989 69
9733 48
8452 51
6268 28
4417 7
3326 46
1085 64
6198 10
7210 65
3709 74
878 6
4926 51
6867 37
8868 52
5091 18
3433 27
3225 62
6522 68
6396 29
8439 78
2700 19
9501 28
1671 11
5405 37
6614 68
1017 8
3491 8
7901 79
6322 41
7473 79
1675 75
8735 26
2061 40
621 33
1400 4
8140 41
6500 14
7962 72
9774 47
5095 44
6343 50
7776 9
9894 0
9685 61
9661 70
688 50
3180 38
5590 31
633 55
6407 75
9666 42
2931 47
8815 10
161 39
7183 79
4245 37
4729 15
8315 17
7787 33
9514 1
627 0
9497 65
2240 24
3236 48
6964 64
717 23
4045 3
8468 6
8591 45
1484 60
3263 47
4459 2
6886 79
7248 5
9737 0
1423 63
6127 9
7832 1
1921 36
303 47
9480 53
438 40
5008 21
7807 0
1002 42
6409 11
2355 37
1164 40
8333 7
7125 24
7035 48
2541 11
5111 22
6033 53
5557 63
4365 33
2462 60
8837 66
756 66
6841 50
9806 21
4689 41
4686 50
8066 28
908 58
8327 79
430 39
1722 40
950 28
5218 18
7872 29
941 58
3133 56
3992 74
1402 46
7820 16
6306 34
3026 42
3160 45
1920 16
172 76
8911 77
8495 23
4431 11
8697 30
5410 27
6586 1
7408 14
112 28
1774 3
6466 62
92 46
2463 69
9360 65
1007 8
9474 41
3024 33
8794 7
7622 36
49 41
5365 32
6703 37
4223 33
3710 33
7736 31
4114 66
8602 22
9924 15
4292 19
2651 50
5883 8
560 11
8896 77
2311 0
7539 35
4436 68
2405 6
4196 18
8330 14
8531 71
674 50
738 10
2714 58
8625 41
1574 47
1591 33
5842 49
8604 73
9568 20
5100 76
8987 24
9073 33
7029 52
2230 57
5562 31
3299 36
8080 74
7764 16
3396 61
1337 15
4096 12
2492 51
169 38
9378 9
8393 11
9371 16
75 55
5477 68
4678 46
7709 59
8913 38
9555 76
9116 44
4012 39
8847 4
4116 52
3711 64
5030 76
8986 44
333 14
227 4
2997 47
5285 67
7256 1
7139 25
4817 63
5669 72
5220 18
2759 27
3603 19
6773 50
8528 14
4004 15
5634 31
4508 23
2406 27
3363 53
7979 61
5340 65
6372 76
6068 24
9316 22
6918 40
2095 44
1567 42
518 25
9925 61
5038 47
456 27
6588 0
3195 74
1861 6
7493 49
7010 31
708 52
4956 25
7921 15
8489 38
2007 75
8062 76
9236 63
4695 76
468 7
7645 44
1954 9
6448 51
8495 10
2492 33
4178 44
9386 73
4386 2
6578 44
607 66
5916 34
7678 37
1040 39
24 46
86 16
3976 52
9906 9
1719 14
6233 45
6075 26
8940 17
3842 10
5529 77
7332 44
4649 8
7891 37
3974 79
7462 73
292 49
7709 25
8997 74
5434 57
9043 74
9578 13
1617 18
695 63
5074 42
7437 0
6684 18
493 9
7124 3
1277 60
681 48
7830 44
1572 63
1182 22
987 14
1189 74
4101 3
8407 58
2471 21
6594 45
360 48
9317 32
1069 57
8412 43
7826 15
4378 28
1087 26
3540 66
140 19
4311 23
6528 47
2334 74
7429 40
8750 25
7911 58
8516 40
231 7
9018 16
2617 40
8433 71
4568 33
7433 39
3009 16
3971 78
6599 65
2440 66
4658 1
1457 63
8647 29
4443 78
275 22
7250 19
1791 19
7407 51
7735 51
4631 32
9164 30
1656 19
481 6
7077 69
7939 47
2089 10
2227 72
811 58
1926 70
1163 13
1928 44
1625 67
7243 40
7507 45
5683 44
2024 59
4801 72
8973 67
474 33
8001 75
6151 16
3098 35
9284 41
4366 18
1000 70
728 11
7357 48
5039 43
0 74
5511 66
695 58
2931 12
6309 20
2679 75
3149 20
2136 67
7304 56
6585 49
3917 56
7603 57
1751 3
4083 75
5993 39
7859 48
6931 60
8555 39
5574 62
1514 55
2544 38
8219 0
2726 68
252 34
6107 58
4322 57
9551 56
8030 68
8275 31
1114 16
4480 68
2841 6
138 36
7937 78
6015 14
9888 63
6415 66
4335 68
8214 4
675 60
6175 28
9690 29
1204 61
6605 38
4422 47
5976 64
272 44
7430 33
678 4
8589 45
6902 78
6671 8
695 27
8557 77
6332 56
3524 52
9458 64
3218 35
9943 59
3038 68
4087 56
4003 15
925 18
667 36
7579 66
2415 71
6178 64
7092 72
3052 55
4150 77
3230 69
9406 63
5622 11
6021 78
8978 55
9355 34
135 76
4638 79
7379 43
4886 51
391 32
1543 32
7013 59
1301 49
6368 57
1344 58
4209 46
7512 64
7919 65
9921 34
2125 69
5241 19
2067 48
687 37
2431 73
434 36
4927 3
7041 60
9127 48
6388 39
2455 20
3738 7
2755 24
7090 77
5351 6
5470 51
9201 8
1145 44
7589 72
6765 22
5784 35
7269 57
1482 31
3864 79
3667 37
6038 48
8953 77
1096 8
2830 54
5225 39
6064 62
6131 38
3771 68
7331 1
3988 71
9314 53
2212 11
7495 7
7302 72
9681 62
9322 14
8135 46
2811 9
3632 34
6283 60
5845 5
1214 29
885 77
9937 30
3876 21
6003 19
558 70
8377 5
1615 49
460 66
2037 27
5735 62
3663 69
5357 74
4777 39
7714 15
4521 41
2723 55
4573 14
3583 73
4506 77
7247 79
6121 29
4928 21
956 76
646 64
7285 44
2829 9
405 27
7626 5
9112 13
9194 2
2907 72
8336 0
1409 28
9508 41
1381 29
8054 46
4498 46
3501 0
9657 28
8696 72
4709 20
4834 4
7426 50
8853 78
937 23
5095 10
4245 38
6915 11
8320 59
2488 35
7910 72
5360 38
3347 46
5337 57
8583 52
960 13
2406 39
7581 66
4866 62
7888 25
581 41
3051 10
4316 70
8348 14
2530 63
8419 74
1489 35
4770 57
8648 47
2724 69
7202 41
810 50
4681 57
8396 39
3996 69
1956 58
9791 71
9264 6
1307 45
1626 43
9474 28
3117 3
4773 50
9906 28
1256 55
965 39
3740 31
246 12
3817 31
2431 72
8357 73
4652 36
5930 69
9434 3
3790 78
7537 72
3383 71
7462 33
6882 40
4521 4
3152 73
5831 20
6455 73
4479 16
8653 27
7349 8
991 30
2889 77
6824 24
297 52
7608 78
4769 39
7689 66
9704 72
7884 10
4984 19
6848 9
8889 79
16 12
8110 48
8565 51
1866 12
6399 58
8313 23
700 34
2615 62
9297 1
8545 61
8092 19
7266 13
6878 12
1359 62
1903 59
4642 28
5106 12
2780 33
9500 26
9973 55
2294 46
5586 40
5240 73
1106 4
1578 43
4762 30
9640 61
8870 20
1271 1
5190 57
3503 51
8699 32
7358 60
6914 7
5474 52
3767 78
5555 49
5656 2
2251 0
2085 75
2719 63
2985 46
3864 36
1940 79
8572 30
6882 71
9747 38
5115 14
6861 49
9538 6
7322 53
8796 20
1643 37
2204 42
1939 43
196 69
640 65
8614 33
6765 77
5053 20
470 6
4036 62
8903 23
3735 43
161 79
7841 18
4311 49
678 13
4570 63
9925 53
7041 79
3368 9
7208 55
251 75
4199 74
1502 23
3081 78
6208 1
4290 57
889 10
3910 73
6635 14
7754 61
6821 14
7143 67
9159 5
9176 62
23 72
5123 67
9878 47
5518 49
498 59
2659 10
2722 35
5468 66
4842 31
6776 20
6332 64
81 59
1004 10
3856 20
3917 79
8760 77
4506 25
7651 58
6186 67
3534 4
9481 52
5890 46
7465 58
7047 6
920 31
7738 67
2809 26
4892 17
2044 21
3558 39
6772 55
8170 33
2114 45
446 79
2777 57
5903 25
3576 55
894 61
4592 40
2230 55
5567 45
7892 75
5783 2
8243 50
6334 52
9507 31
1908 32
57 77
9240 58
397 55
2684 71
5993 35
6138 55
5478 76
1210 18
2376 10
2235 46
6063 64
5419 26
4064 2
7643 75
8128 1
2924 0
9965 21
7805 3
9723 54
2527 63
939 22
3801 9
3441 78
3120 28
1316 52
8792 5
511 6
2687 39
5048 38
5518 12
5158 1
2472 42
3052 77
2710 61
5012 47
307 70
7656 55
3688 0
4451 9
6472 74
6757 8
9938 38
4438 32
6879 62
3957 32
958 29
5234 3
327 65
2997 10
4655 27
3584 7
8678 48
5981 24
6699 64
8808 62
3483 48
9032 58
7464 70
7102 19
9039 33
1454 70
9105 2
6792 58
1199 11
7114 14
5418 2
1138 50
2351 17
845 31
1897 46
7374 4
966 2
4850 62
9179 72
8716 50
6708 21
5440 26
6049 62
4580 27
2559 74
3161 47
7470 53
398 19
7813 13
2650 79
9616 13
2707 45
6593 4
3138 56
8861 65
9878 51
1438 13
9507 18
4215 37
2225 41
9042 51
8076 64
3401 24
2611 31
9842 8
2440 60
7771 34
1120 14
577 58
1146 28
8034 52
9543 71
1343 31
811 1
6631 60
1910 25
8955 42
9010 21
7597 64
3217 10
4511 6
6853 10
6875 64
5448 42
3549 7
7882 15
6111 54
1756 69
4781 62
7054 28
6603 22
1452 15
4763 67
7297 50
7728 32
8787 55
1641 74
4207 77
9849 27
1902 22
2966 17
7315 36
8177 58
7198 79
1222 77
4988 69
1521 24
9562 30
4605 2
2614 59
1070 77
9720 59
6920 26
8764 10
6874 56
8122 6
9954 58
5739 14
4828 4
902 26
5325 34
165 1
1574 53
9010 11
8301 43
3260 52
3877 10
9455 26
8141 72
9821 19
2360 58
3253 13
2595 71
2574 67
139 41
6863 9
6644 15
2895 5
3099 49
7974 58
9699 18
7123 66
3943 75
9436 39
1179 58
6884 30
8043 6
7620 32
1161 77
6407 23
7516 44
8822 1
2011 42
215 4
3167 49
6700 15
2939 42
3011 56
8865 5
6944 71
7422 66
8073 30
300 15
4932 3
8277 62
8649 76
521 49
4269 6
9317 37
6188 66
8804 40
7032 29
6648 9
5262 58
1738 43
3404 45
4616 5
6719 55
8313 9
8344 25
6297 79
4583 7
8906 61
9879 60
3474 37
6595 3
1120 43
8321 56
4713 1
4541 60
6160 50
1835 63
1825 39
2259 61
1219 57
7443 72
590 68
3030 61
7548 67
8586 22
2172 46
9343 43
3560 29
8869 54
3896 56
7681 2
9811 61
8512 47
8299 12
7731 52
8694 2
4863 1
9056 0
9750 33
3239 72
8079 56
8579 68
2439 31
2421 19
3184 41
8031 64
2690 16
7274 48
7439 49
4388 40
7346 1
2677 57
4901 59
5965 41
4212 7
651 15
8859 8
4855 75
2934 1
7300 31
4252 21
3824 46
658 59
7256 32
9539 10
2105 15
1217 23
8289 17
8085 56
4096 50
4247 51
3557 29
5801 8
9481 7
5519 39
4317 8
6888 32
4799 6
3900 70
5883 16
5224 78
9889 4
2249 10
1143 62
3509 44
5968 62
999 57
8896 69
9276 12
8020 59
8421 68
2939 47
1922 28
7360 76
2078 36
3322 21
4789 65
4890 45
7546 62
7585 21
3445 12
7031 19
6432 14
1360 11
9786 74
6110 29
8441 12
9824 74
5631 13
9242 36
7661 75
1793 2
2747 70
2073 61
9364 7
7586 9
8884 60
608 19
3789 4
9786 52
62 68
4861 79
643 52
8359 77
527 73
2673 66
6258 63
5265 43
3668 66
2448 39
593 41
3748 47
2618 48
8466 3
7453 1
8781 35
7504 78
8437 39
5588 14
6781 43
4609 2
4158 74
5725 50
7434 5
1951 56
7056 16
2379 73
8752 58
1655 59
2070 72
996 8
4801 76
9867 46
5679 39
2313 47
429 56
3498 12
8984 79
5965 73
3983 51
1525 13
1129 13
2091 57
1545 47
6677 18
28 52
3633 77
2197 68
8673 70
179 4
7260 28
5733 41
2609 44
6522 23
1176 41
1039 42
6313 53
9776 32
8690 63
9868 1
4503 57
3562 76
6381 4
5823 79
4290 74
5471 66
4712 8
3598 17
4364 54
6063 4
3289 37
9489 29
8027 68
2338 46
6857 30
9938 36
9674 3
1848 20
4022 33
6769 0
7669 64
1846 69
5838 7
4516 4
1711 46
1882 60
18 1
7590 17
4678 61
3439 43
6428 58
7222 77
4881 5
7517 79
3098 57
6736 43
9564 42
9284 65
7155 61
5722 23
2997 7
5661 65
8779 49
8918 25
8042 21
119 58
4774 23
3287 31
2586 51
6731 35
5154 79
2947 36
5844 60
496 42
3875 31
5863 14
9501 54
8657 56
5786 41
9127 25
1286 31
6748 17
5566 74
6404 14
7589 64
6808 3
4986 70
2214 48
6107 11
1099 19
1636 63
6946 11
4305 15
211 37
8362 45
4379 22
5547 48
7520 67
6804 5
315 15
5028 65
6844 18
1484 68
1287 67
3139 27
8316 2
9970 35
4365 4
5903 53
6495 76
5593 2
155 3
399 76
486 51
9413 62
8837 70
887 41
8485 6
1398 13
105 0
5093 16
7889 26
9410 78
3147 29
1597 77
4552 65
1690 59
6999 4
5306 38
4397 39
4599 72
284 53
4232 45
5005 49
4101 19
1828 27
9609 29
4755 62
8737 3
2771 9
1428 58
8705 24
5534 12
3481 30
3443 3
9197 65
3353 71
9742 50
4092 1
6295 8
2963 43
1024 8
4878 71
5625 19
3784 73
2452 12
7656 33
1183 68
8260 25
5575 36
6495 23
4061 39
3635 47
5411 33
8062 25
2162 15
371 26
4970 12
4165 34
6398 14
7968 65
8665 59
6376 6
4054 43
4358 54
97 11
1266 53
3818 27
8700 20
7036 21
1323 56
9953 10
5116 19
8361 27
7857 49
6720 65
6974 0
1051 9
9402 77
5932 0
4475 55
9818 22
3082 66
5038 50
4115 27
6249 66
33 67
9981 13
8185 74
4293 8
5805 9
3056 1
2559 43
4732 27
5144 57
8923 70
2827 1
4216 58
2580 66
2060 16
3823 55
4835 29
7231 29
3705 60
1989 35
240 23
6103 45
1570 18
5774 21
8924 52
4494 78
7172 2
7886 54
1386 58
8236 72
603 41
8067 59
5402 9
2606 27
5449 27
6909 34
5560 61
4733 66
6852 24
885 2
6212 72
7789 66
8314 72
6600 12
6608 26
4916 57
7082 65
5621 29
1564 59
8939 1
7974 14
1808 11
5575 61
2678 76
3118 38
796 6
1195 28
9953 39
703 45
9797 38
7912 15
2345 73
1326 43
1035 1
8439 6
6678 50
1080 8
3996 35
1921 75
3878 78
5425 50
7929 37
8802 3
9876 50
3034 51
6382 24
1443 12
3856 75
5506 61
9856 25
6335 46
8328 36
3465 47
5251 29
9987 76
8068 30
4444 15
6087 19
402 18
4814 6
8166 47
1883 22
1670 54
5044 20
140 26
8378 26
9992 8
7249 24
7145 21
3059 44
5284 35
8137 13
9157 64
7205 21
1648 44
2180 24
2503 68
5269 5
5154 0
39 40
5291 5
3427 41
7349 23
4756 21
7771 47
5306 6
2651 69
8620 18
954 59
9668 13
1303 37
3202 12
4817 8
4827 7
9645 78
4023 42
7771 19
4601 41
3873 16
8950 29
596 65
8619 15
2309 21
5115 15
9906 34
3594 17
8119 2
9224 37
9064 14
4435 18
3578 53
6016 15
4041 25
5480 78
9567 6
802 36
4514 0
9074 25
6669 8
5845 73
7175 58
3437 52
9201 54
4109 24
9801 9
5744 73
898 72
4183 75
1768 9
5184 28
2050 13
2507 32
6992 30
2880 41
4992 1
6226 67
5361 71
802 74
1183 54
8205 73
4748 79
4431 32
8945 44
7213 1
5007 8
2069 7
7064 58
6789 19
5998 63
5764 36
1463 36
904 66
2903 61
9752 40
7618 69
3681 28
6803 34
7603 11
4269 4
4569 22
4294 10
3538 35
5053 32
4222 66
222 25
2846 29
2701 6
8730 10
2741 16
8161 0
6544 7
1988 36
8453 71
5846 63
9393 68
5903 13
7767 67
8559 5
9916 20
3649 48
5225 31
5615 24
771 74
7363 62
790 68
1048 72
5322 1
7364 69
5122 35
9021 46
5449 1
6233 11
4041 70
7302 63
664 57
1646 34
4718 21
5229 25
3549 68
6052 3
6594 61
2547 50
7234 54
6724 5
1423 40
8798 14
1498 46
3973 20
2938 25
1404 55
4178 4
4561 76
8836 46
3932 68
2665 25
6977 29
5368 14
3036 68
7961 43
1907 53
4270 11
4988 66
2891 64
6792 12
1145 79
835 32
1443 7
7522 49
6472 64
3860 46
5136 29
2183 47
5383 77
5966 18
4378 35
9324 76
5720 0
1727 14
4241 42
1933 38
978 27
6091 62
9053 25
698 70
8842 77
9224 57
6251 50
3233 30
9342 12
8779 78
8480 3
6212 60
9510 58
6942 38
9837 0
9083 55
1975 3
2299 54
8951 59
9419 30
4460 26
632 75
5637 14
5957 14
8494 33
9850 77
2566 78
2695 26
2074 79
1679 78
762 7
9304 66
862 9
3886 10
3426 68
495 79
5846 27
9610 55
9822 37
4758 66
5495 62
4776 36
614 40
4129 10
7251 18
1121 43
4196 34
3346 60
1176 50
5363 0
3093 69
6042 75
4030 5
2119 17
80 10
6755 31
4684 8
8688 37
4586 22
8746 63
2317 38
8636 63
9438 6
6512 9
6006 2
65 27
6982 36
7762 6
6822 10
1745 61
6259 1
2826 41
8512 19
8987 70
4845 11
2928 46
6117 1
3103 0
7684 22
5086 29
7238 13
5504 63
2940 4
4490 69
9119 46
7647 79
7478 15
4312 51
891 67
8275 58
2836 27
2845 59
4852 21
3432 49
8516 7
5555 11
2650 71
1445 64
702 58
9665 44
9636 71
8018 60
7223 39
5548 18
6101 60
4042 69
3705 59
3727 57
5224 23
112 54
3835 76
2803 24
1098 20
6159 50
541 25
5781 47
1181 8
5625 55
1065 46
6798 42
974 34
137 76
100 62
4441 61
1558 11
1283 35
6406 9
3197 23
1323 72
7500 57
8769 70
9800 1
4269 69
8364 19
9356 7
3013 62
2114 73
8145 1
2756 25
753 74
9208 54
9510 45
4268 19
3472 13
8322 7
6897 74
7792 68
2902 55
7949 17
7150 70
4636 54
5089 51
6897 36
2654 58
9662 31
9153 6
5114 42
5748 38
5008 45
5590 14
6019 68
6593 8
3525 23
6456 69
4970 17
7743 4
844 0
9101 76
9526 73
2742 74
8272 21
4135 2
7288 59
2409 20
9063 11
6316 61
3749 53
9293 7
8944 52
2377 78
9486 74
9969 79
7243 72
6384 63
8758 42
2614 37
3712 62
6516 5
7213 47
2555 74
2893 50
681 63
8544 60
8392 43
6590 62
4906 23
2774 30
825 44
2075 19
2161 46
1198 77
44 15
1607 78
1552 49
4343 9
4528 12
7499 5
670 56
225 30
630 8
7194 9
1012 35
2491 34
6038 0
9826 52
8188 61
9429 20
7122 76
9501 26
8102 11
5092 76
102 14
9417 73
2038 75
1137 47
7217 50
2516 10
8545 23
25 26
8687 14
7742 47
2871 49
8887 20
5658 65
8731 37
3901 54
5509 62
1675 69
6046 65
3695 77
9855 52
7402 78
7470 5
3518 55
9217 74
3111 58
2779 41
3804 14
7969 1
4869 16
122 20
2905 8
5275 1
8312 3
8693 2
5211 18
7365 63
8920 14
4374 44
9886 6
4766 22
618 56
8300 38
7286 8
8475 47
8487 31
6988 74
7728 18
8555 43
2409 62
2560 63
1135 29
8795 4
9810 24
7492 22
3714 10
9414 18
1507 44
215 56
5517 2
2965 18
1491 49
9874 27
9411 43
4580 46
7281 9
2917 12
9193 35
8709 9
9773 31
1863 20
6159 20
1817 65
2108 74
3356 53
3915 17
5599 14
2067 42
7508 44
2776 21
351 63
642 40
9241 62
3727 24
2958 49
7638 71
6595 76
849 59
6367 57
8075 71
6232 17
8221 72
3068 70
5299 78
7414 0
196 69
973 18
8494 31
8707 72
7236 31
9408 48
974 5
7189 50
5840 49
7942 28
3775 54
1831 63
1218 60
9001 48
5753 49
4326 12
7792 14
2115 11
8585 50
2369 79
9255 77
6752 57
4459 59
3915 56
2107 43
9622 0
5838 10
3642 51
6058 1
5302 62
3939 8
337 3
1619 69
9031 78
596 37
1227 70
5433 22
9086 66
407 63
9214 69
7135 12
3225 39
8565 9
2981 50
6559 74
3797 70
22 22
7600 57
5199 62
351 31
2736 61
9212 17
9757 45
8011 29
8544 3
8000 42
9213 57
2328 70
9826 39
6279 47
5752 13
2721 58
3567 14
5942 51
9208 76
6857 17
8743 45
4985 53
4327 71
1564 15
608 29
6964 77
6888 70
9111 65
3559 22
4181 62
5003 43
3521 63
3699 70
3516 36
5608 4
5544 58
5529 73
2226 69
3854 24
7518 44
9955 16
6294 50
3817 6
7920 76
6436 11
6430 36
1955 43
8252 73
4719 34
5033 49
2905 26
3401 12
3821 21
8747 54
371 19
1936 40
1819 49
6148 28
3010 14
4243 43
4290 27
7487 4
7467 31
7859 60
4800 68
3546 29
7453 17
2808 29
2112 5
6759 11
3679 77
9980 23
9074 66
3453 31
143 2
4577 2
4800 73
4773 3
6625 11
5234 60
8043 65
9801 44
5315 46
6663 47
8350 13
5043 56
3077 41
9341 13
2324 72
1876 31
9432 53
4375 5
5758 25
8717 68
5067 53
8650 77
5385 30
1479 67
5466 21
6125 7
2790 50
7615 34
6415 77
2251 46
2906 24
5286 17
3825 12
1622 40
6939 63
2266 44
3579 15
2055 3
2026 14
2085 37
7748 25
242 41
4402 38
4788 28
7267 10
3257 14
9133 5
4390 57
918 11
2666 46
5964 15
2712 62
1724 62
2078 33
8441 5
2393 55
2169 47
3453 9
1097 47
7560 43
1510 55
5604 48
2307 19
1033 26
1106 5
4767 29
431 46
4044 14
8665 69
5059 77
7936 39
7299 28
850 11
7063 11
1879 64
747 2
4682 6
5464 58
9107 38
2572 56
4052 79
4057 39
4544 46
8464 17
7211 41
216 57
1444 24
8386 40
1326 32
3336 19
3363 77
1507 37
1921 44
7919 46
8010 67
6509 24
3209 13
4389 1
425 21
3679 58
359 62
7649 27
2023 60
1399 16
1422 51
3556 21
4565 75
6115 25
3354 76
7142 2
6766 60
2044 29
7589 66
5850 63
7092 38
2008 30
7900 23
841 69
2948 8
8344 72
3389 24
8717 52
3901 12
2644 1
2131 28
6739 72
4972 39
9267 75
9495 3
7322 21
3612 21
4703 0
1798 57
3480 76
5986 15
2431 66
9104 66
2596 38
8691 38
7696 18
2095 61
47 37
3539 54
6307 55
9497 36
9715 23
9343 54
7077 52
5344 24
3441 68
6441 53
6545 20
812 38
5355 29
4799 76
2164 31
8092 38
4334 13
9181 63
5187 53
6298 8
9082 41
5775 45
2501 15
7935 7
6853 49
8385 62
1964 2
8735 24
5301 46
8193 18
3182 77
2244 41
5964 4
9536 5
4051 7
6506 52
395 63
4368 15
4051 4
2557 27
900 23
9812 62
6384 79
3728 11
9080 46
9306 60
1438 79
8118 11
4211 30
149 45
3355 35
7703 11
8040 77
1806 63
8199 7
1530 23
8289 58
7993 25
596 79
3070 68
9519 63
7739 78
9870 41
9274 63
2362 63
1503 73
9498 29
5105 35
4327 22
9123 0
1396 61
5481 49
9958 62
6831 4
5031 39
7119 6
8171 38
4500 60
948 48
2043 74
4313 42
9577 79
6610 72
1507 29
5272 16
2462 72
9770 10
8995 75
8873 6
2327 1
4915 10
4356 6
9244 39
3523 43
2170 39
2673 0
8962 37
5877 33
3673 8
8728 16
1235 29
870 11
3818 65
8476 25
4207 72
8479 70
7429 77
456 40
7159 38
3879 46
1166 66
4480 36
5903 18
7809 53
2466 2
9200 14
4268 67
1502 43
1460 70
4531 48
3965 54
6532 54
1151 19
1008 48
2318 23
2342 25
8509 22
3088 11
1017 55
4378 46
3949 25
9535 60
7208 36
7672 45
9248 14
9737 4
7989 54
2571 21
671 32
1419 33
3163 45
3993 64
8037 22
7942 25
3875 54
5884 17
7614 34
3233 45
2082 53
6910 38
6187 76
8338 73
2573 42
6887 39
830 41
3639 64
9050 30
6342 7
3307 55
6162 17
8760 4
4190 64
9786 32
4806 7
6576 58
2437 9
6710 68
9162 2
5440 71
617 1
373 49
8983 0
6812 60
9909 18
4146 44
7397 8
5358 21
3846 16
9637 23
7276 59
2995 71
7237 26
4188 27
6294 36
5523 49
8389 21
3637 76
8862 22
2300 77
6557 70
9921 74
5724 50
972 13
1167 70
982 28
6348 0
9454 16
9466 61
2007 68
6647 66
437 60
5072 73
9005 31
8440 70
1460 35
551 37
1820 52
5759 34
5572 32
5184 53
719 66
9528 72
8875 57
2034 6
2017 4
7375 1
7724 44
632 32
5955 30
9782 4
3718 67
3195 21
8163 46
5251 45
2051 34
7642 65
4695 77
4015 72
2821 5
4030 57
4791 62
2328 53
6421 5
8576 14
8311 60
6855 51
8065 33
8618 9
7177 45
8726 55
8792 71
3268 46
6983 2
2196 3
8376 74
2146 27
9838 38
7789 50
5028 42
3020 23
5586 13
9003 8
6198 33
9963 21
1707 20
3431 67
1628 50
9599 16
7664 21
9576 62
8861 58
8125 79
5558 65
8831 43
8733 33
405 64
8428 69
462 70
3613 71
6724 61
1943 72
6831 22
7095 25
6073 60
8257 9
5581 13
3345 43
943 40
714 66
780 5
4123 28
6685 43
4759 41
6243 18
922 7
4077 70
5880 28
8000 52
4012 14
2105 36
349 2
7855 19
8415 47
6098 44
7745 46
725 67
5220 49
4923 46
9515 13
7744 64
3623 21
6524 18
1439 68
5811 0
8439 39
8662 30
9266 53
6777 37
7733 11
2235 63
259 8
1543 26
8605 34
2080 60
6147 52
4218 3
1094 21
2447 71
1638 53
8929 63
3845 54
4095 45
4111 5
6142 71
6944 67
4357 51
1274 21
9645 62
6191 20
407 73
4828 50
7629 48
1360 74
7217 8
4536 18
9446 5
3035 0
8699 53
3862 38
4546 13
3783 75
9129 77
8817 8
990 2
1248 43
6431 73
7738 59
7053 59
2445 10
7728 41
8882 48
9892 5
2671 25
7778 10
7230 61
6123 10
360 23
9365 66
8604 69
9295 11
4245 12
8798 64
8397 4
8607 7
9554 7
7060 78
2444 50
5983 36
5893 37
1305 33
2266 13
386 66
7492 59
1164 53
9821 33
5127 45
2951 24
2629 19
9653 33
3285 57
1431 22
3728 44
7558 60
5404 37
5376 72
4208 28
8124 59
7755 59
3865 27
5493 74
2236 79
6101 11
5011 54
9558 68
8889 69
5628 37
8311 43
6324 21
7353 3
1251 30
3476 70
616 1
4503 58
6287 39
8752 11
3436 37
1674 35
4859 43
3707 73
2218 57
7138 68
3983 14
5441 11
9072 31
2273 42
4664 1
6483 2
8724 3
577 78
404 74
6482 30
8034 58
6805 18
3923 62
2514 5
9131 21
6490 51
3682 9
4966 24
8020 29
443 38
52 2
7544 2
689 6
7931 44
2923 10
6025 10
5039 78
6397 16
8822 43
9184 13
3495 60
9253 21
1297 10
7618 22
4987 35
1012 58
9992 6
538 57
7326 62
9329 23
7000 73
2277 49
3941 3
7373 31
5513 52
2797 55
846 18
9147 14
2327 4
4366 75
4808 21
1820 26
1151 49
4182 26
8916 15
1973 4
8199 75
2524 8
2656 63
2819 6
1320 77
6154 69
2131 76
4752 35
5783 12
9947 42
2926 23
52 11
6209 71
8692 42
6064 30
1353 6
6481 37
9850 19
9309 69
3905 38
9087 76
8491 28
6248 60
245 7
3223 22
5850 55
518 46
5639 33
1546 43
6342 30
1403 61
6430 34
6736 11
2754 22
4023 73
748 37
7523 66
6191 48
3223 8
1553 47
4162 21
4117 5
6808 76
5552 30
9864 17
5643 56
3457 18
6980 75
5568 1
5425 69
5136 79
5595 70
6332 38
9566 22
1046 3
9296 30
3865 78
4824 26
7845 23
7677 56
8568 47
4682 45
9255 32
8598 69
7123 74
6833 68
1245 27
4955 78
8539 10
7146 48
4790 65
9738 73
3765 52
147 72
1443 66
839 3
7825 39
169 33
7513 27
5638 69
8330 27
3136 23
9774 2
6138 0
2937 67
774 50
9320 6
5171 67
4332 77
8437 68
1176 49
1242 50
7041 14
5137 7
4243 71
7621 62
5862 40
986 18
6621 23
653 33
6315 37
804 18
8532 54
747 0
8420 11
4875 2
3968 24
5627 73
5712 7
9186 69
3682 25
2515 20
8755 36
4156 24
234 29
433 52
554 35
6354 67
6591 6
5990 21
3389 50
8467 70
2979 60
7116 13
2171 55
7379 14
9555 67
1888 44
8580 68
2649 15
3599 10
9335 29
2664 66
7233 25
2540 56
5910 37
8446 7
1381 4
6238 63
5676 17
4117 18
6424 5
4252 43
8761 25
24 59
3032 57
5423 49
7473 1
4954 70
9853 71
1657 34
6810 52
1282 46
949 48
5838 23
9187 57
8567 43
6860 16
9413 20
1524 32
3184 62
183 12
6550 23
3977 3
1297 18
9564 3
1760 39
4849 55
5741 59
5092 14
7051 71
2804 42
993 72
3600 49
7598 66
2109 36
5786 17
5515 10
8239 46
1013 56
7203 11
3297 63
445 75
8231 34
9794 33
1423 2
3317 19
1003 72
199 74
7220 46
5871 57
6575 42
8688 56
7182 56
2512 60
6739 67
1810 68
5971 64
9409 19
4805 55
9310 5
5583 79
8997 15
586 21
8662 56
3045 41
8370 78
3114 21
1810 54
2522 26
9608 4
6916 57
9439 66
6209 42
230 33
6954 45
9508 74
2200 27
9097 64
6366 55
9186 20
1542 39
6056 35
8209 25
9173 48
6143 20
5433 10
9133 44
6748 25
2069 49
2983 75
8242 53
3245 21
6645 24
9897 72
8322 18
3837 50
185 60
5445 30
9733 59
8553 9
9259 26
6613 66
7775 19
5 29
326 73
4786 19
9928 5
6974 74
5240 43
3900 45
3015 57
3384 72
7132 28
7676 34
2934 78
3401 70
8819 0
1867 64
21 15
56 33
3688 70
633 15
1393 1
3034 60
955 73
5185 34
4371 16
9082 72
5366 27
6574 67
7527 7
5187 11
2640 73
4159 8
6313 70
3179 26
9408 60
7300 50
951 43
9603 33
3363 36
2244 26
7170 12
4894 38
1237 12
2296 5
8267 57
2721 44
9093 59
2841 31
8141 44
7024 43
1651 63
5881 32
4231 58
9081 74
2519 65
142 76
4065 48
4710 24
8211 5
5547 12
785 40
7703 44
3287 24
3395 39
7114 4
865 57
5252 50
7897 46
2445 79
7301 62
2339 20
4905 41
2190 33
4763 15
1364 41
5310 44
4075 73
1995 31
5714 6
5093 22
5084 66
3021 24
6913 59
9531 30
3474 0
4320 63
8975 1
5156 6
4340 2
3121 34
2321 59
7630 26
3004 63
2146 27
8986 39
6252 31
2908 11
4183 60
7784 28
6275 70
759 65
4474 18
8144 59
4888 24
1306 71
705 3
8621 64
6343 57
5866 47
1454 18
5954 32
5819 71
7597 2
1066 40
6642 42
940 9
2850 68
6423 10
9573 56
5077 34
363 69
9901 71
926 13
5935 45
8815 44
861 9
3820 37
3071 32
5512 11
5954 32
2371 26
15 75
9243 16
9294 12
7757 27
4341 72
5993 47
4176 66
7250 20
6846 26
3758 42
3156 51
5972 58
6281 47
7105 59
8185 74
8055 78
206 16
4227 22
9888 44
8260 7
8940 62
943 10
3713 7
8205 58
7654 4
7346 78
2330 69
2406 19
9521 9
3980 69
2008 72
5450 59
2250 28
9088 12
4915 13
4547 1
2907 56
9506 73
4139 27
8755 19
6540 63
2889 75
4149 19
5267 36
513 33
4395 30
9038 15
8966 37
7069 20
3418 38
9038 68
4549 14
3273 58
3297 32
5516 34
3070 19
2800 48
2837 70
7139 0
1911 1
5020 43
2097 25
2362 18
2635 63
3367 74
1606 55
9525 21
9345 64
1755 41
9194 4
3342 47
645 61
2882 10
2104 18
8461 65
7827 61
3385 75
3087 43
4136 22
831 79
9152 36
6851 67
5637 67
7393 44
2612 7
329 24
3488 71
4439 7
9645 32
888 3
191 58
8665 78
8850 37
8895 23
7001 31
5642 24
2622 21
3534 31
5189 67
3470 6
4813 42
4505 33
4464 45
4517 52
2472 24
9901 62
7892 30
7378 54
3274 30
1950 33
1592 32
6410 45
1136 17
5507 78
3196 57
4754 50
4108 53
4596 50
8301 22
8972 7
9515 70
9868 39
9039 34
7296 59
6216 40
3280 14
1009 30
2257 36
6964 12
8017 4
3444 8
2679 68
424 12
93 79
350 54
847 38
811 44
8659 0
3213 73
4572 15
6167 73
7577 1
9308 29
8865 79
7966 27
1870 54
5377 21
8778 31
9907 4
8478 77
4584 65
2908 67
4596 47
2704 15
567 73
7053 7
6732 36
8998 15
4300 64
6152 19
2373 48
2796 23
181 52
471 25
6536 47
935 48
4607 10
7858 35
8166 68
7128 40
2072 20
4614 71
706 61
4331 59
3844 28
5461 53
2744 33
6749 28
585 24
2989 53
6223 19
3679 10
4395 70
7981 74
1935 30
2746 14
6442 46
3321 19
8100 8
8477 41
6467 69
7636 71
2960 33
3558 24
5703 22
6503 6
4733 19
1490 17
9479 56
2362 44
1700 1
6529 5
6754 29
8404 47
7824 9
4142 78
728 78
2202 30
5461 68
3350 0
85 49
4076 1
3340 35
7432 57
9982 53
1401 45
5204 33
4761 34
4256 50
4227 47
3309 21
1751 77
476 12
4261 46
5188 30
6078 54
4643 63
5943 27
3046 39
2113 21
1978 33
7326 33
5297 2
2255 24
5532 4
4628 23
2352 47
2491 11
8870 19
3575 74
9024 51
6973 33
6547 49
893 22
221 19
7551 41
6471 79
976 76
6333 73
7929 27
2187 5
7119 10
2438 10
7916 59
1458 70
2369 72
6184 24
2457 34
2568 14
1326 7
9199 59
3241 58
2539 36
339 34
1404 56
8096 16
3305 58
8523 46
2932 76
4255 17
3252 26
1148 75
6698 48
1461 48
9800 72
8621 18
7398 52
7839 11
8576 4
5371 22
3312 69
2876 27
7262 71
3886 37
2233 8
3282 50
6456 66
6908 38
5076 46
8795 60
8269 20
8462 43
2630 49
8361 0
5627 35
2482 14
2720 35
1400 78
2155 47
2671 37
4411 19
6814 1
5371 35
938 31
4165 24
4430 44
7742 37
8048 53
8697 69
4436 46
9328 36
7377 44
8943 70
4383 0
7646 39
8215 16
5031 15
3604 67
5592 1
2183 72
5765 2
7478 35
7492 49
9088 38
8515 7
6899 9
3927 11
5491 69
3760 50
3333 50
9113 34
3394 75
3811 66
3517 75
8313 48
2793 22
3021 78
5022 6
6046 73
7363 49
3336 8
8350 67
7584 46
2861 13
1530 75
9782 58
9034 37
3794 42
4376 31
6195 29
1013 67
880 45
5896 65
7222 56
4939 52
8637 9
3761 45
1142 34
3408 15
1425 25
8083 38
3252 44
6430 68
4425 1
339 74
1255 14
6406 79
6976 1
6281 16
3090 46
5631 20
9564 52
528 43
8922 74
707 18
6917 43
5993 70
5055 74
6719 67
8695 68
3158 55
3463 33
4111 55
7197 6
8328 62
9313 11
6696 30
5441 4
3906 36
9344 30
1469 29
4283 23
5383 30
6595 58
9619 69
8841 71
3733 26
2627 27
9495 49
9595 64
8424 62
6151 51
5812 69
6122 78
7118 30
9749 2
8122 18
8355 67
1688 20
7178 64
6956 62
4367 13
5270 55
2128 63
1586 46
8239 19
2983 38
7374 11
9872 78
7202 6
6220 44
4022 11
5964 21
2049 66
2114 75
8459 31
9033 20
5110 44
2978 3
7978 17
6558 21
9464 35
1695 10
4120 6
9397 61
2016 32
4567 66
4011 60
3203 28
6647 56
3234 40
4178 27
4569 73
9726 6
2449 48
7558 6
294 8
3188 51
693 44
716 25
9484 70
6245 64
1085 20
7930 74
8315 9
7521 8
3607 29
1774 25
3443 50
5065 17
8032 68
8356 50
2855 12
7992 41
9590 34
7558 7
303 12
7020 26
1042 23
1183 24
783 32
9289 24
700 0
363 60
8262 18
443 79
1980 2
4293 7
7772 52
748 39
2673 30
6483 36
6793 51
3612 2
5874 29
5235 26
9146 22
4309 74
741 36
7433 57
2402 30
9157 69
416 15
9917 43
5921 69
8935 50
8137 70
6355 5
4181 17
3119 43
2353 60
502 5
5090 47
7451 3
9143 44
1909 51
4785 74
3819 39
7996 13
9069 18
2623 35
3849 31
9910 13
5887 61
7494 56
1430 27
291 39
9366 28
9027 15
3705 23
9687 79
1173 47
9544 73
6816 73
2561 33
6099 47
9837 18
150 48
3333 71
8775 17
2089 77
248 4
3264 66
2707 4
1209 9
6226 10
5344 30
4466 63
9274 32
6205 63
1055 16
553 54
5829 5
2637 10
7093 9
8718 4
7170 51
3058 76
6296 33
5481 32
9076 34
6730 0
2537 30
2905 26
1564 51
4062 61
4442 45
8067 76
4098 48
9378 49
7953 53
9348 27
3486 47
3998 5
4466 9
1639 36
9063 62
1063 29
2877 4
3211 17
5461 53
9753 23
7561 60
6836 36
7186 9
7303 73
2796 33
5122 40
274 21
1496 4
7398 76
693 37
1481 48
4454 53
9919 50
8063 42
1221 43
6750 0
54 49
7681 34
8676 66
8896 69
3467 47
8705 34
5942 8
4238 45
1009 16
4683 70
7251 13
6715 44
7555 30
6492 25
477 73
9034 14
6474 64
2288 43
573 31
5033 59
7361 37
4572 26
8455 13
9814 4
1465 72
485 28
8232 40
5007 21
8756 43
894 17
2369 34
3724 3
78 61
8221 3
519 54
9994 62
6046 22
9095 70
5264 56
2025 45
3738 56
8828 10
4651 38
1819 22
9050 13
9334 6
7431 43
7511 53
6354 45
7922 76
9587 25
9956 1
5964 39
6855 74
346 76
7700 60
7124 36
246 52
2442 59
2605 1
924 25
8165 45
1672 72
2431 6
4409 51
5493 45
5729 60
8411 25
5598 74
6597 9
5988 46
9017 69
97 0
1908 79
1380 11
4956 28
3454 49
5218 25
4179 28
2854 43
1271 19
631 7
5704 53
2972 43
8367 37
3416 23
5416 17
9001 11
5797 17
8798 15
4190 73
2184 25
6539 59
1678 78
1246 44
3376 40
1943 49
6179 48
3691 54
3288 41
4663 42
4258 57
4896 43
9923 20
3195 41
1026 38
115 26
6851 77
2525 58
3534 65
353 12
8956 65
3401 49
669 60
4192 19
6166 40
112 63
7554 66
4549 14
9068 66
973 62
724 58
3141 65
7639 28
7092 66
3271 5
9588 47
1269 58
5980 71
5553 29
3711 34
8638 60
9813 23
9848 54
1286 14
3217 43
3399 35
1424 79
1006 35
5656 26
8627 23
5325 79
1673 74
4636 71
225 8
599 41
8310 37
9246 25
3060 54
9722 26
6786 0
6761 17
521 60
5939 24
8355 36
415 43
4770 77
7607 66
3432 48
273 60
2715 70
807 36
4683 64
4173 67
9763 17
1880 50
4945 8
9113 25
4518 13
5705 41
119 39
6259 35
3189 24
3619 35
4607 23
5931 44
1081 39
5158 65
4446 40
515 77
3717 26
605 0
2267 10
7323 7
8855 27
1229 23
1687 34
9033 21
5877 29
7980 5
9462 64
5943 29
2685 62
7968 20
7774 33
1232 13
9141 55
8145 10
6145 9
2670 31
5115 8
1905 69
895 54
2121 7
838 47
1539 44
3556 34
344 65
6736 15
5734 34
3930 47
5667 69
4562 75
8786 36
2933 74
7275 37
35 10
3778 7
6804 26
7979 75
7785 33
395 13
3803 47
3360 13
2145 31
1845 79
1628 69
9647 27
5804 74
447 17
8641 16
6217 61
7063 52
6670 34
4466 48
3290 71
5494 42
5015 43
549 28
432 22
3572 64
6278 45
3710 8
2732 49
2076 24
7787 53
3094 65
734 26
5461 10
330 74
222 28
1687 77
2071 75
163 42
9261 76
7758 78
4794 40
3163 50
4253 12
9224 76
661 9
2847 69
9379 14
1670 2
9230 48
7795 17
8739 4
5355 2
8465 9
3267 63
8976 21
4097 42
2357 58
5408 18
5800 68
5327 17
5203 65
2946 4
9342 78
9274 72
9862 11
8347 45
5850 58
5794 26
6490 25
9434 30
868 56
294 46
7613 73
7209 31
9533 5
5806 50
521 53
353 39
3876 19
6915 47
8410 77
9770 18
8424 18
9268 41
8488 77
2812 26
8828 76
46 46
6390 76
6274 64
5576 34
6297 52
2585 24
2906 17
8741 18
3791 44
1368 12
5451 51
3661 18
5599 3
7840 27
8765 71
2327 51
3141 29
6549 20
8098 38
9398 0
378 10
5542 14
7960 38
1458 46
493 52
9047 74
7113 36
9153 12
5323 76
6377 38
1904 9
4376 50
4115 33
4740 54
9458 7
5182 51
9111 26
1809 43
7299 11
4283 60
9890 57
9855 29
5556 26
7114 4
4427 24
6304 34
8596 53
3926 28
9201 45
9978 55
3959 55
4789 78
1185 71
2877 19
5378 51
360 48
869 32
1802 41
9124 56
387 16
9027 42
6932 19
77 47
9130 54
6039 20
4336 9
8882 25
6284 39
1780 52
5856 26
6935 19
700 45
2639 45
3078 0
172 51
525 18
8136 40
681 30
3201 10
8203 4
9587 28
440 34
6741 17
8627 47
4698 7
1741 37
6362 14
1667 9
5067 51
386 7
4007 30
5577 46
7960 20
1216 38
3886 10
644 57
9220 7
841 53
5494 20
3768 61
2715 18
6811 22
4355 72
7547 21
2745 24
7387 51
8999 77
8864 42
4276 68
7199 46
1371 35
8642 11
5697 10
5208 54
1360 69
2317 3
2197 43
9433 3
9987 6
3617 56
8737 63
4597 55
1255 21
2197 23
1090 26
2919 12
5152 42
4675 11
8793 41
1530 42
5555 72
5040 22
5440 4
5758 63
1654 75
2142 68
3675 59
6225 7
448 41
3259 12
8960 75
5030 19
4319 19
2965 48
3248 8
5660 19
9959 2
8427 9
2027 66
2455 14
7101 12
5265 45
3994 66
9530 39
6558 46
9524 59
3772 59
928 23
7996 1
3949 44
607 59
120 39
3533 7
2424 17
6821 41
3038 21
8156 28
2354 9
1799 22
8477 75
7762 39
1080 25
7331 62
4815 77
4501 40
4204 19
7806 54
2316 9
6599 73
5899 2
8056 13
2804 54
5554 15
5813 74
5526 45
6229 55
1315 8
6304 42
4178 40
3821 7
2628 13
2034 59
7985 13
2529 61
8016 14
3262 47
9406 66
3689 7
2699 42
3503 20
1638 41
1431 16
5588 70
9062 33
7041 29
4969 11
5379 35
3203 6
6444 3
4478 23
4398 42
351 77
7975 75
7235 43
6366 32
4316 77
5558 31
6438 24
2504 4
9321 3
2761 32
2717 28
3167 14
6060 8
432 62
5657 59
6977 32
3602 32
2029 62
74 22
3678 6
8268 39
6287 35
7822 69
3723 39
1030 51
522 55
497 30
7877 3
8897 23
6149 64
4993 77
5758 36
3750 27
9378 78
7511 76
4497 79
5569 38
9174 9
7724 58
5642 50
5014 71
2642 21
8657 53
4313 21
2464 37
5925 47
3944 66
6065 11
1745 19
5023 30
8617 33
3706 16
4887 48
1880 53
9593 43
9221 25
213 16
7169 61
7423 5
4601 9
25 6
4184 13
8597 45
295 24
3423 44
2021 4
3610 73
7384 44
4841 55
570 58
5848 77
3874 33
4099 53
9861 68
6242 19
7871 66
9923 15
417 47
5771 66
9909 64
74 41
2701 34
4303 57
2542 7
7852 63
889 14
1492 66
7774 78
936 40
9565 79
2405 50
1836 4
9356 4
2538 25
2715 37
4783 6
6183 47
9941 61
6863 36
4924 54
4553 45
5494 3
170 64
7474 66
2388 14
9811 16
8133 37
3879 52
8558 73
7746 63
2392 58
6460 62
973 50
9861 41
286 13
5697 12
3229 37
5290 31
1429 42
271 35
3309 74
5385 60
613 50
2972 38
4624 33
5918 53
273 21
7698 29
1302 21
7682 58
5028 74
4051 29
8728 43
8301 68
5737 52
1131 21
9370 33
9863 71
9988 44
1093 12
490 65
9938 79
384 59
8574 6
5768 77
3477 52
1603 47
1329 46
9073 66
4330 39
5387 50
7631 75
6207 7
3896 52
8722 72
8131 13
7209 77
155 48
779 46
7293 14
678 46
30 59
7230 62
1093 66
2042 47
431 13
2650 40
9 73
8240 32
5007 25
7335 56
5739 42
5078 8
3161 62
7693 36
2816 56
1955 11
9486 66
320 44
6468 78
6283 6
8478 40
5406 10
5502 20
4342 63
2328 57
9920 2
6802 9
7026 55
979 12
7601 16
5352 8
2600 57
4283 31
5649 46
5565 69
8229 58
4579 45
3686 61
2558 47
8936 8
2849 23
4465 8
8044 45
6616 45
5135 45
555 22
7092 35
6088 11
9452 37
2126 7
8374 28
6137 64
9565 15
3187 52
8296 62
8356 33
5 41
2436 48
2999 27
5165 31
8478 70
9838 43
3968 76
2710 71
8701 55
4920 59
4892 70
3091 27
2902 36
3373 18
8957 70
2130 12
8465 33
8931 61
9691 54
7690 49
312 60
3991 1
1318 24
3382 63
9218 26
5432 62
4724 23
4532 32
3951 47
960 29
2590 59
4778 78
1829 5
1090 3
3947 35
77 39
6665 1
8802 62
5338 26
6968 39
9225 51
6705 68
5829 4
2613 19
3550 35
9576 73
6807 63
7800 10
5443 7
4904 7
3227 53
8740 68
1739 10
3770 69
1599 70
3486 68
3192 52
342 2
498 0
1391 40
284 6
5881 24
8791 25
8487 37
6877 28
6119 75
7613 64
5751 29
8720 11
9103 9
3010 33
8161 42
1885 2
4123 10
9975 32
8349 34
742 74
8113 63
6684 74
519 67
1524 40
6374 37
3474 25
633 21
7030 72
8200 49
4858 30
7199 29
7471 65
2210 2
7888 23
5685 6
1877 5
1689 67
579 8
3463 71
2678 79
7096 24
4273 19
274 1
519 68
670 46
7209 18
1745 32
2402 5
2872 61
5990 25
4244 23
6271 73
5630 23
2299 38
402 38
6760 69
6549 8
4567 3
5518 37
7350 53
4550 5
1720 64
8295 40
8076 17
6149 15
1886 59
9313 74
3176 75
8641 15
7365 25
2873 36
7756 29
1468 25
1155 12
53 5
7168 62
5872 59
6879 28
9973 40
2552 11
8029 60
2732 64
1727 35
5115 47
8173 79
8425 52
764 52
3631 13
1852 47
3736 2
3363 68
4685 50
9545 66
7680 11
4186 69
8032 70
6640 9
3071 44
2911 69
264 25
4886 75
6107 60
9030 75
382 8
5595 15
7969 74
4416 38
6825 22
4430 64
4218 65
8036 19
3723 37
3884 56
5423 37
2075 37
9314 29
8025 24
5015 36
8283 28
2819 17
8936 59
5967 71
8336 33
4780 79
4995 56
6288 16
2215 37
8481 46
9658 79
8733 76
515 39
2866 31
6683 24
1394 64
2194 61
3483 77
2500 9
9686 78
8543 23
6946 15
3985 78
2758 62
1062 1
7738 67
447 17
4840 71
9132 63
1209 50
6737 17
8008 37
9859 16
7278 65
1069 44
7003 66
8227 61
6782 59
2758 71
9514 63
1109 56
8141 57
2572 50
6459 57
919 48
1978 44
9490 54
1215 54
8646 73
5765 15
8953 24
6015 71
4106 6
5219 71
9460 37
7447 70
1044 65
2791 20
5653 70
4272 71
887 62
8109 63
4340 75
4231 8
8828 29
5647 28
5928 33
5116 18
4789 23
2228 39
9060 78
7486 23
4392 46
9956 8
5979 17
8128 52
469 47
6835 33
3722 20
3093 78
3454 48
2677 60
339 76
2888 38
9826 68
6613 47
8105 53
353 39
7805 67
1888 73
7419 55
7912 20
9303 37
4739 68
6832 54
914 28
3682 54
1847 35
1198 75
659 56
9196 0
5471 3
2353 62
218 25
3137 6
8681 11
4405 77
9036 28
3120 68
1249 77
1376 51
9061 39
7252 18
6730 4
622 20
4818 75
7654 64
2440 70
7555 29
6786 49
8800 25
2747 18
1884 70
4939 47
3199 34
8702 48
7263 65
309 2
2420 41
2958 69
6830 58
2874 67
9512 56
5047 62
2088 70
5477 52
4911 49
9407 49
6836 54
9526 2
7184 1
4527 49
1502 67
7330 50
5548 78
7172 73
9582 65
2430 69
6206 75
7181 29
3754 29
1289 6
4038 65
5447 14
1509 1
792 8
8872 5
549 52
2937 13
3157 58
2060 23
6447 19
918 29
742 37
7443 14
146 25
1600 7
3402 42
2580 78
9605 75
7133 43
9639 5
5110 52
689 77
792 3
150 79
2634 69
8439 9
8331 34
353 69
4067 5
935 20
2971 71
1897 52
9836 60
8366 30
444 9
7288 46
94 47
3195 64
7287 9
4098 3
3270 79
3582 61
6426 5
8993 59
1343 35
4343 19
2935 65
970 56
5619 78
6858 41
3270 77
3633 71
1017 13
1765 16
2998 68
4175 29
93 7
8526 68
6251 24
7125 11
6103 45
1785 58
2097 41
78 11
5043 57
8211 17
8666 29
4194 50
35 32
1204 51
5777 22
5929 46
8018 18
5861 50
3107 1
4503 24
5337 38
6038 29
6282 35
3170 1
1297 65
3282 58
9038 12
3841 21
7591 29
4633 11
2405 69
9625 76
1506 67
5074 11
3631 67
7549 6
5467 36
617 48
3538 35
5278 76
3500 9
8324 72
9726 62
5378 20
6795 40
6247 62
5912 4
2643 75
8158 79
9227 19
2930 34
8341 58
2052 40
1896 23
1414 46
6179 67
449 54
5629 79
8834 7
2305 34
4421 68
9859 14
7204 55
9867 62
1750 26
6615 62
7823 2
1808 71
4374 9
9534 21
1055 70
8252 23
4713 43
6342 3
2510 43
8010 67
6123 70
1924 0
1846 66
9731 9
1777 56
4958 16
4881 72
2960 33
3599 57
7567 16
8414 33
2992 78
9443 46
1006 24
145 47
5430 76
3019 65
4578 8
8500 10
5595 17
4580 76
5272 61
5083 22
8099 13
2152 45
631 43
698 34
4309 76
5534 33
3290 1
6605 37
7928 64
2989 11
3681 58
431 17
671 9
5172 58
6246 72
4349 66
3455 79
7181 41
4016 9
8331 77
5805 51
4667 8
2517 52
2800 67
5334 68
8605 6
2119 58
1825 13
7798 69
9053 40
2978 23
7516 47
8306 9
3140 16
8862 15
3763 23
595 42
9535 8
8872 67
1196 76
4367 10
3512 70
7593 12
8198 49
5353 58
1066 56
6218 44
7126 17
7120 49
6877 55
5354 49
4189 50
352 2
1039 21
2100 68
167 20
6873 73
6433 0
5685 19
1675 17
5909 60
1064 63
3379 28
7799 28
7754 59
5521 49
6365 68
615 36
7475 17
6818 35
1356 57
4883 31
1377 3
489 40
1074 69
5039 49
4209 29
2954 48
4227 11
6433 5
3927 42
3196 51
9632 26
8185 16
8001 27
5195 5
2723 55
8107 66
858 28
4360 2
4024 4
6986 37
4722 4
7899 64
3088 30
7995 62
1668 50
2111 65
4535 24
2845 41
6105 19
8926 16
8396 50
8535 63
3341 40
9279 1
4527 22
7227 66
8503 50
8289 51
991 71
7701 77
3699 8
9326 15
2724 1
5087 38
5628 77
6381 23
5174 62
4880 28
2377 60
9453 9
3801 13
1713 59
3323 45
6895 12
139 58
1897 69
9389 79
3140 0
5965 11
4217 72
7431 29
9446 63
1387 63
1158 44
7182 76
9884 32
3938 62
4547 51
7329 40
7860 16
927 13
9554 9
7381 60
3063 56
2562 25
1289 36
5344 25
7767 12
8958 9
6144 67
6895 58
2376 8
3411 61
1095 64
6482 72
9205 3
7608 51
395 16
1126 18
9414 77
4162 30
7289 63
8972 18
1301 34
5489 79
362 5
5513 13
4698 54
3814 46
3035 70
7119 32
6605 24
6505 16
6220 59
9759 53
8596 49
9567 16
6338 27
5154 78
790 68
1973 23
2484 23
441 38
9015 13
5633 5
9862 55
7535 53
7660 36
6034 71
2022 31
300 26
1150 25
4179 49
6727 30
4621 32
1801 55
3196 19
109 27
9628 43
6629 50
5819 54
4985 24
1017 42
4282 11
6118 46
4556 1
2022 4
6570 24
9600 7
1212 27
1061 29
7761 30
5861 41
1535 71
4914 32
914 57
9069 69
2458 78
7399 51
6073 48
4659 7
9612 20
5826 8
3499 19
3632 68
3560 38
5876 56
735 78
3063 59
7728 14
5031 72
4480 37
5167 38
1471 28
9170 37
6573 24
2892 23
2001 28
8434 73
4575 78
8843 77
3283 20
3769 69
8592 43
9140 62
8387 4
7991 71
2947 27
5263 12
8872 37
9832 3
6823 22
3054 50
6891 13
8427 27
1430 12
8871 38
2445 39
8766 73
959 40
7728 54
5614 61
3634 49
8191 79
8972 77
8896 32
5735 2
7054 16
6517 76
2802 27
4443 3
6413 66
7541 35
9569 53
4743 24
5771 74
3850 71
1671 77
297 11
7704 52
5670 75
4071 46
9656 5
4110 55
6325 25
3840 10
2624 20
797 20
2039 40
383 1
4298 36
7783 69
3951 21
114 57
8490 9
5516 31
5014 75
7570 68
6793 16
3828 34
9685 45
435 31
9895 3
1800 69
2012 56
5654 79
8956 35
8707 60
4727 36
1579 51
6607 30
2382 20
6411 50
9364 71
4062 8
8652 19
8031 60
7741 29
3331 3
2422 26
6454 25
9530 3
2996 73
5105 37
7238 56
279 17
2048 30
4382 54
879 50
1702 73
4476 16
3871 15
7546 26
2533 23
598 73
3259 39
6514 14
4474 17
1741 41
9511 17
6138 36
6746 54
6979 30
3946 58
9195 64
1559 32
2693 77
2252 74
4093 74
927 3
3896 56
7631 79
5531 58
3531 61
4568 7
322 39
8432 30
4952 38
6410 17
4033 20
1934 48
9268 47
9350 34
972 55
1263 50
6185 5
7577 20
6613 71
3964 2
1283 28
7069 24
3378 25
8878 8
4655 53
3492 43
2079 39
8949 53
6191 58
3928 4
4861 27
8083 4
9441 15
8739 65
9456 67
9975 11
6375 33
3234 63
7020 43
5468 24
728 24
5550 49
8179 40
2841 69
2812 70
8487 37
7188 57
1933 6
3658 6
9935 53
3415 54
5424 23
1650 32
5710 17
1486 3
8406 32
7710 33
6338 22
9876 59
1867 67
7969 37
8917 60
9930 38
6940 74
1586 15
95 49
4211 21
6985 27
7439 29
9762 17
8600 51
9159 53
5584 38
5283 31
4842 51
9996 18
91 61
2316 58
8415 70
3351 37
6393 77
9147 59
4321 20
1617 43
8796 44
5880 67
7423 31
1924 59
9692 10
5606 47
2836 21
7495 72
6391 17
9726 5
2279 44
786 75
536 4
1944 38
1907 54
9814 11
6384 65
7593 44
1745 44
1000 22
1882 65
7858 27
6055 69
1744 7
7250 68
5069 17
5052 30
9885 0
8866 56
1626 55
2313 32
8456 79
9218 17
97 15
886 78
4238 10
4212 31
8663 38
350 70
9161 68
8552 61
9933 33
2643 29
2022 8
8924 29
2297 1
8618 5
8276 10
1074 46
9332 65
4505 41
4495 43
1292 8
9050 52
4826 29
531 51
3941 77
8751 25
9942 0
5291 71
6536 71
3809 57
23 11
4096 18
2402 46
5553 37
1722 32
4559 61
6695 1
5895 42
7062 29
13 56
809 41
3557 62
4755 73
686 64
9097 27
6342 50
857 19
179 73
4341 52
3671 63
3735 72
5842 3
8580 61
4045 75
8799 12
238 39
438 6
3302 35
9837 13
7697 25
499 28
8690 64
2172 4
2093 21
4064 52
1759 4
6006 21
553 19
9388 47
7298 27
412 11
4740 68
7126 55
5934 76
691 15
4342 36
62 30
3180 56
5555 64
9952 24
4793 19
7414 23
5541 42
5538 79
2083 61
1656 79
5348 65
7551 51
5137 15
2935 46
4625 68
1303 55
972 69
5360 13
516 60
4495 71
5085 3
6453 77
2461 12
4859 29
8380 26
7424 59
4357 48
4321 40
2039 68
3957 61
3985 64
6314 52
3280 21
7675 3
5748 60
2460 71
4360 74
8447 41
7185 78
7201 15
1945 43
6251 17
7100 29
5332 22
6138 58
261 43
9081 54
7414 32
4827 18
2655 31
7074 51
3711 42
3452 10
2451 31
1403 6
2024 74
1483 34
2772 72
878 43
9041 19
9283 19
4574 47
5267 59
9026 15
2498 1
1661 5
5585 5
333 53
9892 25
8551 20
8322 37
7879 18
1389 53
1182 65
4663 32
2691 33
2691 52
8672 26
2894 19
9581 53
3543 4
4746 71
6705 56
59 75
9732 74
8024 59
8292 18
43 11
1295 22
4348 18
1831 61
359 22
7634 18
2138 34
8253 1
370 38
335 65
8154 44
8885 78
9075 34
8339 2
7165 9
6859 47
6076 57
7330 11
4662 78
3444 57
6491 4
2827 32
8832 58
547 42
5940 54
7344 43
2418 69
7456 28
1258 13
6146 51
4536 65
1883 49
7019 16
1792 55
7440 74
2322 22
6298 0
1918 18
7708 7
8267 2
995 9
3644 6
1778 56
204 37
5189 47
8629 35
1827 40
7820 11
4946 51
7684 79
6075 9
6659 9
6960 30
343 28
3437 76
38 76
3556 18
1291 55
2612 73
6015 62
3941 30
5994 52
3942 16
655 34
6653 24
5848 37
6552 64
1769 21
1448 50
1216 50
9276 62
3261 29
1476 71
8236 16
9015 74
500 75
6819 76
239 44
2722 48
6829 74
9018 49
5943 46
3727 34
9783 63
3153 64
6893 57
6587 0
5143 9
3134 26
1791 7
489 18
3601 0
2351 31
5607 30
5633 9
8081 23
7276 68
4200 63
1212 68
6985 75
1052 11
1177 19
6602 54
5211 19
8809 49
9276 30
5753 2
1086 32
7921 73
8511 78
5505 49
2936 60
1856 51
7688 75
863 72
9598 28
4599 41
2932 22
4085 69
7020 16
4159 14
313 43
1858 48
5877 15
2225 47
4568 49
2070 12
1439 30
8643 51
9012 22
6957 53
3535 7
1806 45
927 69
5906 0
5610 19
4366 22
7299 33
3583 0
4835 35
3369 53
7700 25
3472 29
2886 32
6734 24
2793 4
1046 12
9439 32
7565 74
9008 4
2014 12
3579 50
8815 61
2278 37
782 53
9630 30
3956 63
3197 60
5913 56
6786 55
6499 70
5217 9
6178 67
4855 74
5158 53
6167 71
1824 60
7142 79
8021 55
6235 9
9710 3
4080 36
3408 49
3910 45
1171 50
6825 23
3507 65
5894 42
9210 46
3779 42
4330 3
2760 3
3080 4
2393 46
6333 40
9470 67
9117 46
9809 27
8848 30
7237 48
9607 14
4893 3
3326 29
9612 58
2485 32
5986 68
977 6
8967 26
9725 25
2055 4
60 68
8129 69
7729 43
8378 53
6388 60
5253 57
5785 33
8113 32
2171 78
3055 28
2007 45
9514 43
228 3
7325 66
733 30
5605 69
6117 30
2316 5
9092 30
9079 70
7817 30
7710 44
7487 13
7016 50
8954 72
3506 22
5505 25
7154 4
9557 30
7982 62
3712 24
4627 53
1352 12
4043 22
3061 42
1110 52
6099 23
7681 45
1534 57
4561 28
11 46
7774 75
1227 74
6603 19
8467 59
4378 50
4716 58
6792 39
4467 17
9414 12
8384 19
2489 65
4197 28
4816 49
8808 71
8449 51
5781 54
4184 64
7121 49
3044 27
4506 62
1126 66
9730 41
5075 48
7627 16
9569 28
2940 78
2780 17
3204 34
2258 59
3431 43
6378 59
2790 34
6859 7
6016 36
6465 49
1642 26
174 18
4390 7
8755 3
81 14
5355 8
8235 14
7309 58
638 43
8575 15
7474 73
6675 23
1237 71
1507 38
8072 54
7168 41
6035 21
8158 23
9104 75
6489 69
8868 16
1270 54
7895 23
2588 77
7033 60
5447 33
6146 38
1369 44
3199 41
9311 47
4432 44
246 54
4168 50
2533 3
8749 70
2754 42
487 40
6295 9
7743 78
8996 49
6874 9
1938 69
1117 38
6213 78
4302 77
7011 8
7635 41
4020 61
5715 36
2065 44
860 14
6361 54
2786 59
5069 52
8861 55
6758 72
7817 54
2439 15
135 27
6829 32
2326 5
907 4
1704 49
3264 34
9335 64
6100 53
5288 55
2342 28
9415 77
5396 78
6430 52
1827 39
589 39
2220 20
1618 28
8634 55
5610 37
6546 55
9442 73
567 40
4235 75
8198 18
8134 52
9060 16
8169 33
1903 24
1536 59
1408 50
4014 15
882 22
6043 74
3959 39
5733 3
3870 38
6818 37
8809 20
2539 23
6954 23
5547 57
4469 56
6118 61
7619 23
4584 64
1975 12
712 4
5000 59
3393 59
3460 3
5820 66
4915 35
9293 71
4442 57
3780 57
1188 41
4458 11
8153 54
2828 4
9558 48
5859 54
1670 26
4253 56
3924 54
8967 67
5800 64
5716 70
2750 36
2076 70
3388 28
4370 69
8653 10
533 45
4612 15
5102 9
695 22
858 65
6281 47
2745 49
23 43
1030 4
4217 33
5442 66
9297 76
4418 67
4652 1
6586 31
8038 16
959 36
6502 54
7726 34
1711 76
4341 38
101 1
3373 17
9993 31
6303 5
4018 28
8683 27
9637 47
5730 20
230 44
3057 26
808 46
6549 2
761 64
6242 65
7544 56
3911 72
7202 33
1278 77
3789 52
461 7
3290 2
5580 70
6779 17
5756 44
8467 0
2848 28
1090 56
6589 14
6218 49
470 76
6884 30
5988 76
7093 54
1988 25
4029 32
3311 48
802 26
6113 5
9245 54
1816 16
6399 18
8352 40
4330 2
1410 41
3577 44
3732 21
6461 16
2882 21
6036 50
9260 26
8348 37
5808 4
4027 22
1714 61
6472 2
8008 3
1847 21
5321 49
318 48
8222 74
7961 70
3899 49
9863 67
3845 55
7995 26
1734 33
5906 25
1756 22
6943 11
5890 50
4919 58
4092 26
3937 78
9507 61
1304 23
6822 34
4841 67
5395 20
2738 60
4064 39
2337 1
1315 69
7841 79
4505 26
1125 12
4158 24
8338 33
7962 40
5534 1
4863 62
8670 74
1664 55
9602 70
1946 2
8274 30
7629 24
4817 12
4046 57
368 76
7838 5
7686 63
8232 67
4507 43
1413 49
8262 50
3620 57
8941 28
9622 44
2079 4
9270 79
8059 13
9517 78
585 15
4300 17
8081 18
4940 74
1946 69
6871 7
2440 44
77 42
5772 20
7401 2
3582 35
7285 38
8399 17
5861 14
1630 61
2563 62
3630 62
4610 16
4153 39
8466 29
7930 5
2055 40
2414 72
4543 70
1183 11
4404 13
1822 18
4957 72
2541 48
8457 69
7667 66
7689 60
7740 12
915 44
9144 77
7619 35
2944 65
6055 57
5381 51
8768 58
3277 77
265 14
8343 30
3920 71
8868 54
2439 55
7116 33
5963 27
5997 61
7682 7
4058 58
4728 63
6214 62
6947 32
6267 66
233 9
9013 12
8162 57
3983 57
9325 54
3876 71
5328 23
7376 60
5990 15
3867 7
9468 38
2574 33
3600 22
197 31
1333 63
7183 23
8963 39
6321 45
8367 18
2325 41
29 25
7335 70
9454 58
2086 41
542 29
1907 12
6583 62
4862 38
1036 43
3873 25
7664 59
4505 40
4077 9
5867 3
6513 12
1445 65
1951 37
5231 40
8747 53
2042 59
2709 24
3640 1
8778 17
5842 14
9612 18
9782 0
1465 57
110 24
8668 2
4178 51
2906 29
5228 68
8391 77
594 64
6263 42
3235 38
1277 68
3572 41
5641 20
2922 43
4138 32
9306 8
5886 59
667 59
3806 23
4660 1
7895 72
5089 56
3868 38
3965 4
9579 46
6021 78
8288 38
8268 25
321 27
7682 19
2536 57
684 4
3667 22
7909 22
6641 43
8901 0
2012 64
9678 65
1734 35
9670 6
6861 53
9884 56
4753 33
2833 53
6229 74
4887 9
3568 31
2107 8
9678 46
702 27
1346 34
8024 21
6853 42
4486 65
2176 72
9634 42
5033 35
6105 6
1709 10
7285 0
4988 4
6511 17
2147 25
9634 42
8029 38
9098 16
6765 17
4817 68
236 42
4688 30
8210 42
855 5
4952 43
5023 62
4175 52
5744 31
1586 15
1016 31
2513 40
1278 28
2366 4
5452 56
8482 12
9596 0
9494 68
6309 10
6246 77
2572 43
9701 3
6442 3
2550 51
1773 54
1796 77
9716 7
2716 34
4808 2
4452 27
169 54
757 53
4761 62
1068 60
9037 27
2565 3
2344 0
8871 14
3053 41
8478 76
769 24
9972 20
7334 29
5896 58
6488 50
1206 14
4514 33
1299 50
3069 50
9890 70
532 36
9604 34
2330 39
6462 79
168 20
1331 66
8522 58
7011 38
3371 38
4962 37
1453 30
9443 3
6490 10
5411 39
1443 15
6645 38
7114 25
7664 14
807 53
6366 28
6879 72
3898 42
8903 48
7118 9
1835 69
7795 70
752 10
7561 28
1093 70
8718 23
3758 74
6335 16
3310 31
6922 74
5474 13
4632 7
1962 74
6036 23
8795 13
9980 31
1809 14
8952 66
6379 12
7520 30
7892 42
7691 54
1815 23
5300 23
3590 8
4864 74
8827 4
8227 69
9604 60
5448 14
6332 70
8591 61
2680 53
4555 28
885 6
2186 46
1403 72
901 41
8955 25
4289 1
5549 10
3529 34
1652 46
4828 74
2552 68
4825 18
3787 62
3554 39
8639 46
1592 40
9132 28
8793 30
8780 38
5925 35
7134 53
8898 32
1125 23
7916 40
7509 15
5945 74
9249 69
2452 23
9019 75
1449 49
4680 29
2997 75
2566 36
3529 35
2401 55
149 24
6617 78
2919 26
8161 37
3201 61
8503 58
1582 57
1560 3
6518 18
8920 63
3868 30
277 71
5056 40
9857 32
653 1
2921 16
1446 77
3384 58
102 65
6349 24
963 55
7871 68
6134 75
4404 51
7645 38
5643 14
4236 4
7221 46
81 68
1582 36
3813 43
8307 35
6940 70
3337 27
8843 10
3512 50
39 25
8524 0
5827 68
9631 7
6184 55
1682 29
4733 70
7743 24
7169 66
8676 5
324 7
5934 5
6403 37
8955 69
7897 57
9934 56
4812 72
1085 19
563 40
4990 53
331 58
1400 16
504 7
7858 8
9821 6
4931 7
8131 8
6474 11
8460 0
7503 29
5550 50
958 47
8630 7
8943 65
4636 42
4158 47
4833 2
5639 27
288 61
9410 18
7459 37
4848 14
2086 17
1374 40
6699 59
2192 39
8254 41
8112 25
4149 27
657 77
1365 0
287 27
7859 68
3813 17
5355 58
1031 43
6903 18
6027 45
4476 8
521 16
8583 57
5973 39
7416 2
1180 28
5647 22
5197 28
9746 76
8529 44
8456 35
8552 39
8595 3
8847 21
6238 50
5351 57
120 63
8255 7
7431 46
369 0
3605 49
2467 75
1431 31
3459 50
285 19
7320 6
1155 4
501 16
1342 60
1378 6
6477 24
1843 70
469 27
4327 49
2456 31
1688 23
435 9
2510 59
8708 40
5277 18
8096 25
3901 30
5851 74
5604 33
1426 9
3094 48
5117 8
9587 23
691 16
5266 19
1361 63
7521 47
3784 16
6984 78
8057 5
7956 65
1513 67
9677 54
9076 73
2607 78
2128 78
2735 41
6980 7
2074 1
1012 18
7549 79
3596 67
7471 77
7021 8
9215 73
7188 10
824 19
1135 51
5569 4
2123 38
390 43
216 31
2890 4
48 8
7677 39
532 37
668 11
3567 30
1557 37
2065 70
226 17
5892 76
774 59
3300 29
9856 59
2645 4
2850 75
9680 0
2241 54
3896 0
7072 46
8972 61
1991 26
9771 68
196 26
7529 79
9130 9
8700 15
5429 46
8242 7
4445 47
3123 40
524 67
2409 53
9078 49
1549 50
8612 10
4570 30
462 16
7543 10
9205 66
1632 21
6834 5
806 53
2548 48
9 36
957 36
2287 37
2348 54
6643 65
9049 27
6524 67
9887 31
5720 60
1571 49
4061 67
3281 30
2183 61
638 41
9117 4
8616 68
9488 8
7391 46
247 63
4165 41
6116 74
4699 54
1198 21
1428 48
4022 42
4334 49
3803 20
8668 53
3995 59
8411 41
7077 48
541 15
1350 22
7728 2
9176 59
529 0
9565 34
8722 40
3038 47
4489 65
3672 62
565 21
4682 16
7981 41
5466 67
9510 58
1435 60
2842 21
350 52
5821 2
9338 60
4833 14
8828 62
7440 4
6320 66
988 24
1241 74
3036 64
7278 75
7953 63
3087 56
1577 30
9637 28
4781 9
1555 52
9570 52
6945 71
4330 40
2576 3
6400 14
8049 69
5937 55
6548 35
8542 5
7352 10
2434 10
4105 32
1937 27
6572 5
5097 48
512 59
4156 75
5771 15
814 18
4958 3
7774 75
9357 41
9944 19
185 46
8275 42
4626 16
2558 63
2883 77
9123 4
9266 58
7221 14
3076 13
3946 75
7490 24
9915 47
7225 67
1987 45
6365 52
474 79
2706 29
5734 67
2239 34
6904 18
1736 69
2157 61
1449 16
9962 38
8869 14
7137 40
9392 39
3927 20
1668 55
6949 58
6011 9
64 0
2560 37
897 34
3997 51
1429 22
713 26
459 10
1384 74
8164 45
1799 66
3331 38
6125 79
3230 53
5872 2
7282 53
3434 77
6991 58
4101 74
5080 44
777 39
6789 64
8190 34
7856 32
7416 76
3579 70
8379 13
5907 42
5655 21
8148 53
881 10
4328 18
5905 19
1809 32
3832 0
5230 38
8898 67
7527 52
7250 31
2470 49
6279 11
6217 6
1033 51
7849 39
3434 76
4601 9
9159 18
4040 37
9891 0
1076 71
917 26
4150 67
9744 10
7068 37
1282 22
5433 51
7535 75
9074 17
5517 8
9779 17
4515 73
2328 37
9060 13
4596 18
1519 7
1709 35
8574 78
8063 23
8244 1
9322 56
2200 43
3923 41
2362 46
1262 43
1183 47
8264 28
3308 62
2172 76
8093 1
6638 77
1220 44
7272 7
1318 31
5896 38
7289 59
2938 17
8969 66
4599 7
2136 10
5000 71
670 62
5775 12
771 66
9602 19
6850 64
9558 75
9645 4
5905 72
432 32
6948 52
4175 29
2153 35
7166 79
1863 17
2441 67
9445 74
1364 71
7813 37
7165 22
5205 78
4407 47
9347 15
3079 50
6005 74
35 22
5036 21
3550 25
3469 35
8266 37
9180 43
7386 76
7872 23
8380 0
5358 12
8500 64
8251 32
8057 35
7215 77
4279 74
5137 32
7193 38
8376 46
237 54
5761 20
5293 58
2061 26
2508 25
2194 3
9869 59
5493 67
9114 68
397 46
8177 30
8212 57
8087 33
872 79
7323 66
7509 66
3300 69
4615 12
1863 16
6189 48
7976 14
5077 2
6956 13
9509 0
1114 5
2970 76
1672 53
1693 39
7783 43
669 75
7869 63
5301 53
6327 61
6445 29
8094 13
9875 3
8810 33
5663 8
1321 26
6025 54
6214 71
3879 61
4226 60
5947 75
7712 43
8954 71
2018 33
9732 27
2617 47
2080 11
7830 51
8992 54
3313 67
6618 8
4754 38
4167 41
6585 31
4939 38
1639 38
7852 58
2491 21
8483 8
3299 28
2936 8
6082 65
136 43
9551 7
2563 29
1098 58
5292 71
3179 21
5511 77
4936 16
417 42
5785 9
7764 38
9324 61
3650 2
9188 52
4106 32
2815 70
8276 17
1777 14
4008 60
3079 9
6720 40
2157 59
264 39
952 46
4396 79
4919 56
6766 5
7401 72
1249 8
1369 76
7068 8
1025 67
9004 17
2152 10
8279 72
2063 37
1296 64
523 59
6941 73
6456 30
7784 55
2770 6
5489 42
4136 74
3683 47
6072 10
1722 2
569 11
6499 78
7853 0
4671 3
6884 49
5299 19
1826 27
9457 9
8512 20
2566 22
477 9
5292 73
4751 38
2800 74
1575 48
5397 4
335 51
3754 45
4946 68
7087 51
1387 50
8759 52
8095 61
5056 26
2830 2
5173 17
6734 19
1011 71
3465 0
4069 47
2110 68
5996 33
6816 78
1836 33
4866 25
5245 11
2702 59
3516 8
3549 71
213 16
2452 79
3954 76
9200 41
8158 38
669 28
8239 32
5771 40
306 29
7870 16
1016 16
8792 69
4417 31
5964 64
6010 35
9549 75
4732 47
4662 44
8350 59
8354 79
2767 12
630 31
668 49
8828 49
918 60
8746 30
9290 59
1231 59
1342 35
9395 54
7622 72
1610 62
5898 11
2663 79
648 33
6281 25
5679 27
3611 29
2374 39
7199 20
7826 19
5388 75
1178 9
2042 30
6037 59
3162 64
1832 12
283 68
9804 41
9651 12
2032 67
6341 75
8410 73
4842 73
351 54
2756 51
9142 68
9493 11
3912 12
8716 19
4016 28
193 34
7395 3
4108 1
1667 44
7161 21
6476 52
9834 25
9791 9
4737 23
5351 34
3615 19
5958 21
6116 35
1825 57
9737 47
9141 57
255 1
1459 64
3798 41
8569 23
7890 64
6335 57
2551 7
8917 32
720 44
3183 78
9267 55
528 25
6677 71
3375 51
1865 52
9491 37
4924 65
1845 56
2699 48
3848 32
2284 17
1532 70
7234 57
5723 0
2381 27
5560 31
2354 53
4414 20
7185 42
34 47
5342 39
4937 6
5302 36
6678 63
5845 26
7576 27
1195 27
1523 46
6437 66
8370 79
2980 24
2881 8
6284 32
1527 58
5542 32
8899 17
5685 60
7724 47
1125 49
8953 72
1115 26
7112 74
1725 18
6619 54
1867 8
2497 15
4297 40
6060 46
580 27
8983 16
1395 45
6094 61
9151 23
8443 21
2129 73
3687 8
4732 38
2162 50
6037 43
3163 34
3035 45
953 22
3068 14
2373 69
7325 44
9759 40
384 22
4954 70
7448 28
6080 74
9722 2
5839 67
7287 16
4652 24
5949 41
3311 6
2913 70
6972 71
5015 15
5103 32
4818 53
496 56
9866 63
7100 16
7137 15
793 68
411 47
6069 76
3093 14
3119 79
6830 1
8167 5
5044 40
9936 70
5146 30
6125 5
1261 28
26 35
4804 59
1469 65
3591 51
5522 69
1105 5
6695 72
9492 2
3485 43
8853 6
8113 19
1825 21
388 8
4127 64
8106 37
406 51
9964 13
933 62
6214 43
5408 14
2981 51
5114 23
291 11
575 33
3281 48
8063 61
9159 54
2681 34
1799 47
5101 55
4913 71
2481 15
5430 10
4434 61
3828 51
2301 18
2996 1
7932 58
7923 56
6096 79
3333 2
5877 24
8060 48
6055 3
9525 49
7090 42
7381 77
6568 20
4678 46
8322 11
7044 60
1928 69
2130 4
2122 33
535 68
7974 32
2889 53
5223 62
9218 21
8639 75
9671 49
7321 43
9445 44
6685 54
2599 62
7985 12
3215 59
3298 9
5747 46
5159 49
5275 18
8824 40
5882 14
3550 16
921 59
4744 0
2470 35
1650 78
8565 39
1911 57
4642 12
6607 53
4210 52
9684 19
1279 69
6880 28
9162 72
4394 43
2222 79
7713 68
5960 4
824 53
9827 27
2910 55
169 67
8689 64
6761 62
253 73
2139 74
7545 23
2917 59
2559 73
9273 7
6968 60
3379 62
8390 62
6334 68
6409 77
1057 45
7850 75
4312 68
1870 1
7870 39
5997 77
6417 66
7615 73
3275 22
6071 25
8679 38
2166 33
4587 30
3728 65
238 17
758 78
4346 77
8840 77
5852 45
2165 63
4086 75
4465 52
8740 63
4654 13
6472 41
1870 34
5240 55
8282 61
3423 35
7246 17
5226 29
9087 74
5344 16
1575 34
3092 35
5502 61
3955 30
7502 66
7820 7
4563 7
7681 72
8629 72
6147 63
7959 67
1330 2
2897 67
7342 28
2363 38
3639 73
5380 45
8935 42
8233 33
4899 37
1334 28
6778 76
3382 75
7767 8
110 78
4246 65
1888 72
8360 13
8562 74
3820 52
8823 71
2104 60
2189 3
7347 37
6382 13
5401 66
5357 6
3975 66
4669 76
4389 11
2953 72
8022 51
8504 64
7193 10
4604 58
2253 7
4827 79
9398 13
1282 39
1239 57
2841 70
8394 27
1684 18
9143 31
1418 48
6107 71
1183 27
2857 6
3639 0
9283 12
8771 56
8595 41
3762 19
1661 0
32 61
4663 58
2277 32
3568 19
881 38
7152 53
3700 25
2388 30
7642 10
8534 65
1410 74
9788 71
3506 23
9543 31
2179 38
6844 57
6750 58
7434 11
9809 79
4545 30
3134 54
1803 8
7174 61
336 38
4734 9
4369 6
3486 19
3047 31
4349 76
5836 45
8682 62
5600 45
610 33
8299 49
6829 71
4467 32
7782 37
9924 45
6814 62
9420 2
4241 13
3729 10
2753 14
498 24
3904 42
1003 71
109 46
1627 30
4681 7
9461 15
3243 44
6957 77
2442 71
9683 8
3023 65
8694 71
6961 9
6182 32
7450 65
8646 6
2161 6
4717 0
3048 58
1230 2
5541 31
5987 27
28 17
8658 26
8401 17
9177 13
935 42
8893 39
3513 2
7469 77
3945 47
1566 78
3961 51
6841 13
9495 21
6022 12
5996 77
4466 55
7131 60
3480 73
5629 6
1916 31
5216 77
3298 8
3937 59
3918 69
5220 75
5023 35
4399 21
2400 1
8415 5
3243 64
5955 6
2830 23
1183 32
1006 48
4542 58
7830 67
9630 46
6139 76
6322 9
9441 43
6943 59
3051 41
4533 1
427 18
4533 28
2394 3
93 61
1580 48
6961 48
3518 66
4795 34
3261 60
9501 49
3436 57
6373 31
3815 52
3984 1
5069 4
7627 26
2650 65
2029 63
2645 23
1571 71
2989 22
7597 1
1866 51
5012 34
2804 15
8376 25
2955 66
7023 1
1944 52
1913 51
7035 40
2601 20
3960 69
5460 66
747 34
7806 39
2241 13
2776 56
2603 24
7446 29
1719 32
4997 60
2930 60
6896 20
8658 78
6814 67
2642 41
2186 52
9062 48
8180 73
7114 22
9127 33
9696 24
4093 55
2388 3
8836 55
3861 67
223 44
1999 57
3555 27
769 8
4809 38
2203 76
8799 78
1909 7
6972 8
2409 9
5812 74
1432 44
8914 35
495 58
2521 20
2838 59
592 63
1064 14
9279 42
461 19
7809 0
2104 35
8859 21
5556 61
4686 51
1229 30
1177 21
9316 44
9302 64
4909 63
5166 57
1287 29
5006 23
1614 0
1623 54
9117 6
4246 21
928 36
8985 61
6397 71
2252 46
6289 26
385 23
5120 77
9443 50
8629 8
2091 10
1283 60
3293 9
7055 18
6505 3
3507 2
9175 9
9805 2
2236 26
2476 57
288 60
788 79
56 19
9491 67
8651 60
5877 56
2533 9
8690 45
1072 58
1011 72
3994 67
4528 78
6711 47
8883 33
2554 49
4600 39
584 51
6515 51
4675 78
5960 34
276 68
6929 4
9760 13
2261 20
6993 44
7038 70
3954 13
7260 12
824 13
2827 6
1335 22
7869 68
3000 70
3821 56
2720 43
8236 77
363 45
3372 46
7466 23
3056 68
6852 51
4814 0
2313 50
3572 33
7385 69
8689 67
624 60
1249 53
3258 40
6820 52
9589 14
9938 9
2223 58
4126 75
3665 45
9638 67
4770 69
6157 11
7183 56
6020 49
2999 45
7585 78
5842 55
7556 77
3555 46
2540 10
7088 28
1799 41
4483 17
2904 32
5044 35
6749 66
218 21
1691 25
8769 51
2744 15
9820 39
3467 73
4575 59
996 17
7734 76
54 78
8698 8
6037 66
8655 4
1692 0
3570 75
2912 24
8959 55
9501 16
144 53
7872 32
8753 57
3041 58
4368 45
863 5
8208 23
5141 37
9254 6
1380 8
2338 8
983 63
8295 44
3620 71
5593 46
1773 3
7121 5
9204 24
3881 21
1278 68
8187 1
4370 60
4333 1
7027 65
6737 43
503 46
6685 17
7044 17
1504 39
9273 51
574 48
3416 38
1097 4
8806 74
2111 32
88 44
4129 26
3060 75
9309 30
129 72
1126 58
2862 57
6851 19
4360 10
1135 18
8124 66
7767 15
8172 13
9900 72
7711 27
6715 62
7895 52
9630 60
7764 38
689 36
8396 45
3219 8
2044 13
6696 34
9846 47
6476 65
6629 70
1740 48
2475 61
6366 53
8791 46
8171 19
2390 49
5754 12
3479 48
984 54
2577 52
6338 8
6406 13
1216 18
3320 34
131 39
1145 67
6643 56
9432 72
7569 61
65 25
9404 50
6773 40
151 61
9112 30
2900 24
4810 65
5904 31
5823 31
1151 55
2338 73
7485 8
8039 31
3261 57
9495 36
3880 7
5099 30
482 17
8152 28
8511 51
3990 36
2077 77
5578 72
8683 0
2231 68
6329 4
4874 71
3481 57
9392 44
9744 56
3919 4
6012 52
8083 65
5559 67
1539 1
3689 51
2904 69
2865 11
3818 77
4699 79
4188 67
5419 47
600 16
4282 45
2358 62
8917 41
5394 60
7717 58
1257 55
5097 75
8069 11
4319 64
2655 38
540 36
2548 37
9327 49
8905 62
7595 26
3676 8
419 24
7278 43
9844 31
9902 48
3315 77
675 36
2426 31
3077 63
7434 79
8737 11
2880 77
9738 3
660 73
4618 41
1618 11
9914 4
5915 63
6306 5
2234 64
6821 4
2439 32
5914 28
5574 65
5225 79
3760 67
5088 71
6089 42
4712 59
771 59
2012 26
4233 68
4431 54
8885 53
2357 48
1434 63
744 13
1721 7
9188 50
6610 6
2817 1
9069 32
9226 63
4270 0
9775 49
8024 28
4920 19
4404 10
8918 52
5454 15
3812 49
502 47
3145 13
5261 23
5748 74
3084 34
5426 55
9308 27
7314 70
2217 0
3707 9
8023 0
4812 24
535 17
9926 65
7810 64
4313 28
7553 70
7339 10
3117 19
5274 58
8061 9
2697 71
7036 8
411 50
9615 1
4166 23
4016 42
381 14
3523 29
1000 33
1913 77
9377 37
8662 70
3287 39
5925 15
4046 68
6938 15
5801 68
2132 9
3748 21
7552 6
357 64
9118 30
2444 73
5968 66
4741 56
5584 9
6458 15
2309 20
4105 8
3863 32
5445 29
2910 56
3984 51
6485 53
5702 35
1673 51
5690 70
7985 0
1340 61
386 4
319 75
6843 8
8215 15
7288 20
7174 65
166 57
2313 24
7074 24
3259 54
2944 29
8688 49
252 27
8060 15
4478 53
9141 61
7226 55
7229 76
4707 15
5503 9
3242 11
7467 7
5816 79
9727 26
5089 35
9618 3
338 71
3935 35
3726 68
3265 30
8841 1
7460 30
1920 14
2924 33
1803 17
9897 0
2505 74
6532 76
6704 69
8060 23
1138 44
1800 28
1182 38
9834 61
7486 0
3954 23
7148 7
7467 68
2792 79
5606 44
9469 66
682 57
9884 56
5798 54
7209 48
2267 34
9955 73
7492 39
9689 63
7263 2
8793 37
2241 63
3410 11
269 66
9015 44
3559 67
9908 71
5043 7
23 72
7118 24
9925 35
883 65
3576 76
179 55
9810 53
3234 71
5370 21
7831 40
6621 1
8405 61
3686 42
2808 42
6650 36
5897 63
8510 78
2371 70
4464 34
3933 69
375 42
6750 33
413 77
501 31
4447 53
9304 56
3064 46
6131 56
84 78
3904 35
6754 75
2924 5
7429 77
7147 20
2912 50
4197 5
7185 7
2094 55
1059 10
3345 63
2410 9
3014 65
942 70
5056 41
7243 26
8119 51
1895 50
9638 45
9894 59
3996 70
2275 22
2138 3
2715 8
5527 14
9608 48
895 27
1224 53
3554 41
2881 28
2747 17
6627 3
678 63
4851 13
3686 74
3760 10
8739 65
4080 50
526 51
338 47
4140 75
4663 52
5615 23
3886 77
4491 35
4992 36
4601 23
6000 77
4406 74
4877 79
7913 65
8017 0
6859 71
9383 43
5815 43
1637 64
2793 33
1411 9
343 70
9815 37
8526 36
5896 19
3423 45
1264 28
7831 23
3745 12
2006 21
7834 31
1875 14
6257 21
2452 13
5141 33
8873 20
2819 52
6823 13
9266 0
70 78
219 76
6457 72
8074 20
4200 77
142 41
7050 75
7546 44
4363 25
7869 34
1274 77
4223 21
6877 72
566 72
5954 63
1861 36
9323 55
7798 3
7523 27
7248 40
195 13
8420 25
8517 55
2286 43
8723 76
8856 9
5017 1
2290 64
8810 17
9724 41
6872 1
2628 51
6138 33
8458 45
8701 75
4189 78
7729 12
2546 33
6913 28
9655 64
85 12
219 43
4814 58
3461 5
1775 20
9528 28
3064 71
1592 19
676 66
7228 45
5532 44
8870 72
6963 31
5458 20
2675 47
9025 47
3139 27
2998 14
4812 15
8946 42
2942 67
2061 68
2008 52
2443 54
3285 45
7715 40
4932 34
427 76
8209 24
5730 54
9745 36
5046 11
8504 79
8904 22
5697 2
3676 1
1213 36
4419 70
6582 61
5836 33
4353 70
6515 49
1881 0
2276 60
2973 29
1724 60
8140 62
5636 26
1034 10
2889 69
6330 40
7544 47
3608 58
9331 5
5821 38
5958 24
2849 2
8353 13
6735 11
2374 13
8575 65
2029 41
4688 51
4736 63
5076 18
2662 50
6385 37
7974 56
9414 73
9237 37
3214 34
5950 15
6946 19
5430 31
1306 38
9818 51
4054 56
3914 50
1688 4
2142 29
2248 74
4907 46
6592 12
2369 0
5899 69
1975 11
2753 38
1859 42
3330 47
4914 59
1334 54
6011 2
6486 39
3305 10
8485 72
8107 10
9835 7
531 15
3143 50
3953 27
9124 19
1533 26
442 38
7531 13
8074 41
6887 38
380 63
4835 14
4346 16
9107 70
965 17
2935 56
126 75
5022 25
9132 11
8081 29
3230 53
4069 23
1972 5
3860 60
4061 52
