100
10000
6288 12
4505 36
4712 50
8560 78
6966 21
5872 72
770 18
492 33
8731 33
4273 13
2819 55
1761 70
2308 12
956 63
1614 20
2477 70
7408 44
3732 54
9856 66
7393 6
7455 33
3004 2
6647 8
4309 51
4331 22
7497 30
3789 5
2500 6
7533 16
5011 78
6008 65
8420 79
4532 12
4450 35
2271 17
6122 44
2949 50
203 3
5464 18
4127 0
7376 54
1215 35
9506 59
1255 78
5237 51
6417 31
9203 61
3608 61
4399 16
1649 78
3452 4
6841 34
7804 29
3523 64
6335 52
7075 75
7360 36
7339 17
3822 62
3248 32
4981 74
5405 5
1077 59
8772 66
8048 44
1273 43
6873 45
2573 62
7878 53
2091 13
3512 66
4225 57
2670 52
6365 28
3999 50
8582 18
9618 56
9086 5
8484 14
2738 52
8951 6
1829 48
6138 49
6797 19
5604 30
4003 77
8700 32
8466 12
1708 43
3425 39
817 59
6683 23
8972 33
5631 19
5718 75
2179 22
9425 15
9368 63
3024 4
372 21
9830 61
1643 21
2469 50
2638 57
7418 60
8155 23
1661 45
2241 67
2890 26
4031 34
3912 23
946 60
7153 77
4529 45
1 58
383 72
9144 5
5538 72
789 44
6580 37
4424 44
1230 15
3130 44
9775 75
7636 55
2271 23
8597 4
309 27
4167 35
1372 29
8960 6
9552 1
3631 74
2317 60
150 1
790 51
2161 62
4128 5
6104 28
203 17
9568 74
6856 21
2028 23
1987 5
677 54
8288 36
7530 30
3344 34
108 1
3359 34
410 71
4230 71
1700 70
8735 27
3001 32
3923 27
4734 9
3406 2
4165 68
459 16
9273 73
692 70
3236 53
3440 65
8966 45
5452 17
3621 32
4002 5
1732 73
1756 21
7426 46
5427 76
8 72
1755 79
8431 15
9634 46
7657 49
2111 22
7846 78
2585 1
4489 51
5248 59
2681 2
2913 1
8239 74
3717 56
2908 56
5420 40
3304 10
7389 3
8777 59
2543 5
2241 0
7579 9
7988 14
1068 6
6768 54
3129 69
1212 63
4087 48
670 62
4863 72
2957 4
9211 67
1094 3
7892 48
9367 62
3233 8
6094 45
165 35
1762 26
4050 20
3940 75
7203 35
7505 76
7205 52
2878 56
7226 41
3873 36
5288 33
1325 72
9953 43
7737 75
4344 75
4612 58
4549 40
6310 68
2621 63
4439 5
2977 72
711 29
3381 19
568 76
6245 14
7869 29
5906 22
1551 44
6662 55
1068 5
5821 19
2352 43
1088 11
5126 49
462 60
2222 24
6884 40
72 70
4256 16
333 47
6413 44
8376 19
5788 7
2988 20
5347 9
3277 34
2456 66
6515 36
1152 48
8400 5
5801 78
3028 57
6006 41
588 75
796 47
8368 20
9127 70
6726 26
4401 71
8177 3
958 53
3708 52
6812 46
5343 26
1892 61
8355 4
6329 72
1013 59
5321 77
4377 48
9485 20
1284 16
4055 49
1036 38
8954 58
8824 45
6325 63
2902 0
2003 58
5745 17
7015 52
7631 34
5226 16
6921 19
3790 9
561 24
1893 52
831 38
8985 17
1709 11
9454 20
5102 71
9542 10
1548 10
2999 74
7415 43
1736 73
8979 51
8562 58
1896 4
3238 32
7679 57
8457 1
2820 27
5333 26
5472 44
737 9
7263 36
7153 75
8669 54
2041 34
7275 47
2665 18
1170 10
8004 8
1805 66
8158 55
8867 53
3066 17
5198 49
7890 15
8118 47
4474 77
4489 73
3947 21
6092 72
6761 22
6155 62
2947 0
3551 29
691 63
5052 50
3051 2
8488 66
8107 71
9822 15
8150 53
8946 70
9240 21
9211 9
151 45
6892 52
7144 10
540 78
2848 58
9995 78
6016 36
6733 23
3352 52
5203 50
1398 39
3383 6
1868 31
8657 39
3643 19
4998 40
8892 39
695 14
1542 3
4481 2
7164 2
9398 66
2179 42
6783 70
8069 3
8641 10
3079 37
9368 45
5958 66
8941 20
9159 77
414 11
4233 54
3968 57
8852 68
8652 63
3907 45
8729 30
7028 37
7627 34
4423 16
362 46
8554 5
8168 69
8115 34
1296 18
5484 6
9611 5
6299 63
2422 27
4009 49
4827 24
6082 31
8906 52
3942 9
7409 47
5282 18
3158 18
6161 76
6066 4
7279 50
1754 69
3976 34
5237 27
151 6
2129 70
1715 14
1737 18
5809 27
120 57
922 58
4310 66
8590 59
2060 10
1942 29
1355 61
1070 23
1185 49
2620 6
140 16
4917 78
5861 48
8738 15
6858 0
3127 54
7318 49
8454 12
1682 78
101 79
6783 58
169 59
9339 5
4070 21
7774 74
101 52
1402 40
7169 28
5551 43
8698 24
9593 23
8719 68
5149 48
3693 52
5875 56
9686 52
4859 70
3631 76
7580 79
1998 32
894 68
7709 18
1088 24
4059 52
4708 44
2751 30
5612 57
3410 40
6221 74
9220 5
1704 51
2027 76
6720 33
4415 51
7974 48
5711 59
3474 35
8284 67
9815 19
7522 57
5320 7
2769 4
1583 77
7916 7
5658 34
2892 34
8511 68
6636 27
5706 33
721 21
6936 75
31 26
3116 58
7156 58
6542 78
5095 48
4272 64
3074 61
5254 68
7778 36
5306 14
1677 65
3892 77
3344 7
7876 56
5803 36
7682 36
1322 3
8546 63
9625 78
1675 12
3368 13
5252 75
3592 47
6414 36
5397 68
4735 64
8739 22
3753 5
9199 34
7810 12
2398 38
1162 64
2040 24
5368 5
6768 16
1150 2
2805 3
3852 76
8396 14
3270 17
3560 59
8226 78
8698 35
5862 13
2417 0
54 31
7678 61
116 50
2960 29
1847 47
6698 53
2252 2
8869 7
3976 39
8329 28
4394 30
9759 45
5384 10
7193 29
1837 43
403 7
4887 54
4261 31
4952 14
6044 8
9812 18
5749 2
6724 67
2926 29
40 63
2681 78
9248 79
1491 61
7234 57
2303 9
4179 3
7921 72
8739 69
3283 63
1726 57
2400 27
346 18
3517 41
9299 38
5288 56
7881 58
8621 25
6936 73
3346 64
8539 63
8692 26
1258 24
4660 10
6837 0
4075 2
1877 39
8714 58
2425 35
6818 32
8765 34
5875 13
389 42
9186 48
2458 31
417 73
9836 17
9942 20
2025 62
5022 63
1502 43
5915 74
4642 75
6195 42
1676 73
7448 42
5537 8
6512 48
6583 37
5845 39
7516 21
4498 45
4112 16
8850 27
5570 42
9410 28
7440 74
558 76
8061 9
4820 15
9932 56
7830 60
3849 78
1922 4
2257 29
4874 66
7757 0
8182 16
3712 35
3833 67
9332 63
394 21
79 65
9499 45
6327 37
2178 29
2297 4
3643 56
8353 23
1779 78
903 39
9396 69
384 35
9164 37
9791 77
4316 64
5824 66
867 45
2413 3
3602 48
476 36
3949 71
279 65
5343 67
7448 56
8869 1
432 55
5728 52
7121 3
5534 1
6751 66
1207 39
7002 53
7101 57
7058 6
9537 25
7003 42
3726 34
9758 18
4072 66
9413 36
7239 66
2790 17
6975 20
726 3
272 40
9717 69
7934 11
3413 31
3279 12
3645 44
1762 60
8243 26
236 18
357 45
4879 24
4775 0
8016 5
8848 41
6188 56
6846 56
6725 46
3847 44
6011 0
5226 66
7752 60
5592 58
9723 13
2757 24
4967 42
9564 20
6413 57
5149 15
6313 30
6191 67
5753 68
9426 53
3799 38
4078 9
6978 58
9624 50
3383 10
5962 53
8515 65
3304 40
8793 31
3590 45
1103 41
9895 5
4720 64
596 3
4194 12
4622 30
5291 4
9302 17
459 77
2173 67
3338 29
3707 15
5265 10
592 15
1087 52
3481 26
8626 60
9251 23
9960 16
8834 12
8700 36
8769 8
521 14
1732 9
680 29
4540 26
969 55
5323 29
8966 14
932 17
9404 15
5295 48
4128 55
8945 72
8308 17
5167 36
8235 16
5945 54
2274 6
175 51
684 79
443 43
6665 13
1642 67
5549 16
1251 65
7999 65
4033 3
5472 12
7114 13
4654 40
2306 45
4453 21
4824 12
1287 48
4272 36
9764 53
8955 40
7275 2
6871 53
8477 68
6438 19
3739 65
6306 23
7328 49
8455 73
9770 73
1345 76
2689 69
1973 31
8048 2
8967 48
2250 5
785 56
6166 11
4859 70
4579 14
7714 76
1357 65
3090 16
5959 57
9114 64
788 40
388 22
6525 70
2350 19
9561 14
7853 74
2683 2
9321 44
7939 60
8677 44
8575 67
2818 31
5091 70
708 50
7591 8
6193 23
1381 24
5248 61
4579 75
5155 10
1335 40
9344 24
8679 16
6174 74
1709 25
4268 74
9682 37
2486 48
3842 35
9242 16
1737 50
5851 33
427 13
998 70
5546 56
6397 27
2746 22
4381 45
4353 20
2045 37
2689 21
7414 67
1641 42
3491 4
2715 46
8673 32
2846 27
5023 34
2012 61
5586 53
4454 17
1548 7
4980 58
127 60
4086 0
2088 18
8685 68
8440 61
4835 37
5304 62
5482 72
7691 68
9000 40
7472 15
3851 42
6907 45
9265 11
2754 20
1836 24
962 59
8437 26
2379 5
1732 60
9726 10
2341 42
7573 19
2864 40
3405 2
7352 44
2963 12
218 57
917 36
5521 41
6725 38
2599 53
4956 44
9331 36
8772 0
8288 15
7790 15
4394 77
9630 6
1223 32
7398 28
2930 42
4443 76
188 77
8970 45
3995 14
5582 79
1955 21
806 36
5292 36
1607 57
2008 2
5026 32
3112 50
8163 76
244 37
2674 23
8942 56
1503 51
4001 11
7272 43
8980 16
5726 22
1978 76
7083 72
7536 77
1234 4
7642 8
7582 49
9303 14
1154 24
5196 74
4359 23
9879 58
8176 22
559 55
9222 52
3829 66
2330 44
8560 29
7714 42
1368 52
1471 3
9115 38
1321 22
1639 52
2070 14
5092 20
726 1
6680 34
9614 72
2027 68
9878 74
3958 40
8678 23
5677 29
6663 15
2104 75
3884 13
9289 64
8151 3
2128 55
6655 3
1685 71
2716 54
9946 21
8922 77
4763 39
6478 3
6037 71
3235 75
7759 64
3023 58
8454 40
7395 19
681 57
1971 12
3965 45
3637 26
3851 70
113 45
481 24
2868 26
3177 36
6323 17
3626 1
2613 26
477 9
2658 65
6693 61
1318 59
1604 70
8708 20
6700 9
3298 71
1252 22
8311 57
7869 62
1934 18
982 78
7058 41
4749 76
7535 27
3809 45
6640 71
1782 0
2132 41
3254 75
4394 17
4343 32
8936 15
3357 27
4385 14
4812 59
6644 26
4312 58
2734 31
7511 43
3129 63
3516 79
1432 0
868 4
5841 16
9574 75
3095 21
7625 68
1961 21
4083 56
4767 47
55 19
1907 37
5899 76
4344 55
7138 2
3767 60
9145 68
5351 31
2150 29
845 52
7545 59
2362 6
212 75
3544 14
4395 2
9637 2
2268 10
4464 39
610 39
4063 37
8403 5
3841 38
4617 48
7864 41
864 64
1696 26
9182 79
1719 22
5968 39
7314 77
4249 61
4166 9
7846 36
3104 37
3620 64
5544 44
4223 72
9920 16
87 23
409 19
4816 15
6558 69
2950 42
5491 74
688 14
7527 71
5100 60
2237 57
3319 54
8823 35
3620 43
4739 66
5966 16
1996 78
9550 60
4226 31
7609 16
5469 73
4220 33
764 6
7460 35
8276 47
4910 20
3914 6
97 51
9328 67
8671 75
465 41
6772 31
2954 53
8153 36
3459 18
7166 5
2369 43
7240 39
756 30
1824 75
6101 41
8467 57
80 37
3837 79
5065 75
4987 53
9729 71
3927 43
7128 24
6817 18
4176 32
9863 68
3196 78
9877 50
8584 22
2648 40
969 74
7046 46
5051 8
2982 30
3262 47
459 44
5391 30
3223 55
3416 75
1819 43
7588 13
3642 17
8753 71
2965 68
8019 2
5390 63
1732 53
6542 24
6366 3
9310 36
9837 66
1115 6
5989 3
1312 39
1143 51
3285 67
7680 13
8288 46
2636 73
9849 65
6210 21
1148 5
9959 47
5450 75
1487 28
7605 53
2480 72
5478 52
1576 27
3210 32
489 3
4950 77
1379 52
1044 16
753 9
525 14
5500 21
5933 13
5588 59
3976 26
4308 22
9487 70
5758 38
5027 45
4319 56
9359 52
5666 0
3349 47
3709 5
4625 44
6425 26
8055 15
363 69
495 75
3600 77
6666 42
7522 21
7948 9
6413 63
9391 3
3076 31
3116 72
7404 61
4598 74
2325 22
5828 20
4489 48
9598 40
6100 40
6678 19
4106 26
4590 14
613 28
220 36
2754 8
8150 11
3180 19
9362 65
5017 79
9027 37
4368 9
2883 14
392 32
2867 44
3666 67
8021 57
9217 53
5776 60
6292 1
2424 74
9490 19
3200 9
2358 74
6717 18
9368 73
237 66
1687 52
3368 61
6212 13
5107 48
7328 27
5291 66
2814 35
7301 53
5735 6
2563 79
3004 23
9802 16
1852 7
876 15
7506 31
1497 53
8891 57
7734 54
9079 60
3283 39
6876 66
4174 16
5006 7
5125 0
6496 16
536 55
7303 54
9784 21
9434 14
3615 76
9262 22
2340 4
1860 61
8129 27
4868 63
6260 38
6333 13
4746 25
3684 37
3990 79
3405 51
4912 7
8332 20
3433 75
9784 50
5611 30
786 17
5141 33
3312 20
1746 49
6444 13
8704 17
4630 16
8343 0
8664 66
8739 23
1633 35
7816 17
4212 69
5611 7
9848 24
2255 39
6866 52
2410 0
5686 34
8466 45
4021 56
1224 44
4288 79
9377 25
9755 34
7287 60
82 20
8650 59
2770 62
7984 13
3719 21
2765 45
1279 36
1970 23
9990 75
9301 50
3743 68
2732 42
555 77
6137 72
5336 39
6588 17
7518 74
2768 8
1886 67
9645 32
6175 27
9145 51
6926 53
6022 40
6203 51
2849 4
9957 5
7466 64
5887 32
8118 66
109 39
9742 75
1612 57
3729 76
5489 6
5428 70
4656 15
2112 29
2979 41
2783 39
165 30
6725 7
6787 48
8981 49
139 11
9674 41
3872 70
296 77
2318 5
5760 43
9277 62
8446 16
8886 53
9511 31
3921 23
8387 58
6747 15
7026 15
4406 9
379 66
5594 49
3936 67
3697 71
821 60
3975 17
7202 58
6248 28
2913 37
7860 17
3805 29
6090 48
9220 67
9527 60
156 33
7278 3
5173 71
6625 55
2481 67
5558 14
2946 60
4851 67
7266 27
379 22
6441 23
8143 55
8881 27
9849 42
9771 22
6738 23
2627 63
264 66
4412 51
1602 66
6853 61
9860 64
9514 48
2311 77
6431 20
9109 0
9518 27
5368 11
5422 62
7119 57
6224 57
2640 54
6455 79
852 26
7077 43
3605 20
8490 37
9593 64
7165 13
5922 20
5971 24
1818 77
3901 20
9119 64
7693 41
9273 63
5516 13
7327 75
8789 68
6685 48
9330 67
8130 50
6261 63
5035 66
3149 7
8794 29
7904 75
6590 49
7099 39
1529 28
7299 64
8313 67
9113 57
2969 43
1884 50
8129 56
9719 78
9611 48
9818 64
516 11
9390 2
5329 74
4127 65
2986 16
3760 24
9834 33
1023 55
8405 6
674 63
3227 10
9968 61
2448 21
2133 1
6500 66
6822 59
8807 14
283 33
4541 16
153 62
7845 47
6750 42
8395 53
6135 2
6450 62
8933 36
186 44
631 26
8298 59
542 32
9920 60
6552 3
7066 48
1906 72
8726 51
6449 55
4432 34
7790 50
8350 58
5050 5
4107 47
3979 44
2311 53
6264 75
1821 31
7260 46
3475 50
1063 30
9831 4
7131 29
5101 38
3368 46
7277 76
8869 4
8885 69
2187 37
6740 59
5573 26
2067 25
1112 38
9377 68
9815 32
7191 23
1648 79
3067 63
3157 18
8028 31
6776 57
2447 1
1054 51
7153 74
1253 5
99 41
1695 51
1908 12
5699 46
8723 14
8240 42
3131 49
6580 11
6343 52
1262 11
9489 33
7852 59
8257 54
3070 20
7713 45
8920 72
9239 74
7065 26
4673 17
46 23
5747 18
4588 15
8802 34
2016 68
7071 7
2159 30
135 47
4082 40
1415 78
6201 43
5884 2
2082 4
2511 20
793 37
775 78
2167 5
224 19
6593 20
1238 64
8917 64
9201 61
8810 61
1731 63
4424 68
5691 45
1621 43
6929 61
7830 45
1460 43
5083 53
6625 5
7955 76
2881 6
3563 29
5122 45
2629 1
8216 25
1185 61
4957 35
5177 4
2353 24
5047 25
2847 66
688 53
1624 50
5168 65
7764 43
84 65
4651 46
7427 13
7418 14
6899 77
28 63
7384 65
671 16
4174 26
2621 34
8071 24
8142 4
469 33
1329 45
286 59
8487 53
9290 38
5662 16
9748 9
2884 55
6308 71
2484 20
6219 30
3361 59
9936 44
2891 16
6825 78
1122 9
9483 38
9796 17
1708 24
1423 21
6293 33
2725 78
6486 37
7659 12
4218 20
287 44
903 55
732 70
4402 45
6742 21
6226 13
5181 3
5634 71
1668 1
1762 75
6258 0
8720 53
8659 79
9799 20
7418 49
3877 22
4596 74
3604 34
7560 6
2699 49
5523 70
4226 25
8269 56
3823 24
4003 17
3621 25
1031 10
7600 38
4868 68
1279 43
3592 10
3971 34
8138 18
3295 1
5686 79
744 28
4640 38
3735 23
3944 10
7444 45
9197 22
3680 22
9959 39
3626 56
5738 20
9038 29
8399 42
6824 29
5577 40
6532 40
3524 36
8792 18
2621 57
2446 75
2161 62
9769 26
2962 67
7295 54
670 42
6632 16
3131 64
495 16
5794 39
3128 10
8808 33
8877 76
702 59
9160 56
5928 20
4522 73
4270 24
157 67
8220 45
5017 12
4245 57
2772 16
7451 78
3172 38
4953 20
908 77
1766 1
9317 33
8486 23
5145 16
730 58
7589 68
8308 60
8571 13
973 39
8514 60
4211 23
1738 30
9301 1
4354 3
7530 68
8935 42
5396 27
8928 43
3241 59
8855 16
931 79
6835 49
2165 78
6520 27
425 22
5414 76
9874 7
1675 29
6706 62
1442 12
8529 44
122 21
7915 35
1018 29
3076 29
3926 43
5299 8
6515 3
5976 2
5218 65
5331 77
8011 46
3338 14
5735 49
7612 8
8476 5
433 33
8355 19
6873 29
4444 28
9058 63
5046 37
5051 41
3304 48
4542 75
733 3
4603 32
3040 71
364 65
6815 78
8520 4
1796 34
7216 53
7918 54
2760 47
492 28
3852 54
9205 19
8425 20
4959 73
8397 15
543 5
957 36
7403 10
5421 66
9767 25
480 69
1352 22
9027 45
9501 36
2850 58
5082 32
1236 38
2681 71
1480 16
4521 53
6490 0
5493 43
5166 28
3896 28
5325 54
7046 68
4894 63
3245 6
1493 29
8298 32
9235 20
4479 45
5150 35
5057 7
6457 62
3984 6
6508 4
7406 42
691 60
1866 1
2324 49
7585 21
7255 23
7419 69
1957 8
786 46
2361 32
4800 54
3298 17
5253 5
28 36
3570 17
980 61
9422 52
4737 57
8885 44
8417 23
3349 31
3785 32
2329 40
2499 4
9912 66
7157 51
7124 64
6083 4
4080 39
1704 5
6239 57
4700 16
8334 47
3870 39
1601 2
6985 12
701 38
252 79
7420 35
3052 36
6316 65
1513 16
4247 63
9036 64
4052 16
5874 22
6723 51
6917 33
6487 30
1875 72
2840 55
4639 36
4700 78
3187 55
9434 41
8069 60
9019 45
6838 27
9927 71
8994 41
8387 53
4500 74
3203 3
5350 5
2498 37
4262 35
9486 62
8778 2
3461 11
2704 12
8598 63
1263 63
9000 44
6227 41
2954 11
3259 50
4609 8
7109 6
4010 29
5472 61
4211 56
2372 73
7121 60
4322 76
199 2
4052 35
6049 73
2815 34
142 17
6792 61
2052 16
6182 17
5752 30
5699 13
8561 68
7450 48
7808 28
1008 16
1245 68
7205 36
8488 69
9756 63
5835 43
7266 74
4074 0
2257 60
4095 57
3980 72
1990 44
1104 19
2805 76
6768 49
2314 3
9853 76
4188 76
5970 63
8894 58
2006 5
3453 24
4436 25
9804 61
1813 25
8409 11
1225 28
9297 5
9026 77
8334 59
8259 4
271 67
8926 47
7042 22
4380 2
5137 52
9880 40
6319 52
1527 4
5652 44
5561 73
8550 74
7636 66
2780 29
4932 79
254 67
6491 12
8542 15
1545 0
1496 54
7871 15
45 23
6310 44
7598 53
6175 15
3816 50
8308 31
3926 73
2324 76
196 24
1711 11
5037 41
9554 31
3710 75
2346 0
6127 49
2113 43
8386 23
1398 54
3056 13
6447 62
8393 50
1528 47
3052 77
6811 31
1164 42
7282 23
2904 48
8124 79
9683 11
731 69
16 75
3817 10
4809 8
7113 57
7013 48
4435 21
1224 31
4752 14
330 42
6511 79
803 40
6039 23
3348 77
6916 1
6241 20
941 35
6054 56
9420 16
6504 31
4118 26
325 52
6799 23
5918 79
7722 47
1362 35
7828 48
5379 36
2830 45
5185 68
7685 74
1356 24
1734 28
511 75
6585 1
4134 31
3627 60
6886 11
3092 58
8711 21
6222 54
3297 29
2700 5
3408 20
274 16
7156 40
6768 44
6037 45
1187 23
1272 25
2492 0
6489 76
896 35
6398 25
4756 17
6930 54
2320 8
4798 28
9771 68
4583 27
7034 49
4574 46
3083 76
313 54
2092 53
8099 37
8120 35
6493 10
2164 4
9343 36
6085 31
8518 68
1978 73
3696 3
9344 16
6246 29
4674 38
9177 9
1196 46
9105 7
6161 76
4731 21
2989 76
8352 29
1640 51
9791 14
9023 57
6522 69
2895 75
5783 71
6031 76
2427 46
1297 3
4529 15
4899 5
9778 68
3069 0
9325 74
2222 65
9723 9
8779 34
5167 27
6762 4
7294 59
4965 68
6608 60
9867 77
2528 67
1616 59
1958 50
1040 39
1661 65
1455 68
4091 59
8804 68
6600 35
8258 23
1191 33
5919 50
4160 76
1979 40
8086 69
7285 40
5221 30
1718 18
3621 70
1280 71
9379 51
7372 76
7503 42
5520 10
6394 29
1261 22
9601 65
181 24
7971 75
9677 58
8612 39
3704 31
919 21
7664 13
4042 33
3587 56
7619 44
4182 45
7791 60
9987 7
4233 61
3696 18
3653 66
7709 42
9447 77
310 14
7488 54
9086 39
9462 11
5047 15
9254 36
6349 48
6008 50
7803 26
9006 68
954 32
1693 6
4147 47
5372 38
1663 60
7834 68
4037 73
1266 69
3594 4
2198 4
5555 76
6010 38
5950 1
182 40
9178 39
8378 23
6621 38
4513 12
9256 66
4258 50
1316 50
6162 5
4759 46
2821 73
7217 10
3961 68
8731 73
9676 41
2725 48
6641 50
8414 25
983 41
4790 64
9070 67
6760 78
7194 58
4135 15
9597 69
3294 50
3931 6
584 13
5267 32
7567 74
9527 66
3550 33
1701 20
7723 67
9370 30
6052 49
4168 0
5443 55
3007 1
2196 57
8299 39
2380 56
4254 47
8158 0
5492 26
8736 17
9569 21
2302 40
1579 19
6041 58
5266 9
8805 77
4174 21
9014 18
9255 12
8479 66
3938 63
6377 36
3300 25
7870 9
4606 8
1967 21
2582 53
6377 9
7640 17
6115 65
3048 14
4716 23
9627 72
4309 67
5261 78
669 16
6990 49
2791 75
382 56
3142 42
1216 44
9311 7
3354 55
3236 8
9631 68
4346 29
5307 35
183 53
3377 60
1825 28
8935 45
6411 53
858 49
6910 32
1755 47
6083 73
9162 12
4571 45
2494 78
5099 57
4062 63
3601 65
8101 74
4577 73
5761 5
1094 36
6692 10
5005 22
2587 4
928 8
6793 51
7834 40
8279 60
4764 58
8410 63
1009 32
8988 38
373 1
4036 72
1323 8
3241 55
7375 60
8234 44
6373 56
1422 12
3518 22
4524 7
7925 12
2178 46
7003 51
8786 46
7606 32
797 45
6486 66
1383 48
7332 7
9738 6
6286 74
4926 5
133 13
1870 47
5473 30
6036 0
9267 10
1208 7
4763 27
245 15
1456 63
1613 73
9893 71
5257 71
8442 40
3010 39
6649 17
6712 58
4037 10
5678 32
8972 37
4085 2
6332 20
5616 44
3792 55
2232 69
1165 63
1311 12
2115 52
6349 33
8470 16
565 77
7546 54
8448 14
5180 66
4592 3
6067 15
3821 1
4220 79
209 16
5829 26
685 69
4713 54
6483 28
3175 30
3882 1
4263 67
8529 75
5741 60
5286 6
4239 75
9422 44
7626 78
9693 16
8319 30
4453 38
906 8
6424 66
5003 6
332 12
9019 41
6105 76
692 20
563 39
4649 8
5877 70
892 56
8314 64
441 56
7677 68
617 7
4096 21
5341 38
6491 65
6943 20
3197 48
5853 71
4449 38
2151 41
2369 36
4179 29
5718 18
2279 60
8164 33
3764 1
7325 48
5013 13
5056 62
4664 39
1291 22
6426 52
836 12
8022 15
546 18
336 5
7284 39
2193 31
2492 45
5301 13
488 37
7675 60
1300 57
5115 35
9900 70
5902 48
433 4
333 26
2838 68
6004 66
9487 37
1683 27
4861 2
2025 67
2614 12
1389 29
6768 15
1405 45
2082 19
6792 79
5524 34
3717 20
2292 16
1026 26
884 76
8431 70
5452 34
12 65
7362 43
6923 76
6626 50
4595 50
7746 51
2957 73
6652 18
44 67
6579 4
3308 7
7527 46
4023 39
8705 73
3723 79
1990 63
9907 57
5012 53
2660 31
5787 52
78 62
5292 69
288 35
7346 73
7782 53
1692 66
5583 78
1054 66
2749 7
6654 62
1510 31
2007 46
5818 56
1307 36
4394 47
9084 38
3251 54
372 73
1120 31
1187 12
8614 7
7000 63
4865 28
6399 63
9643 29
56 63
4234 29
7736 51
2957 67
9680 76
7011 48
6718 27
7228 30
8341 68
1715 50
7471 1
4447 14
7749 79
3093 38
2188 25
6991 28
8490 64
4305 26
5089 36
6014 76
1309 1
750 71
317 8
6194 26
8696 57
3210 63
2834 26
6325 62
5609 23
8654 47
2073 38
6711 73
8874 69
8263 28
3809 50
6511 40
4767 39
7120 72
6461 33
1811 78
1696 59
8492 43
1901 44
4541 75
3552 57
9624 43
5226 72
7782 41
7880 2
743 55
8844 52
2200 58
1576 3
2273 37
5373 25
2391 13
4126 16
6640 57
671 26
4871 73
127 27
8975 79
7612 3
7367 78
8656 44
4358 78
8036 60
4537 56
6769 39
3250 4
4476 37
1941 29
371 11
6312 78
9729 73
5419 76
4444 15
6851 15
3312 29
88 13
2718 53
4154 5
2097 31
7192 5
7434 57
3776 25
8712 41
9880 17
9499 33
6212 77
7535 77
6427 7
7917 43
68 61
4545 56
7316 42
7721 67
50 32
2477 49
6301 53
519 60
8250 39
991 40
9052 28
1285 4
3409 42
1449 25
1190 16
7271 34
5511 63
4336 72
3045 73
5079 25
9673 36
6794 5
5418 59
8034 68
7865 18
451 55
3327 19
387 10
322 10
412 66
4687 73
68 73
3930 41
541 67
6608 78
373 75
3380 21
7895 48
8553 60
4190 22
4943 31
8212 10
6163 11
4203 53
4312 64
9550 28
7567 24
3087 66
783 62
9345 59
1468 76
2520 46
9136 70
8965 69
4740 29
7831 68
4125 17
6196 20
1927 6
6753 11
9096 1
164 42
2017 47
2715 3
9576 2
5378 4
9782 41
8912 4
4857 43
3288 73
8591 48
6244 68
209 28
1900 58
9171 73
9942 31
9788 0
4230 65
2983 3
2368 62
3842 74
801 51
4620 40
9809 51
7432 41
3206 32
9735 74
8496 73
9167 5
4604 15
4086 72
1886 37
3484 65
5876 69
4451 72
6157 25
8995 57
3085 44
9029 44
2935 62
8195 67
76 77
7737 79
8568 23
1576 63
1780 25
7999 55
3685 66
5570 73
8448 41
7396 2
3265 55
1200 19
1776 67
6934 42
9438 73
3448 61
9172 6
5893 51
8022 34
3451 31
1670 58
2953 26
6427 56
509 11
7466 34
8057 37
3816 76
6684 61
1856 75
5121 39
6879 72
9890 60
9829 28
9434 42
3709 62
13 56
241 70
260 4
815 13
990 27
2343 51
3120 21
9696 61
5971 74
6591 57
2823 37
7815 15
5626 67
534 54
8429 72
6595 31
1611 15
1728 2
300 43
2840 36
6818 62
2403 50
1560 21
4217 28
4819 47
8571 65
6619 9
1693 66
1827 39
5009 54
2441 48
381 42
979 7
4048 66
3199 49
2602 17
6918 24
1166 33
8658 75
6715 47
5912 47
9722 6
8193 23
7642 54
5288 75
7504 65
9366 24
3324 18
4243 4
4636 74
4435 28
5486 56
3158 44
688 68
1407 26
5497 41
4089 79
12 13
6340 35
17 62
4245 52
7478 74
8130 34
7252 11
3257 59
3825 77
6565 62
4918 29
2035 30
2070 48
4508 37
7816 14
3904 2
5139 41
7634 32
2239 13
1398 53
833 38
301 4
1317 25
5362 79
4392 0
6962 60
9554 5
5027 35
9199 25
938 1
8177 18
9145 76
4495 79
5031 20
3889 26
3880 34
6370 41
2395 64
1905 16
7131 68
9729 22
5344 26
7880 66
4710 14
5999 51
7277 35
1599 57
3612 18
6009 67
5131 34
5042 6
3090 0
884 22
8695 43
5212 4
1300 15
275 4
2559 29
9838 26
1623 51
4308 65
4163 45
5706 71
742 23
5462 9
205 45
3889 70
7218 66
1058 50
2658 73
2244 10
4006 20
141 78
1836 6
8518 64
5328 55
2614 56
9944 52
9358 33
9180 32
5329 68
467 43
4722 47
9978 44
3996 33
9851 46
5455 36
4715 5
3088 8
7032 60
5713 56
4124 29
169 75
7299 12
9611 58
8293 32
9672 57
9021 14
791 35
5188 3
9815 54
5311 62
8335 56
9047 73
6541 69
7601 2
9628 54
8957 74
7208 0
6780 73
960 54
4848 27
5914 11
730 59
2818 56
4397 27
3945 6
2416 77
1368 25
615 17
7095 58
7892 44
9119 47
3329 17
3712 24
7009 14
837 57
2816 54
7397 47
1087 38
758 65
365 7
5161 37
8272 47
9357 11
8426 35
1420 26
9497 13
5322 53
6882 22
5349 42
715 1
558 39
683 20
5491 57
4339 51
3875 66
8826 59
2251 54
5884 7
6724 35
4314 19
221 74
4777 59
1912 78
7661 46
5815 8
7987 5
934 52
9201 42
5076 12
7372 70
8292 47
7203 11
6979 46
3387 11
6232 19
3832 3
3940 78
4495 56
3831 77
7976 76
2173 7
4814 45
9088 37
2994 11
4317 61
8090 35
9131 13
511 12
9358 33
7410 77
8360 33
8761 58
437 41
9234 25
3057 70
7928 53
1835 58
1481 31
8937 45
1015 75
3649 0
642 46
8039 30
2127 66
4984 18
2435 19
7778 47
7844 73
5470 0
1257 3
182 13
3618 76
2557 22
1516 77
9705 47
4021 79
7393 56
7225 11
7959 56
8596 15
2067 70
3265 79
2542 51
8034 54
3599 23
4364 72
3604 6
7697 54
7237 79
8916 76
187 49
4074 74
7822 27
9910 29
625 78
6128 10
9466 64
7160 6
6225 64
3983 53
791 33
8911 61
7131 70
2518 38
8552 56
6986 0
1057 23
5222 17
9703 74
6941 42
4986 20
7456 36
5495 70
2760 12
6445 59
705 41
8537 19
5381 38
6259 47
4606 64
5248 6
6473 29
9242 67
3621 55
2029 60
77 4
5749 30
5650 35
9806 26
6573 21
5237 6
1298 70
1251 1
5186 39
3376 71
4839 9
1423 29
4309 71
6682 26
4088 64
1313 51
5905 32
8098 33
3035 43
8145 48
6265 37
1653 6
8878 48
2514 62
8468 35
1143 49
5770 52
8536 49
5824 34
8990 33
6601 1
7826 51
2431 34
1474 31
9143 31
7590 13
8850 32
1464 64
454 13
436 31
5455 16
6869 17
8325 21
5116 21
217 18
5915 75
3472 61
9729 2
9067 46
5844 30
6959 3
1493 69
6249 74
9588 39
767 78
9194 8
5302 0
2996 44
1975 1
4483 45
3172 42
117 44
3804 9
8561 18
6657 40
1785 33
9245 43
9079 44
1515 6
3870 63
1768 73
6026 60
4833 73
650 4
2701 60
5937 15
9577 48
907 40
6031 40
7371 23
8799 36
1478 28
5772 60
8999 69
835 74
8402 28
1025 1
1228 16
6357 77
9307 79
5451 40
3982 45
4455 54
8907 67
2427 15
720 22
3715 70
1921 3
1709 58
4369 69
5706 24
7148 34
1527 27
9934 40
3782 18
2201 79
3938 44
3644 59
6080 2
9900 65
9095 0
6808 35
1660 34
7994 26
2158 8
4921 79
4551 21
5011 70
3603 42
7426 23
3068 42
5149 10
119 9
8016 47
2574 54
7515 55
5843 34
8310 18
2306 28
9885 6
6282 58
7489 40
2412 6
5512 11
5051 34
9364 2
8892 10
7990 67
2103 69
1400 59
3845 71
1375 56
1478 70
603 38
329 39
9291 57
221 53
2525 20
4270 29
8031 68
9719 40
9803 77
4577 38
2093 46
1732 67
5159 3
5990 73
4644 7
2208 19
9752 20
7290 56
7322 73
2198 28
9516 23
2271 31
6900 39
7467 16
5651 27
876 18
8872 64
8500 72
8174 45
9402 0
9126 10
6482 42
3674 16
4326 36
4920 9
7503 51
3688 20
239 16
1126 7
8333 60
9463 65
4867 33
6998 59
2075 71
2603 42
8322 32
2930 69
2932 49
7793 77
3783 29
739 13
910 47
1045 31
5760 20
4393 25
4409 34
3456 34
8220 41
5917 37
1153 5
1066 65
4098 61
6188 42
7414 59
9691 32
8499 8
1531 25
8963 67
1580 46
5398 30
7788 79
1745 70
1261 36
5048 61
654 1
1995 5
8133 36
8813 43
7256 14
5748 13
4534 76
3196 41
4751 66
6044 52
9764 3
4806 20
4378 15
1487 11
3563 73
720 64
9266 35
9059 59
5328 56
8443 61
8043 6
1377 74
8969 55
5604 52
502 74
2385 37
3704 3
5129 9
7582 27
3189 21
9403 69
7604 24
8420 31
9547 44
7768 17
3727 9
2922 53
9227 71
6882 66
1286 77
8853 23
2189 11
2141 1
2743 48
336 73
4702 9
778 29
7596 23
1596 57
8975 59
2233 66
5309 49
7339 31
7665 55
8312 20
842 8
3346 60
4217 57
9556 18
5264 78
3295 44
6895 74
7150 37
5240 18
4925 54
3823 29
4279 0
1852 11
8423 72
1388 14
7117 47
6576 41
8284 77
1959 51
6529 74
8810 24
7558 41
5461 77
3266 17
8145 77
9841 8
6792 5
8301 46
3491 41
5801 52
3428 49
7556 56
6810 51
6963 14
1029 30
3949 60
3635 16
6380 34
9642 5
3707 4
3824 60
6003 37
719 24
4044 18
8775 0
741 24
4997 19
9636 2
6536 12
6842 4
5574 29
5645 29
991 11
1963 60
194 22
7582 3
4323 19
9455 16
1938 8
4470 61
8525 52
7079 54
1777 24
8108 67
5666 38
1418 33
7726 36
9125 65
8379 13
3330 44
6859 69
3134 33
2028 38
8413 61
9134 60
7433 6
4759 25
7325 36
5394 53
5482 12
7865 38
122 59
813 8
2562 75
3950 10
860 53
2995 5
8796 35
3763 73
3258 48
7973 5
2440 15
1792 19
7366 37
5074 30
6609 68
129 49
1240 68
8212 77
5719 0
5023 70
3485 11
3385 43
9941 29
312 32
1504 14
2797 41
2215 13
6643 38
4272 77
1832 54
1458 77
1887 57
3872 34
1793 38
5549 36
1598 21
6225 50
2361 58
3145 50
3153 30
1728 73
7781 76
7793 67
4213 37
2703 48
6494 33
3190 44
5917 35
5573 25
9649 55
8313 42
1330 74
3034 30
9860 22
6137 55
1360 41
882 23
1988 33
1059 71
6510 6
8587 67
6094 3
9114 20
9291 51
5365 27
3954 68
6446 55
7398 11
4170 20
8298 4
8954 32
5719 67
2655 27
4949 60
9231 58
7727 75
1974 40
3022 17
7508 58
4052 13
5016 77
8657 66
1370 31
3095 58
5199 22
6873 55
3936 49
9853 1
4540 25
2993 66
7314 67
7546 58
825 69
958 31
7829 2
4741 20
3617 68
4651 69
7879 53
886 28
6350 58
1938 4
83 77
1720 24
9052 69
8175 38
4059 36
2947 5
9748 45
6224 48
5710 63
4092 14
1485 51
3200 79
323 30
9783 54
3440 3
3214 30
6764 8
2114 42
5230 35
5881 60
5396 2
7167 17
3397 52
1684 40
9831 54
7150 13
6805 30
6832 23
7671 29
2439 74
8134 37
7670 9
4464 40
1971 60
8019 24
274 73
6631 16
8251 50
7408 62
2375 60
3009 11
1970 23
7423 25
7996 78
8304 24
3201 29
7689 36
9231 26
8523 79
8252 66
2632 22
7904 1
8939 3
6832 60
333 31
3699 15
402 17
3495 46
5368 56
426 10
8940 65
3748 3
5553 21
4065 52
8348 17
2301 31
2609 67
4948 6
4632 47
5080 67
3112 44
7680 37
7771 45
9266 40
5958 47
8779 79
4863 44
256 48
3092 42
4296 28
6455 68
9437 73
1773 50
2070 62
6716 39
1220 75
4794 71
1199 3
525 51
6727 7
9706 19
2062 48
2711 78
223 72
19 41
8375 69
7216 74
3118 3
1478 23
9762 45
9889 0
977 8
5292 38
7615 28
8058 22
266 16
9820 54
3748 1
1390 11
9253 14
5446 37
4621 35
1203 71
838 0
732 55
1327 54
5254 62
412 45
4883 12
7709 21
6806 59
372 55
9327 14
8834 54
1391 7
664 24
9225 50
3502 27
9226 1
8327 70
8388 68
5794 77
7540 4
9344 48
7085 77
9269 49
3836 6
2015 64
5960 30
3368 69
6389 5
1872 40
5993 52
3097 16
6224 10
6513 71
5108 36
3190 71
803 71
9856 19
3530 45
7066 20
9152 26
5646 31
9756 74
393 79
8508 26
5206 52
7414 63
4872 55
2178 6
9930 56
7899 9
9802 23
7126 11
8030 44
5366 17
3564 51
6966 28
2168 71
2669 7
6284 42
8023 25
240 46
2393 24
4230 35
4464 11
7899 78
1261 41
4713 34
5393 67
4938 77
3505 43
6351 2
3572 32
6855 62
2468 7
7169 25
6147 71
1042 11
5477 49
2941 25
4072 27
6654 75
402 55
5760 43
4635 68
8284 59
6471 1
6809 51
6300 41
1426 6
2324 0
1496 49
179 56
8127 47
7976 48
8444 28
7488 42
4739 68
6818 39
4740 6
5362 2
3805 42
8104 22
1330 44
9061 12
7716 37
9429 37
3262 21
9642 64
4820 79
5684 24
1367 32
1380 29
6182 45
7024 78
6733 40
1235 16
978 14
3942 62
3197 1
3714 29
2673 29
4557 26
6641 25
2633 2
8815 76
6674 29
3062 10
1362 56
8029 73
9968 78
2328 4
9785 3
4319 11
6949 77
9673 21
9614 15
709 51
6986 67
3360 18
54 3
239 77
1000 51
3468 45
6719 47
902 46
5458 45
2454 63
4003 31
6345 21
5036 7
2919 76
7905 7
5286 12
866 52
4633 20
2658 6
3906 21
1484 47
2142 13
7645 21
7573 47
7085 62
2381 28
9278 23
2428 32
1136 17
2951 59
5068 24
9445 10
8028 1
3765 65
9652 48
3325 72
1672 51
1196 15
6333 63
9340 79
9324 53
3073 31
7548 0
9418 31
9765 13
3357 21
9631 55
7147 66
7493 31
651 79
3326 37
8321 73
5437 53
8253 55
2671 48
9887 36
9645 22
8035 61
2569 13
1985 56
9313 65
8546 62
5480 24
5646 40
6671 1
4852 66
4109 56
6067 78
2684 72
9209 39
2226 78
7964 0
9537 37
1192 9
8699 20
5307 77
9787 16
4826 59
5226 31
5003 15
5584 58
6905 61
3810 46
1989 25
8772 0
8356 5
396 42
4964 56
1062 71
4993 40
836 22
244 20
5723 30
867 48
1695 79
7051 45
2795 64
4465 36
7189 43
1987 79
1137 17
4642 53
6765 43
1819 16
2878 62
3239 61
5745 58
4339 79
6140 64
7814 16
2126 77
9921 21
6434 71
6750 60
4811 18
2462 21
1201 16
6370 42
9305 35
6050 12
5978 64
5200 12
1907 66
559 35
2316 24
883 31
6835 60
3601 74
9600 33
6418 72
6390 72
2646 77
2404 47
8300 56
9280 23
284 32
2570 0
7045 26
753 19
7632 52
9432 76
2172 49
4753 33
2623 49
1359 52
4989 45
665 1
3735 12
3028 4
3007 36
8151 42
865 0
8397 18
1978 42
3807 65
8676 22
235 62
1292 75
7666 16
9808 15
2111 34
3107 61
5768 64
4008 6
8802 34
9392 33
6198 66
6920 16
6060 10
4515 1
9091 47
5117 45
8372 20
7734 17
6596 45
9220 54
5651 65
1698 79
6630 26
2818 78
6637 29
2800 36
6301 48
4265 52
2844 45
9236 18
4493 2
2548 77
6914 1
8941 37
3711 11
9651 75
1847 52
7961 5
3952 19
5325 10
4968 9
7019 0
526 75
7605 79
6388 77
9485 1
8309 13
5059 41
2326 73
639 78
6377 79
2593 66
7655 31
1743 35
1796 14
3511 45
6817 26
7898 25
7612 5
9743 55
118 48
2647 19
4612 5
1501 39
4674 49
3943 45
6236 44
231 31
5036 70
5681 45
2507 16
4703 58
8387 4
7270 68
5939 51
4836 14
752 41
3280 60
6350 30
1292 25
2224 27
3151 40
924 7
7340 6
353 46
471 24
9239 77
110 39
6196 60
2720 20
4731 8
8140 25
1335 28
3326 14
6948 75
14 53
3352 77
7638 3
6078 4
9039 27
6505 41
7068 40
8405 24
4034 54
2904 53
7597 78
224 9
6656 13
7927 13
3354 47
8058 33
367 13
5999 42
5520 16
5801 54
1940 33
4390 77
6102 32
9224 54
3042 44
3203 51
6949 37
6926 10
6767 60
4479 32
2448 67
1054 52
2925 6
7041 54
4591 54
3922 34
9495 30
9754 13
5302 4
3193 43
8518 62
48 10
7866 61
2241 14
3336 43
5536 10
5974 61
4189 72
4324 52
1863 37
8688 70
551 44
6081 52
962 13
1473 24
7495 58
4375 30
3542 78
5739 43
5688 58
5236 46
8718 77
3066 17
319 32
1587 75
5424 43
9759 70
7336 23
6842 73
8981 33
1565 17
3077 72
2385 1
9656 67
772 18
9325 18
8666 56
5594 79
4577 52
5540 16
9137 79
4035 45
6931 74
117 8
450 15
1963 62
1961 51
4002 8
8996 58
2111 14
327 71
8096 57
1141 31
3843 3
8679 9
6315 30
9861 20
8126 45
6031 53
8173 35
5548 75
3112 38
5271 49
3627 15
9208 47
5671 34
8431 77
1878 52
1109 70
3650 45
6404 68
2756 28
7774 78
9396 1
2947 27
9298 11
3263 65
5241 15
4852 15
8321 1
7236 35
5267 50
1116 9
7957 55
912 64
2209 50
9013 42
4069 63
9485 49
2106 76
5854 1
8813 69
3911 5
3361 76
5740 17
666 2
3673 10
9124 4
2007 29
4715 53
9040 19
5630 68
3231 63
4406 74
8353 64
1928 18
9702 10
3380 53
2433 75
793 49
1230 77
3356 5
513 39
369 60
2251 48
7306 51
8380 65
8959 57
9880 5
4532 34
6857 1
4705 39
5893 58
2441 62
3268 7
8563 50
6376 52
6263 63
9512 79
1570 44
4344 67
7715 69
1111 15
9350 67
8798 67
2839 75
5904 22
1738 64
7894 38
3373 37
1313 13
8899 51
9796 76
2613 35
1577 71
421 9
8148 76
4665 62
4839 50
7931 8
7663 42
4319 40
7606 36
3917 15
9955 65
1668 30
1294 16
6687 9
7644 24
8322 70
9981 65
441 72
8798 79
4788 67
7537 28
5318 27
838 48
1475 62
8157 15
3958 42
2262 16
604 28
8482 6
1352 6
9557 13
1532 44
4120 50
1235 76
8295 79
7331 55
1566 50
2667 48
5222 41
3207 64
1015 28
653 36
773 70
674 20
6750 17
9373 32
1533 62
1046 73
257 46
103 41
585 48
9549 48
5995 23
2701 12
8782 39
9859 20
181 29
1729 65
2999 24
4838 9
5870 23
885 42
763 47
7645 32
5389 41
8455 3
7728 7
4105 48
1180 65
8361 49
5582 33
5175 44
5373 70
6122 53
8967 73
5631 17
4084 10
5829 40
2152 21
8471 70
7110 55
1175 62
5313 23
2936 43
2124 35
2509 5
5008 8
9661 60
454 77
4303 36
1279 61
9660 14
2493 63
6864 46
7301 52
5356 62
8670 12
765 15
2121 37
3112 54
448 65
505 11
5474 34
6692 74
1102 37
6985 51
5623 9
5553 36
8967 42
3404 65
3083 46
2565 29
6861 75
6039 72
7456 19
9163 53
1461 78
2770 55
3839 19
2611 7
9967 18
7660 53
1457 48
7711 8
2295 79
9750 67
4771 41
4233 55
8284 26
856 63
4312 40
2154 60
2436 48
783 45
9301 13
3802 58
2663 39
6683 77
3634 22
6670 14
1601 50
5439 58
6675 41
5969 15
6337 27
3702 7
8104 6
464 78
5483 73
7245 49
6743 7
7786 69
2253 10
1821 1
4218 48
533 74
5004 39
3341 57
8913 1
7735 58
7603 36
1016 52
2267 49
8911 16
5864 14
1258 24
3980 34
695 29
385 29
9804 52
3146 34
4578 31
8796 65
9477 52
5859 5
4048 60
7946 39
2930 42
3139 45
9585 37
9592 19
328 36
8460 20
922 70
5359 21
8575 27
2742 62
9855 2
6350 6
4768 15
2889 58
2307 8
8509 41
3821 29
1144 79
4171 34
9125 76
9982 75
8950 17
2834 19
8410 54
4204 40
6353 10
7312 6
9152 8
4313 30
8976 3
2101 19
1433 46
4734 18
9180 43
1661 43
8357 29
1290 32
5077 11
5075 9
5845 52
3259 33
1890 42
9304 48
3380 29
7531 6
7584 21
3726 65
8621 58
4832 75
3629 19
731 52
7266 10
7559 23
6045 73
2087 43
8901 35
9831 56
7918 49
383 4
2769 55
2163 26
4480 67
4521 5
247 49
7886 46
8324 62
658 0
5877 55
3139 68
7778 60
728 46
6288 71
117 51
5163 19
6984 70
5463 43
9127 61
690 1
3322 52
4709 39
1988 46
3304 45
5832 52
3634 39
5124 12
2894 26
1202 6
779 52
7972 37
6885 21
636 41
4546 46
1758 69
1299 20
3316 66
2004 32
3773 31
6458 54
9376 3
235 64
1329 17
9626 55
9902 39
573 46
9611 19
6260 26
3230 65
1988 50
3287 38
7290 63
4033 18
7542 79
8533 38
5265 45
9789 66
810 53
4858 9
3071 22
243 36
9966 40
9280 47
9464 39
1570 68
517 12
1307 50
1160 6
2799 41
4057 42
9533 69
3527 36
6194 37
7807 9
241 23
2199 43
8064 18
2196 56
2994 15
3667 47
6643 36
2571 31
1561 62
9735 78
2165 11
4521 19
4278 2
7110 18
1865 15
5137 1
2441 47
7125 27
2366 4
510 16
7488 69
8583 6
592 70
5607 49
2379 79
6590 59
480 11
6840 0
7387 63
9994 72
2683 21
606 49
2177 53
4731 73
8528 47
6673 21
5657 71
1420 17
8396 13
2382 21
3185 72
4272 32
4246 14
8476 3
5634 2
2445 76
8613 75
7945 14
3602 45
8778 9
2113 23
4026 28
4552 24
4294 19
4611 30
4433 30
3655 77
1934 65
6225 56
4983 1
8048 78
554 34
9560 4
2962 26
3559 12
8384 48
6730 31
4304 7
4086 76
813 1
5380 45
7887 18
7454 2
6455 50
4818 76
7924 78
273 24
7405 28
6881 37
9785 9
6860 20
4652 66
7237 44
6357 43
8830 39
4111 78
1254 13
3018 35
861 27
2647 56
2355 79
4602 78
6093 50
6628 65
1943 18
1235 49
7882 43
2510 49
7512 34
4955 12
9995 78
9300 15
5303 19
6643 38
1220 76
4332 7
2004 4
3500 69
4278 66
4959 34
1355 15
5610 5
4534 4
1765 19
4626 36
8326 77
1018 68
5799 38
9425 3
1953 16
7633 74
7116 66
1504 17
7297 55
7848 42
4552 69
9244 30
1287 25
5862 51
1796 28
3355 39
5286 4
6490 60
9321 26
5890 0
3827 35
2050 23
3626 61
3427 23
8997 40
3920 16
629 46
444 6
6135 48
1531 29
2799 15
4496 15
4758 36
6278 76
6916 76
2393 31
5752 52
9919 57
9908 13
8016 61
8236 59
5457 23
2023 32
9641 57
2661 48
6523 20
3326 48
2450 47
650 16
2995 7
9574 18
765 36
4399 55
9680 35
5895 21
7315 69
181 54
5695 19
6005 47
9366 76
9563 11
3473 14
9638 36
8689 60
7606 46
6225 50
9974 16
3880 66
3636 15
4465 57
2788 25
5020 52
2525 27
9221 25
5491 0
4436 51
1593 38
796 61
6091 30
9812 58
3117 16
9041 31
9887 9
9439 30
7272 34
5228 32
9251 62
2382 45
9773 15
4139 11
2106 22
9985 17
1656 69
7862 55
9428 67
9333 12
8936 43
261 36
3283 1
4543 60
2838 51
1920 74
5602 71
9263 70
2501 55
888 31
567 37
4380 43
1224 45
8650 79
5684 38
5641 23
1503 36
4740 51
3282 77
3992 31
4585 5
3425 77
7310 9
1804 0
4411 5
2153 8
8411 34
6778 37
9822 48
7176 41
2074 11
9509 15
3765 77
4679 66
6389 48
5184 60
8602 46
6622 60
8088 23
8414 34
6471 46
3104 74
3875 32
2181 50
8578 34
7159 74
927 23
5633 71
4424 27
4273 68
6891 30
1429 6
837 0
1044 10
5955 69
225 30
8328 6
115 41
2280 52
7460 7
2913 73
5058 4
753 29
2700 4
8579 2
5302 29
5386 44
342 67
1953 0
6825 62
1547 40
935 73
3638 17
4001 9
5834 49
2776 40
3983 72
1577 77
8277 50
5902 26
42 21
5073 18
2725 14
4825 52
5619 2
9920 25
4657 4
9032 70
2682 50
1740 30
8770 12
4491 56
4009 51
7046 8
6537 25
5836 44
8135 10
8956 21
5986 70
2809 48
1551 43
526 16
9860 59
9414 42
466 79
612 45
136 56
8213 44
9337 29
7365 25
839 22
6740 15
1494 68
3696 44
1464 58
3309 57
3541 28
6176 24
5618 35
2060 73
8960 27
825 25
9263 25
8586 39
2584 75
8060 20
210 14
4788 39
8434 22
1647 10
686 30
2758 52
2769 76
3314 52
3540 0
3329 38
6391 73
4239 69
482 52
7132 78
989 18
2572 13
8298 68
8322 7
5337 54
4706 35
5603 53
5071 21
1920 78
4026 55
2714 69
8494 22
7004 30
4731 55
3664 12
7335 21
3854 4
1829 57
9252 77
3453 52
1154 54
9746 27
6810 35
5140 47
7173 6
8161 23
6788 70
8990 61
8895 79
3082 35
2436 70
7275 48
4043 22
6969 26
5143 60
4190 17
1951 43
6835 22
7200 77
8652 23
5747 7
4211 8
5101 40
1457 78
4462 30
8246 59
8225 37
1595 2
2799 76
6007 70
8364 53
9534 51
2159 41
39 24
9221 54
2762 0
5552 7
898 28
5497 14
2521 30
5765 0
8399 37
8295 45
7339 16
8120 58
3648 64
3485 77
912 62
2680 4
1586 22
2316 19
6737 15
3004 24
690 24
2769 45
9609 65
347 57
8372 51
3800 67
9644 61
4307 4
2395 44
4590 23
1256 6
1467 64
5374 19
7061 55
811 56
2937 64
8701 49
1946 40
1677 11
8867 61
3182 59
9225 26
7112 62
5624 30
9452 78
6813 56
261 46
9444 49
6509 35
1136 70
6651 78
2502 17
2513 74
376 67
3368 62
8956 48
6883 0
2365 38
2793 39
6907 59
4929 11
3369 19
6019 27
6738 11
6003 10
3007 37
1226 7
4507 64
539 55
420 35
9608 17
5623 22
5427 6
4088 28
1703 27
3028 49
1601 69
3605 60
8597 0
1099 34
7767 60
2693 39
8111 52
4743 17
3402 12
9916 11
8878 38
7890 50
7995 49
6566 0
2413 0
3205 66
1778 2
4458 24
7907 18
8770 25
1848 29
3977 33
3266 60
6662 56
5947 13
9025 31
7985 66
7235 58
9697 6
6542 37
4046 71
5196 20
9424 53
291 75
6675 5
8572 6
1537 50
1547 22
1352 1
8966 9
6501 47
4842 52
3946 57
7000 48
8553 71
7043 47
5824 71
6490 73
7788 66
5608 55
6633 13
6852 59
3554 45
7503 10
6588 71
3208 56
1516 20
8200 62
9456 46
452 9
2771 10
2577 34
433 18
1131 70
7029 45
9328 50
886 77
6201 61
5276 68
9621 18
5666 52
4800 24
566 18
9282 32
5462 22
6128 58
9145 50
7506 35
2545 60
5127 15
2622 10
856 16
6335 9
7654 49
5548 42
6895 17
4185 10
2469 79
457 28
4892 46
8399 53
3932 21
7567 35
3154 54
136 27
5408 40
2156 62
870 4
7527 71
5064 25
6763 35
2091 28
6735 78
5348 15
9688 38
4536 12
8208 78
1678 15
4006 49
1267 62
9889 17
3123 5
5585 75
251 18
5315 57
9283 10
9468 52
5248 22
8343 67
1108 62
4628 52
5020 47
7849 6
7122 76
8010 49
4613 79
144 67
3141 42
8049 7
5295 15
98 20
2443 8
4563 47
3688 35
9636 62
2805 14
5023 43
3832 59
6753 0
6218 16
9763 53
2366 78
7920 52
2647 75
7717 21
3678 78
8798 43
9374 7
6431 42
2973 40
1210 51
2026 52
5401 45
547 67
8945 2
7415 79
2164 35
7361 62
5585 41
620 12
6780 57
5673 20
5930 35
7539 10
1021 24
6449 8
8042 21
2329 52
8466 16
6446 11
2447 62
4778 44
2456 14
9727 3
2673 6
1721 32
7405 72
8218 3
9962 32
5194 23
6498 29
5757 56
7869 73
2138 18
9639 39
5890 24
3907 24
5070 29
1551 26
8149 50
8920 14
6320 77
8238 52
4248 50
5866 37
4887 65
7198 61
4155 43
1685 35
5284 2
7262 38
1670 77
7120 5
3650 52
2323 75
8572 62
3480 38
2275 5
614 3
8015 35
4560 23
440 43
8069 60
8149 22
7698 6
1572 8
8189 33
526 46
1520 41
1165 7
4581 69
52 12
5904 65
5502 29
1077 23
7783 74
98 10
6110 10
6651 46
7202 28
3182 23
743 72
3219 12
557 0
2460 56
3810 40
4782 45
7451 15
5408 37
7555 41
9944 38
7165 59
4837 1
5051 35
6560 24
5979 33
7165 57
1724 5
7402 28
378 22
7238 69
4891 76
3494 5
2376 60
5569 4
5167 61
7752 19
9585 11
8626 17
5714 40
2745 28
1506 10
3131 34
1095 53
1780 51
3845 53
5568 36
5768 71
9681 67
4118 69
6293 34
7297 45
910 66
5635 30
1781 62
7548 62
3507 16
1800 26
1464 36
8926 74
3667 7
5447 32
4714 43
709 62
9080 58
924 65
649 36
8379 29
1004 56
2471 22
9994 11
5721 57
4800 71
7318 21
4055 35
9095 9
8358 59
9746 75
6473 44
3771 50
4645 78
6017 49
8959 14
1178 33
2294 23
7691 26
7731 29
4058 45
8693 38
1781 64
9684 36
3292 23
4138 3
5664 27
6685 44
1689 10
6334 36
782 12
9935 68
7923 13
3360 37
3168 11
8858 71
4911 78
1456 15
3675 78
7871 59
6348 54
1869 35
8993 4
7646 62
9866 9
3540 30
9034 19
3222 25
3203 20
9035 69
2277 47
1520 79
4598 47
555 23
5609 20
1424 60
1586 75
3647 32
1401 72
2556 55
5375 19
8378 2
8955 28
2661 2
9829 44
735 75
9743 42
8675 7
3169 70
4442 35
2188 21
4800 42
7984 42
275 28
8668 61
5463 75
8899 43
3774 50
5608 42
476 67
2274 7
726 27
2232 78
285 19
1828 37
5424 70
2081 70
2235 26
3703 71
4636 13
5932 23
7983 77
6836 55
9744 68
3202 66
6899 79
1501 11
6395 25
4708 50
7413 8
9940 2
7476 68
3348 42
5867 47
1427 70
2818 38
6968 57
1021 67
3364 57
2391 43
4276 71
1242 75
9454 26
3698 74
7044 23
8562 10
6030 79
7649 17
5052 21
4194 79
7404 58
1697 43
922 71
6921 14
8483 70
7926 27
8624 62
9983 26
6025 73
5353 16
5321 19
517 77
8860 1
6087 17
7948 76
9445 75
787 57
5285 48
5230 38
307 69
4444 35
7830 73
4903 42
1051 49
7752 76
6644 1
8116 10
4066 52
3072 77
5965 41
1401 18
5811 10
1345 37
5459 57
4415 25
8833 58
244 50
615 39
5710 47
7204 20
9006 39
7538 0
7489 31
1085 36
5924 53
463 11
1019 76
302 46
2748 52
4610 11
5571 37
9470 33
2405 56
6304 75
7945 2
8274 70
6498 78
4004 33
8630 70
4904 32
5431 46
7561 29
1441 13
8645 28
9019 72
6340 25
5540 61
6275 0
9094 25
2786 8
6136 38
6682 13
4171 21
6146 56
8442 35
2044 46
1744 27
4480 18
8777 73
5915 55
169 70
9673 54
4219 37
5785 73
3678 24
6443 66
6798 32
2886 42
7178 15
5034 10
1702 44
5646 79
4109 2
4169 78
9257 21
2751 36
3655 18
6056 24
1708 2
8149 48
3195 11
7325 45
3176 19
5692 36
2577 66
1604 25
3005 2
5024 10
6329 22
3023 53
3872 4
5243 39
7687 64
1957 50
1015 39
8460 59
3623 53
6456 61
6265 19
6670 77
5437 16
3742 59
2615 59
583 1
7290 10
4836 11
1822 43
5662 20
8205 4
586 73
7262 56
8079 59
621 41
8734 55
5138 37
4750 58
591 15
1211 35
9158 58
7507 9
4738 36
3380 37
7864 29
1085 14
1934 18
2383 79
7202 42
7735 39
2823 77
1157 13
9374 44
9607 14
7701 49
330 37
9346 20
7422 37
3042 54
4890 22
1131 46
3891 57
3120 46
7216 58
9901 1
1627 49
7456 3
8208 21
8143 77
9471 14
1978 59
7067 21
5097 76
8312 10
4222 38
9682 66
8845 67
7549 75
8433 60
9086 45
4147 0
9137 78
5896 32
6749 66
6129 43
2458 62
7139 1
1416 71
9270 70
9250 44
5602 6
2671 61
3105 15
7952 6
1879 79
5132 27
5363 27
9118 34
4158 9
8642 72
858 26
8611 17
3000 55
4414 48
8238 39
4460 62
3331 27
8767 43
6802 7
6876 46
6282 45
3471 75
5076 70
5461 32
6486 64
222 11
5290 47
3936 76
7907 65
8028 2
5214 3
6361 69
6777 41
2445 16
7855 46
982 73
6383 56
5346 78
1473 70
2075 77
8109 10
7910 16
9144 77
898 19
5292 67
7690 51
2508 12
2704 5
2448 36
7490 64
6765 40
9280 73
5332 37
9271 73
9842 31
8649 29
8954 42
1763 9
9744 57
920 73
1907 33
1362 6
1373 25
5336 2
8788 64
5606 16
6208 42
2970 50
9617 8
3150 65
1534 20
6326 67
5514 6
5668 12
0 70
3351 35
7011 63
1254 79
9208 11
6168 15
6840 64
3625 67
4973 39
569 42
6911 70
2062 56
2205 57
8893 52
4167 65
3369 44
1166 72
8003 5
7488 32
4730 34
5412 8
1664 16
5949 58
8050 45
3425 68
5426 19
752 1
9346 4
6004 51
3403 35
9494 79
6923 61
4334 52
8910 34
4919 73
7300 52
5103 19
9779 11
4321 49
2890 18
4897 20
8021 49
8642 13
9616 24
5884 21
2560 53
5135 3
6791 3
8262 14
5330 15
3331 79
3784 7
8334 33
8034 50
5136 40
6403 38
2276 59
9564 74
3338 32
6651 72
8763 19
3943 30
123 34
8043 18
1203 24
2382 16
6318 36
6808 33
2996 69
5096 41
4345 21
9053 61
523 46
385 32
9110 61
9040 41
4224 2
7330 66
7270 65
8188 47
142 24
516 24
9515 29
834 5
5795 20
2996 6
3517 74
5116 28
2295 49
3853 39
1211 8
1722 61
9074 21
9868 52
9630 66
6371 12
9793 34
5685 44
5097 46
908 55
3264 49
199 59
4876 60
9668 22
3171 38
6126 5
8726 20
4257 10
8110 33
8837 73
7981 42
2120 31
5346 41
4113 64
7961 43
5866 27
7175 0
8463 44
7719 15
318 47
5232 51
2481 75
4306 71
6018 35
2314 73
2258 20
71 13
8607 75
9692 65
6182 71
1289 56
1029 22
7320 70
2153 31
694 23
7471 27
6074 12
7890 64
8355 35
9178 43
2180 17
264 10
6130 31
6484 4
1263 15
743 22
6945 25
5323 42
4522 54
1825 69
8111 56
8776 46
8768 36
7367 6
5353 29
3368 57
6392 46
2731 47
900 4
9630 30
6838 54
4294 0
1579 2
4740 29
6768 53
4016 37
9468 70
6908 12
8318 79
9458 50
6222 41
730 78
373 36
6600 6
5590 16
4644 78
793 58
8508 26
5997 6
1817 50
8746 38
8411 1
9837 20
8304 74
4338 66
7426 72
4904 11
8458 15
4357 21
6855 68
5849 6
4841 6
2992 32
6292 24
7567 75
1432 77
2408 61
5434 30
4026 40
1074 10
211 64
9911 75
492 39
158 65
4003 7
4537 77
2837 76
7484 60
454 76
9346 30
8052 67
7380 66
3023 31
2819 16
7886 5
3840 18
1639 62
8197 32
395 49
6771 54
3689 30
6329 69
8138 4
1858 35
4569 32
7450 63
5482 52
5776 37
7848 47
1515 10
7626 62
7441 21
1680 79
6133 10
2225 13
7918 36
6522 29
3269 47
788 20
9493 63
8349 35
6059 16
4627 32
2390 43
5033 50
4827 65
4684 56
8638 23
8829 39
3486 78
8806 31
9120 30
1280 24
2099 47
9709 46
9983 68
5564 22
2468 4
5745 12
9465 6
5637 27
2634 24
3861 8
9270 76
4770 75
7768 64
1912 26
9445 41
9723 68
3088 27
7184 71
8952 6
4650 47
3457 17
4523 12
5926 44
646 14
5180 53
8607 0
6406 9
1495 78
7363 20
4934 4
5542 23
7187 52
6827 37
4073 19
6360 74
4512 49
6245 40
8215 4
3367 48
3748 32
9857 25
1139 21
5290 48
3336 36
5763 13
52 63
9255 29
5621 29
3818 1
9731 54
4305 35
1932 1
4602 16
4541 56
2841 38
2211 20
1224 11
6037 43
4861 71
3638 66
8693 16
7999 16
4296 48
8321 66
8799 5
9502 68
6231 4
2952 18
6678 75
8881 76
2137 50
5671 47
9780 77
8116 70
7146 17
2657 28
2863 16
1318 12
2245 19
8198 55
5776 51
6342 49
7223 3
4863 73
4326 14
3724 35
1234 41
8280 4
4551 68
9085 9
237 18
5354 37
250 66
716 69
4454 26
9821 17
2531 79
1082 33
3049 68
4758 41
9394 76
3239 51
8759 45
7690 40
4416 19
4236 10
9376 14
8337 1
9779 74
3836 48
9095 57
5000 19
2677 63
8415 39
4517 57
9759 6
4679 42
5364 46
8217 52
9530 13
7432 64
3183 60
6893 74
1944 68
2447 11
2450 65
9365 20
6877 66
4535 53
8363 73
7943 7
5908 5
260 60
5348 58
1532 1
5014 26
5235 60
9613 34
3405 40
1973 35
154 26
3067 60
7857 48
4415 49
8122 69
5033 41
1991 67
3475 25
6075 53
5208 9
9206 24
1931 0
1755 30
6105 18
7863 78
5552 50
6927 11
8064 36
3714 15
7466 52
3138 68
1373 29
5880 16
931 55
1981 10
8336 64
1475 77
1432 53
5432 8
5861 46
6219 31
2419 68
3843 34
3457 31
653 55
9647 32
6140 54
1777 55
9229 2
3748 50
6698 31
4252 35
798 36
2379 29
9413 15
2680 11
6330 15
6652 29
5826 50
2379 16
8840 75
723 40
2389 31
6970 76
4334 29
3461 46
9494 56
1088 70
6443 50
4650 27
6845 70
6768 29
3576 66
2246 49
4250 31
7859 58
7633 15
459 1
5301 18
9387 64
8999 21
468 48
1270 72
6152 61
1926 41
9502 35
2040 2
1441 56
5885 76
9636 38
4567 15
7141 66
4264 23
4144 14
5315 36
3493 7
6567 62
5575 76
5775 67
8452 44
6169 15
1488 10
5671 23
5672 16
3136 18
8223 13
9749 68
6808 29
7633 8
1094 19
6368 25
6534 69
9657 45
3643 4
1252 31
818 71
1715 23
6411 3
3762 40
8540 9
7550 54
2440 12
7172 66
8437 13
638 52
3818 53
5457 4
8477 46
4766 52
5462 30
9601 78
2970 49
8736 21
2929 35
7521 42
3260 39
7959 30
5397 70
1305 31
5572 7
5011 49
6487 55
9300 42
9778 22
6922 25
719 14
9655 20
1027 32
1421 13
9121 61
5402 65
5197 45
824 77
829 48
3015 61
8628 47
2052 50
2428 30
4595 62
4599 64
7275 47
7549 7
5317 23
6377 38
1670 36
3269 21
3920 16
5229 1
6190 23
6276 13
1514 48
4216 41
9008 59
5724 45
3280 21
3455 18
7080 27
80 13
6783 56
8896 25
991 60
8523 48
9606 60
822 53
8831 64
8817 1
1334 46
9801 9
2953 64
773 24
6654 19
277 46
6194 63
1473 21
1896 14
542 11
6042 11
5458 1
4485 9
5051 47
6414 61
3045 49
9854 57
697 66
5048 37
3788 68
4498 44
6762 25
1634 48
2319 2
4246 43
9118 1
212 68
8012 44
7417 58
2830 65
7578 64
4252 32
365 5
3909 58
9651 63
3401 4
6215 67
2220 72
5403 19
7741 56
9822 36
7673 63
4676 75
3632 6
2640 20
7170 64
1812 15
702 19
7270 71
2797 36
1721 64
9988 45
3812 45
5445 13
9209 27
5046 60
9910 61
1976 25
3400 36
7824 3
2608 43
7398 32
7643 29
9515 77
6315 3
1184 19
8540 46
3580 34
3220 29
1010 29
6867 44
9077 1
9365 9
9383 51
5466 4
5570 37
7502 66
2146 53
4721 78
4814 3
4295 29
9350 60
7621 12
8409 24
70 56
3917 12
6252 10
3361 76
7968 77
7370 1
4005 45
305 51
2723 14
69 51
8964 22
4735 56
1702 40
7906 4
9469 62
1806 49
9104 50
2345 78
8371 73
2127 0
8756 45
2441 39
4039 53
3939 14
9881 19
4310 46
4747 41
2282 64
6432 25
7716 61
9128 24
8714 4
2229 78
9822 22
4974 61
4946 50
9416 44
6543 40
3757 31
3443 60
8947 20
5713 42
1754 60
2951 48
6196 52
8270 60
5 15
6823 66
5458 34
5499 74
3780 59
1178 21
9076 47
1786 10
9450 31
2130 33
1800 54
4027 58
9370 33
3551 59
9392 12
5790 69
123 69
9471 2
1894 79
113 29
4338 54
8675 61
2915 9
4232 79
6481 9
3264 15
1104 12
9932 52
488 62
4115 5
1511 22
5025 28
4853 16
9669 53
7788 28
112 66
8404 66
655 79
7408 79
747 45
9219 33
7364 29
1690 12
1402 58
4426 38
5756 67
8939 69
2365 4
549 35
9244 33
964 75
4821 62
885 51
9987 14
6571 53
2263 6
1198 44
8661 44
7236 55
1386 33
5605 77
541 25
6202 62
7391 67
5656 50
9158 25
7057 64
8595 54
6375 61
137 62
5668 31
6428 47
2648 28
4170 34
3133 20
7744 62
3926 8
2051 25
5341 53
9422 76
9587 49
9633 34
220 49
7598 76
5757 4
7126 4
5914 64
3002 28
5657 7
4582 19
979 21
7659 3
3553 25
7459 58
9254 14
7239 18
3297 52
4622 15
8474 64
9480 69
8896 61
8722 4
7723 45
9136 49
9815 64
6691 34
7679 15
1649 21
9744 22
7630 13
7163 44
3794 59
6029 32
7154 5
9347 65
8192 5
4236 26
6227 1
1218 73
5323 18
6050 59
7140 67
1430 70
1550 72
1928 65
5582 8
8276 4
7792 73
7972 8
4281 55
4336 58
1690 16
2405 49
7668 15
5847 25
8559 34
9360 44
2948 43
5453 77
6511 0
3812 16
5108 47
186 25
6571 49
1720 79
6568 41
1567 29
7440 10
387 21
9421 66
440 1
8846 7
8673 24
3355 13
1810 41
6138 1
8159 70
2454 36
4947 48
5855 7
2806 43
8773 48
8863 14
7086 23
781 42
6057 63
207 4
9232 20
5097 65
37 77
1361 77
2138 78
3848 72
2401 78
6733 13
9225 31
1146 31
893 31
9191 35
8964 74
4223 21
720 58
6836 72
3867 44
5693 77
221 48
3807 62
1870 61
1272 8
1060 62
5584 51
9722 77
4706 0
5064 43
6572 78
6054 41
6388 24
5303 37
6621 62
3845 53
4086 79
252 9
2812 64
8309 0
9512 11
991 10
3803 55
2236 5
9344 32
266 55
4304 67
8115 6
2396 57
5409 71
2688 13
6888 17
3415 27
1560 13
6513 22
835 29
8188 70
5127 70
7893 77
8528 27
1936 53
9689 39
6325 24
7162 70
4149 42
6111 33
4750 39
7911 5
9293 53
2328 31
6218 37
4017 6
505 60
3017 68
5277 24
9900 18
1774 34
2753 64
362 79
4460 62
7228 65
5148 41
1377 16
2921 5
3019 17
9980 4
1563 65
9888 48
6794 65
2201 43
3906 77
9871 48
7345 42
2948 21
5240 76
1951 0
2304 49
2197 19
8220 14
9626 37
2125 52
8865 14
4934 30
2895 79
853 25
326 76
3490 32
8689 71
358 67
836 11
6314 4
3606 65
1863 47
2395 34
5069 51
1311 41
2786 16
4516 52
3367 79
5224 7
4103 8
6065 13
685 21
9444 77
5653 33
5031 5
9291 75
6974 53
4109 45
9112 26
2537 52
4320 37
7457 27
1019 7
783 72
9004 60
463 35
2359 18
7998 31
7588 68
2050 22
4592 39
6351 53
5223 48
7431 65
8884 79
4416 52
4576 61
2790 8
4956 78
9786 15
5203 66
623 76
2697 78
6141 2
1546 33
5388 56
5744 22
9085 69
3047 70
8884 13
4516 71
744 56
2441 68
3290 11
7215 26
6465 54
4642 77
3868 73
9155 37
4273 20
7243 8
2513 9
2648 21
3225 16
7248 10
7980 23
7185 35
8614 68
9779 0
1584 56
8696 33
0 18
7302 0
9310 13
9807 44
28 7
2661 29
3789 31
8270 25
3343 25
4913 34
1333 34
2536 57
2126 27
7968 51
5498 4
8642 54
7874 6
3243 17
6241 28
540 38
1670 31
4769 20
726 77
2474 5
8278 22
6779 0
7353 2
1541 12
1150 50
6579 67
9594 49
1112 62
4378 39
8066 18
3895 27
424 23
2630 65
1180 33
4798 7
4936 29
208 24
3942 42
7055 28
4831 49
246 60
2443 34
4599 69
3500 28
8877 57
66 9
5593 44
4659 68
8167 17
8426 72
8202 50
8969 6
4491 70
6659 2
3330 50
3894 59
5391 63
966 21
780 3
7947 5
2641 63
9765 56
8622 36
3728 48
228 35
5451 60
4241 48
6505 3
9944 34
5928 45
2660 58
4162 46
6102 61
4163 64
6553 79
2203 44
6511 30
9057 68
8496 40
9547 48
8624 74
64 51
1219 7
2384 9
458 49
1905 15
5297 54
5522 63
9549 10
2523 39
9466 13
6481 69
7119 73
5892 1
1038 75
2084 39
1980 59
2189 63
7537 9
8741 43
9124 54
4583 61
6811 12
6247 50
3801 27
925 46
1899 2
1920 53
4463 22
4326 67
9917 65
4541 74
6069 26
581 70
2409 60
6105 46
8972 38
754 72
9176 16
8590 25
3568 36
4215 41
2806 64
793 79
1191 23
5441 14
4111 46
7927 11
5604 58
577 10
7254 35
4584 68
2025 53
1706 7
6389 36
957 58
5575 57
7349 28
7350 77
7816 40
1152 0
1468 38
9221 7
8960 33
8660 64
4745 64
5878 3
3290 36
726 39
1885 13
639 45
3836 41
4359 77
5182 26
2577 44
50 35
1754 55
3946 79
8219 30
3669 46
4553 63
9888 12
4769 46
4662 15
860 15
6209 46
6744 48
1797 73
7173 5
1575 25
9392 49
8390 36
8743 13
2996 44
2881 25
7996 70
8596 77
9537 2
5907 10
5946 76
8420 17
6253 29
1326 47
8171 46
1915 69
6568 59
4254 0
8236 48
8459 73
2218 35
400 27
4120 61
4480 43
2795 6
7037 73
8173 76
9550 67
5595 16
1812 16
7388 13
5250 32
8127 53
2996 77
2756 26
439 29
2039 54
9695 71
3757 8
6707 48
1338 60
2866 49
9190 69
9684 71
361 73
1271 70
1063 9
7415 75
6696 12
3276 29
6397 7
641 62
5014 27
4464 4
8773 58
1716 78
8521 23
7967 37
6786 74
6843 2
4185 29
8830 38
3829 71
3551 73
7489 50
1261 34
9935 42
2374 32
654 20
2200 35
3528 56
71 42
2973 13
4794 58
2199 16
3558 23
8370 49
3832 50
5015 42
4878 79
4520 44
3824 50
9991 71
7335 70
1641 54
7365 73
272 21
3179 39
9036 1
1804 34
5803 58
1937 43
6462 55
3995 79
636 54
2673 49
8181 62
6502 32
6932 67
1189 5
642 69
8434 43
5284 70
7894 11
2208 38
7268 34
9010 77
2610 34
5096 36
5730 2
7489 64
5312 51
7169 12
3292 0
6672 65
7669 48
8005 5
1692 60
9061 78
4574 39
7753 65
5795 15
7268 28
8905 15
3438 44
4798 30
3392 43
2291 72
5028 73
2776 70
2490 70
1974 12
1068 74
3639 16
1488 65
5179 2
9576 54
8943 28
1352 27
9148 7
486 18
6447 71
2687 44
8653 4
2616 75
778 55
4940 21
9517 29
674 72
3331 75
7903 20
1091 14
172 58
9628 61
342 79
1533 30
8362 12
1729 65
7319 38
8551 29
5709 53
7247 37
3863 3
8718 7
1962 2
9646 65
2229 10
468 32
4500 15
5878 6
3899 43
5529 23
9735 45
2220 16
3752 13
4468 37
6428 74
7594 22
2719 3
4914 29
4963 62
5828 70
488 24
7971 27
6537 74
6796 59
2039 4
3272 23
7052 40
7740 73
7542 54
8161 17
8229 16
7176 29
3456 9
5703 20
8954 30
5791 63
6642 1
7135 68
3408 46
6286 17
1562 13
1663 33
4324 3
3066 46
594 52
6261 20
6803 25
2888 46
9450 25
6346 15
3463 40
3021 46
5148 41
2008 15
4858 1
6906 10
9970 42
1290 43
1226 64
9149 5
7132 12
9169 3
3516 26
2084 45
6389 9
6087 35
6189 30
7508 41
1591 21
4022 63
7146 22
401 44
3454 64
5041 71
3987 4
2318 17
8138 1
5630 18
7371 7
6517 78
8058 58
5042 52
2831 53
6845 67
4271 8
4478 9
8027 0
1015 10
8621 18
886 57
1200 36
6404 38
9234 55
87 68
4755 68
1524 6
2672 2
417 21
8580 65
6448 48
9131 7
2252 33
5150 53
1266 40
9381 5
6436 6
2224 50
8103 8
9689 51
8374 30
3020 37
5972 23
1003 36
5962 27
8353 6
6016 53
4054 21
3942 58
9214 71
3137 58
7064 28
5079 34
2112 3
5268 44
2736 24
3544 68
2866 30
1710 71
6067 21
2841 26
8687 72
3038 52
9653 39
333 73
9464 60
6980 21
9859 27
1230 33
2221 42
5258 36
1227 27
521 9
9815 35
3205 9
943 56
2142 69
9957 59
9875 19
6284 47
4716 50
8189 6
7950 43
8679 71
6651 6
2151 61
2052 6
950 31
9881 2
306 23
1995 49
3385 50
8825 1
267 35
4217 4
5958 68
8100 40
715 74
5949 18
3392 35
9571 6
9980 31
6016 69
8712 72
8891 67
545 16
5509 3
8087 54
466 66
4395 36
2611 29
5224 55
5207 32
674 60
3614 13
8084 52
8525 52
4317 20
5590 69
3892 27
5834 79
5242 64
9120 52
975 40
2166 43
5430 1
8374 33
1372 30
2602 62
9252 48
6243 32
7275 61
7990 6
1554 47
9546 58
1606 11
9504 11
7009 61
5228 70
3237 13
5216 65
6787 0
8407 53
4351 45
1353 53
9132 73
1334 47
2152 50
9760 61
2788 5
6420 56
3013 45
4667 75
6147 73
9742 63
60 56
1906 56
4244 3
2801 27
6191 71
4921 10
5083 61
66 30
4094 72
4021 64
4360 59
1347 4
1473 52
2098 2
5848 41
3008 34
5920 77
1485 3
2030 63
9107 57
3533 48
1574 65
4491 63
9472 2
2469 18
2489 65
8629 51
3231 64
3185 69
7245 37
7273 17
3889 19
5097 49
3304 55
6345 72
5234 1
1342 13
3690 61
6635 50
7570 61
9640 53
184 5
2546 34
913 18
518 3
5076 24
5808 5
3044 22
6646 8
5837 72
3951 67
662 41
6560 1
3092 19
7719 44
3917 21
8734 52
6101 79
1706 76
1246 45
889 18
9281 78
8780 73
7770 48
4088 37
7638 41
2413 66
7869 36
9280 48
5364 55
5151 47
3703 61
7541 4
3076 36
4360 21
9835 69
1503 7
5073 12
2264 65
2375 51
7416 28
2597 47
7513 73
3674 54
5940 15
8177 28
7594 0
2467 9
7264 39
2316 8
5596 1
7371 30
661 53
5282 69
6169 0
3787 37
4049 65
8706 46
3911 78
4439 36
3193 18
616 55
7412 4
4393 77
7974 68
6050 47
2538 20
3930 61
9155 16
4775 47
5276 76
9016 73
8433 9
8475 57
2440 20
9622 64
4897 27
7085 59
2570 45
8586 30
6758 28
8578 60
9217 49
9884 52
6156 13
8178 11
125 72
2042 19
8442 72
258 69
1686 47
5011 0
3942 32
7481 45
7250 0
4182 46
8903 54
2774 51
8225 62
8456 25
9862 16
6435 16
7002 55
3114 55
995 1
9643 6
8855 18
4798 71
2452 5
4015 17
5092 16
4502 35
4433 3
1829 58
2032 13
5950 47
1634 75
4061 16
4647 14
9562 41
6042 8
8031 63
4918 2
702 73
5305 61
6463 59
4820 3
6884 64
5020 9
5947 3
2161 20
3127 42
6470 36
4166 32
6866 2
1126 62
2895 65
7656 69
632 4
8898 58
9881 44
4004 62
2163 60
2069 73
9416 11
6364 67
4873 53
3683 78
4312 79
9429 3
1365 21
6269 40
1804 33
8484 75
5757 10
9260 62
1214 55
4468 47
6818 46
8749 18
7680 46
4313 61
461 5
4951 48
8765 79
5076 63
6592 44
1440 45
6294 76
9978 22
8654 57
7661 26
8680 33
1764 65
8873 79
2422 79
2330 69
6815 54
9618 8
7288 18
318 72
6728 37
4781 11
2900 64
4946 53
44 10
2235 5
7411 32
5449 47
2790 9
6545 65
6747 37
6216 21
7927 66
2355 2
9860 58
6979 31
3431 60
6176 38
5669 5
243 48
8786 27
6041 66
9598 6
6796 36
4117 75
263 42
2377 38
8901 33
6801 52
3972 71
8339 43
7326 23
5547 38
1047 48
6695 16
9533 2
5278 44
527 36
5140 63
3342 20
8161 43
7000 44
9362 72
2341 77
9120 65
8342 27
7356 41
6731 5
4666 24
6543 63
1901 54
7241 46
9121 66
7952 15
496 79
5233 20
7532 60
3042 28
1207 78
4581 30
4276 61
1922 50
4870 40
3392 28
2617 21
9257 6
6445 57
6007 8
284 64
237 7
6165 42
1758 55
8368 67
9651 30
8831 44
5412 23
8564 59
8216 63
2925 44
4902 0
345 66
6302 40
2037 79
5996 21
8479 75
7093 15
3024 36
4568 18
2364 67
847 54
2009 7
4204 77
6229 64
7739 40
276 41
9868 38
5389 3
508 74
3713 11
4648 56
6069 7
5868 29
9351 66
6837 24
6186 17
8825 24
4311 49
1298 51
1769 48
8932 63
6135 52
629 65
5047 11
5204 33
2160 65
7757 54
2090 72
7994 3
5703 7
5515 29
9093 65
6750 24
345 0
7895 13
9575 62
2479 74
6874 0
6792 22
2820 31
2064 63
1260 53
1567 18
8221 65
2900 22
5222 38
28 22
17 6
6016 25
3832 38
7928 0
4861 47
3421 75
5931 33
3547 8
3196 35
1684 9
2756 75
8785 1
5381 54
4878 11
7544 37
1991 70
1269 53
378 1
4822 73
8930 63
8728 22
3510 71
6670 75
8182 59
6573 43
8801 35
6145 8
4039 38
8008 45
3720 52
4489 8
9778 34
2796 50
8226 50
7748 44
2293 47
6626 41
839 2
3197 50
8739 4
1991 58
7106 65
7781 78
2737 5
53 24
3573 22
6729 65
8287 61
6715 48
1724 2
194 52
3032 35
2028 9
8650 0
7796 58
864 54
5766 52
4997 55
8939 19
9371 19
7582 44
9235 21
616 37
6779 43
2917 4
8834 51
6741 67
6276 63
6656 45
7746 37
6330 40
7864 22
2692 63
7777 41
7767 26
8160 67
8913 28
168 36
2876 9
1861 49
9176 18
7472 58
3477 15
1760 40
111 55
6486 21
2905 31
4738 55
2631 77
9721 10
9700 7
2613 57
289 45
7186 41
1224 16
6451 2
9182 29
963 59
2892 58
8118 1
8688 60
4402 36
5103 35
8054 46
3845 2
3142 16
6509 62
7435 58
1160 3
6881 23
6008 78
4962 3
8736 10
353 26
1516 74
2606 15
3629 32
6549 5
7979 56
7150 13
2798 20
6260 29
4312 20
4624 57
337 17
5049 17
941 55
1808 39
6192 61
9638 43
4802 18
4293 5
623 6
6739 30
8614 50
674 75
696 69
165 39
2879 59
6637 27
6429 76
6763 13
117 79
2458 19
9499 9
1504 34
9474 38
4758 71
1912 19
6758 49
4687 53
779 41
7004 9
3552 64
6502 41
5840 51
1808 40
8632 13
8852 26
9904 42
2736 51
5964 19
9971 59
9673 58
7571 26
3449 51
1520 69
7337 30
2367 5
743 77
1974 33
6855 54
7697 56
8768 22
4498 13
6338 16
5557 79
7454 33
2352 3
5231 17
8305 64
9637 73
5232 23
3544 27
3746 29
9059 50
3388 55
4622 23
4368 33
6285 29
2138 59
2322 42
3737 16
61 2
5452 20
7036 49
9002 25
5576 21
2777 62
8380 70
3145 37
8967 67
9299 31
6428 58
2458 71
1672 68
1278 39
9587 75
6291 27
8030 56
9520 64
5428 13
3299 8
5808 60
3913 14
2546 2
8618 32
2006 20
9872 14
7566 36
4655 45
9860 32
9571 56
7665 55
8935 35
7607 73
9434 13
3268 42
7831 51
2314 34
9498 59
4421 4
1460 67
5649 9
7969 22
8303 40
1664 72
7842 5
6461 63
6226 19
9964 30
2541 7
2292 46
6481 59
3821 59
8905 43
2777 57
4755 31
9338 66
6534 5
1813 77
9729 11
4867 75
4463 22
694 49
748 34
6121 62
424 23
1113 40
1248 68
5187 71
7147 74
167 13
7199 8
9868 16
7957 62
6838 38
9905 48
3781 12
6871 9
907 19
2809 25
1404 39
5309 77
5567 13
6601 58
7152 9
1948 69
7124 73
1747 49
7460 50
7319 54
4373 69
979 11
6524 13
712 49
101 39
4802 75
3774 62
2214 13
9893 19
6842 0
8212 22
2347 15
1929 67
5600 49
6419 43
3663 19
6913 78
9193 33
7183 50
1724 17
1089 67
6094 29
6376 23
1074 43
9358 44
3539 58
2602 65
3051 43
4041 62
3274 74
6273 64
8768 39
5984 5
7514 53
924 64
1604 63
6336 58
954 18
9835 70
3096 11
805 14
9997 61
7707 15
4327 30
1948 46
7289 64
2253 37
7895 55
1857 15
7410 28
7087 75
4741 13
4032 32
77 14
67 30
1307 64
5416 28
6904 44
6713 68
495 61
5032 23
5446 71
4897 14
8260 72
4828 78
6417 41
7871 7
824 0
9627 41
8056 6
903 4
8237 16
1328 10
2526 28
6716 51
5762 10
8654 77
270 36
9008 30
4505 12
5701 56
4350 64
2407 39
7740 76
446 42
4454 13
5912 27
6735 77
5860 45
4077 32
2063 33
4990 58
596 53
4020 43
133 10
7720 40
6250 48
555 38
90 0
8821 21
493 69
1881 24
7613 56
1082 45
1266 7
8402 13
7390 66
6485 65
5466 50
2145 78
392 53
4627 31
468 74
5059 47
6137 37
7738 47
4115 48
1368 74
6458 79
8630 50
8516 30
5402 54
1671 41
285 35
8893 39
3370 68
9762 68
9232 39
5285 10
8670 61
5905 76
6651 46
3015 46
6818 71
7219 36
6443 1
1449 69
9185 47
3521 27
5315 36
8090 26
2975 46
5113 75
9905 19
9419 21
7482 54
344 6
1008 54
7419 19
996 36
9310 42
4773 30
5265 32
898 61
3850 44
2545 71
2201 14
6894 50
2035 46
1074 22
3280 61
4244 30
9707 58
8095 43
5820 3
2692 68
2426 53
2949 77
1731 19
8265 51
8195 15
9663 34
3778 8
6402 36
1837 48
8183 6
9651 8
460 72
2084 10
7499 16
1507 19
3831 28
9285 27
9957 50
8159 18
2567 38
6898 73
684 24
5289 58
7290 6
6586 37
2034 5
8042 41
1621 72
8584 11
9552 43
1909 53
2511 47
6849 62
8502 17
2070 66
7072 9
9211 78
4986 60
8339 74
140 47
1906 19
5364 9
5623 20
6906 35
4437 16
3034 62
5764 31
5983 17
5160 51
8506 62
3318 5
7654 16
8912 65
8113 35
1082 75
9329 48
6300 12
327 36
4426 45
5672 44
8826 46
861 30
7824 68
3234 55
3058 61
5101 45
2392 65
3794 32
690 7
3595 34
7270 0
1556 15
2420 37
875 43
2546 24
7353 39
1135 73
7680 48
7718 40
5418 68
5773 65
9801 65
9924 73
2831 76
2775 51
190 59
7744 0
7253 32
6933 33
5534 2
3684 42
3963 9
3355 52
1227 54
3199 15
1148 13
6733 51
341 48
8636 65
5117 25
2445 27
4907 19
5645 44
2116 21
9749 53
836 45
5953 37
9675 37
7302 52
317 21
2787 61
8051 5
5985 54
6849 12
9655 61
3490 26
3586 33
4104 46
7218 73
8847 5
3938 37
4643 0
96 63
5110 16
2183 61
4518 33
7554 23
1845 48
1264 31
1447 58
3418 49
2573 35
2889 25
5044 32
1612 60
2182 65
4993 36
5889 78
4303 27
1336 61
8042 67
6223 30
7051 79
7940 67
8824 2
7852 63
6471 2
5561 57
2857 8
8190 45
7845 71
2044 31
7633 55
3194 45
5864 61
3840 49
4307 57
2309 15
8545 43
1136 65
3773 18
732 77
3934 51
324 15
7109 18
4708 24
5504 64
7822 51
6695 18
3575 32
4086 25
1482 31
3138 67
6103 74
7809 78
3095 79
8567 36
8731 25
7342 24
7176 26
8325 27
6281 7
4204 74
6116 48
7144 56
7363 58
3784 20
3300 59
7370 55
1541 66
1643 76
7908 48
4178 12
8835 55
7086 53
8624 61
5821 6
9572 44
2537 57
1659 10
1843 62
631 0
3718 16
9241 42
8511 55
5539 58
6628 41
2789 8
5761 29
9160 58
3904 30
1280 12
4190 72
9894 13
6855 34
7492 22
8448 40
4323 7
6094 51
4571 15
9842 39
8877 71
9167 42
5832 76
2001 28
4646 40
8693 71
825 76
1065 20
533 44
5875 23
8884 71
5136 57
7231 17
7356 48
1861 79
4886 77
3735 78
4863 1
4163 0
9518 29
3786 4
6068 52
8082 64
6455 47
9199 30
6126 46
5414 49
7534 70
1438 67
4774 27
7686 76
404 11
3894 65
5508 4
4915 70
4640 67
7238 33
474 42
1289 45
697 61
1719 55
2211 58
5227 9
3429 2
8997 49
8002 40
6954 45
1614 69
596 53
3836 6
5577 52
4404 35
2731 69
2883 12
550 54
6056 2
179 43
6831 47
8531 34
814 67
1093 31
6437 44
4029 68
908 65
1060 14
624 27
4512 30
3397 48
264 66
3721 46
7932 64
8551 1
6797 14
1953 65
5854 65
1051 26
9946 17
9448 9
9346 5
1387 64
501 48
2724 39
8756 7
9277 0
437 61
8518 4
3981 78
8155 14
4292 68
8669 4
4528 73
2232 78
5933 74
9752 37
6551 36
9723 25
2138 79
6048 78
4088 51
8858 4
3090 10
245 2
4612 36
2889 79
8847 65
850 28
7287 47
7123 49
5795 16
7576 35
5124 6
3272 78
4354 14
3202 69
1857 23
9723 19
3289 29
2337 77
5449 55
6055 6
1682 25
659 62
9084 70
4988 56
3973 69
7962 39
876 79
2327 20
6872 51
2346 30
1760 54
6641 79
2317 26
8921 7
9194 74
5766 40
6375 63
4128 29
3932 66
1165 71
7698 47
8855 37
3513 50
9791 63
5727 64
1283 47
5056 5
9264 29
9753 53
1994 70
8350 17
1292 8
8468 25
2325 13
6799 24
5763 1
9884 48
763 1
6818 67
8596 2
5100 59
6424 27
2697 23
1478 33
1051 66
9014 77
3574 49
9104 11
2405 73
1001 18
789 43
4874 59
2678 13
5598 79
5390 22
2341 18
4781 6
2757 6
6506 16
6254 46
8292 53
67 0
3710 45
5171 21
7071 68
6839 64
2531 64
894 72
2984 27
5529 36
3437 49
9453 50
6648 54
7678 69
8441 21
5841 25
696 33
5424 35
952 58
8022 73
773 79
2762 11
9187 10
6940 13
1821 12
6827 3
1203 21
2722 24
9375 64
1073 42
2383 73
5878 69
377 76
4268 74
271 43
6487 28
9550 60
1920 56
1017 61
9311 78
7223 5
8402 0
6606 24
1776 5
2149 70
4519 59
2942 64
4825 55
7861 24
8555 42
8222 5
2948 66
3355 0
2830 25
3457 14
1949 31
6242 41
9581 63
9769 61
2519 32
4525 29
5151 26
1541 47
5755 51
7608 11
6454 53
6017 43
8600 46
5555 15
3765 52
7933 32
13 67
9968 14
3649 4
2764 73
584 43
559 40
4984 77
2669 10
6626 28
3782 7
9859 33
9304 17
3740 5
3477 12
4559 44
2699 71
6484 62
6587 71
3736 35
7495 47
5424 27
9055 13
6475 55
7933 68
9232 23
8695 65
7297 65
4884 28
4783 75
1199 77
3490 69
303 24
2620 38
123 39
6613 17
6202 67
9995 67
1279 79
5632 12
6596 65
9234 24
2012 13
6159 73
3061 31
7339 19
774 21
8402 52
5090 23
7252 45
2950 68
931 17
9541 42
7913 9
4768 33
4528 49
1826 21
5447 3
4196 47
2414 46
4321 47
2917 34
3058 7
3430 59
7841 23
1471 56
352 48
7030 55
6771 39
7784 46
3536 9
6111 40
782 69
2787 43
7054 27
7565 50
2671 47
4770 12
6969 25
5769 32
6773 76
7462 10
6740 49
7024 7
6677 63
6599 9
1795 41
5755 39
5658 21
822 68
7449 20
1501 75
8042 35
4800 52
6254 77
1721 21
9916 58
7982 40
9677 73
5371 21
2704 53
8711 12
4548 23
4098 1
9138 72
3876 68
6013 48
2590 59
1184 48
8000 31
6779 24
139 48
2204 54
995 6
8236 45
6556 37
5143 30
5459 12
6981 5
3964 74
1305 34
4091 61
2202 18
2087 56
719 73
8472 0
823 63
5709 68
2430 52
274 71
6487 17
9599 28
2787 29
1961 44
1787 56
659 22
5142 23
5533 36
3267 61
8948 37
6424 19
4060 13
6069 20
133 38
2251 55
83 64
2408 73
2829 60
3220 22
310 33
538 36
85 57
7236 76
173 12
7489 54
7376 71
2020 65
9892 56
9008 28
3659 24
1898 19
2656 21
8752 9
7563 27
3645 78
6843 31
1423 13
4398 24
2310 37
3911 42
4489 18
2118 64
5756 71
7951 69
5126 58
3507 47
3749 77
8177 9
7762 68
6828 44
6631 8
5239 41
4698 71
6013 21
3970 69
2313 66
807 67
9712 22
8428 58
2891 57
5587 36
3136 0
467 56
3385 65
7835 48
2961 67
616 8
7356 4
5057 53
4444 70
9864 32
9058 55
5791 46
5855 27
198 13
7555 8
8116 77
2087 46
1561 40
8427 1
873 64
761 52
1159 35
9968 36
8003 13
5672 62
1462 11
5674 14
2703 7
8707 69
1742 5
6892 38
4878 41
4572 45
7113 50
6019 44
2661 7
8520 52
567 77
9182 28
7372 2
6459 33
7171 41
7650 59
6442 50
8383 55
3643 53
4166 22
8223 11
8644 49
7334 25
9420 23
2851 42
1939 21
3579 24
6564 33
6846 71
3317 67
6414 78
6597 49
2321 35
746 53
4846 65
5567 29
2932 72
4115 78
287 34
53 22
9563 78
1178 29
6164 26
6623 23
8398 33
605 25
7028 63
9291 53
4053 61
1609 36
4104 62
8193 46
1569 53
7875 25
4443 0
780 44
8333 53
3439 47
5071 39
7590 33
8447 5
6458 5
2049 31
5403 42
701 6
8418 54
4171 31
2187 14
5838 36
4819 21
9900 24
8313 30
5675 20
794 15
5807 2
5136 52
7214 37
4668 45
4568 67
3714 70
4928 1
6520 17
3720 9
3650 65
6809 10
1979 69
198 76
4956 48
664 47
3526 17
8706 31
7792 52
29 22
3891 68
384 14
4861 11
6031 49
3473 39
3595 15
4315 75
5874 11
4531 31
7599 51
1052 21
2723 42
5050 10
5012 51
4816 52
255 12
1230 78
9241 69
6295 61
1620 11
5285 62
2876 22
9898 47
9343 11
844 70
8915 14
6777 18
6918 41
4440 76
1047 1
7277 57
9421 59
7314 15
193 11
615 65
2492 52
9122 41
5607 49
9955 34
601 62
5714 63
2707 4
3050 58
9626 15
3697 45
816 46
6387 39
2133 7
1587 11
8191 68
8695 27
2491 14
9018 61
5756 4
6931 39
2213 24
2088 44
4925 70
8116 67
9130 66
5784 48
7773 45
825 33
6606 19
2243 55
9005 21
3611 15
3132 62
6961 60
4418 68
4618 3
6634 60
5201 51
4871 58
5339 78
761 52
5826 73
9200 34
5472 60
4735 5
3715 38
9023 17
4601 16
56 24
8586 28
3668 68
6322 74
5837 0
459 22
7502 3
1406 34
6446 43
2005 60
7655 50
789 11
5118 32
1996 11
8694 12
6567 51
7917 64
2147 31
6331 56
6671 63
9540 38
3233 11
9721 70
1008 65
5667 57
1751 45
5036 64
6714 20
6183 39
648 76
8714 27
2229 27
9757 57
506 27
8222 5
8885 71
8126 52
6571 21
5676 54
9835 32
2384 51
8665 48
3717 1
8267 8
6462 15
988 77
6173 2
8775 46
5318 9
9013 51
481 78
3620 38
6811 60
3995 24
217 8
6132 34
3368 77
7897 10
8713 8
2009 46
3373 45
7141 32
2941 19
2444 61
2263 19
121 75
5449 24
3252 63
3431 67
7604 41
9783 63
2163 77
6196 75
1227 46
8504 25
3633 72
1806 3
6340 74
6611 5
8102 47
3739 10
7563 72
3159 22
9832 71
132 61
3872 26
8351 63
3717 66
1284 33
5806 16
3714 57
1741 27
8564 6
936 16
1597 25
9399 54
3532 4
6206 44
6098 29
4315 18
8689 46
1582 17
9152 29
5293 8
2514 51
7924 20
9205 76
5332 75
856 42
383 37
5431 53
770 55
4970 19
6196 61
7759 32
2029 51
5985 42
3278 17
7288 12
8070 33
6663 21
6745 62
4032 36
9061 43
3220 67
212 28
7835 13
514 69
4243 44
3857 62
6303 19
5769 63
6341 69
4109 62
8116 33
1460 66
5077 43
4600 66
6877 55
4876 32
1174 52
3056 59
3390 3
6799 21
9579 19
7401 35
1991 43
1461 26
1873 19
9942 28
8608 31
7959 78
6806 40
6240 69
4118 57
7172 29
3292 35
8808 70
2802 13
3158 11
9064 28
4633 64
6587 59
8267 7
6012 71
3448 31
3987 10
1589 58
7669 2
4132 74
4443 45
7504 55
5762 35
1529 79
1453 79
8999 58
76 27
4960 9
1265 40
6530 11
8221 55
5205 60
4159 23
9115 58
1281 11
5815 5
7098 23
7552 2
7530 7
1301 28
1791 44
684 24
5284 68
8655 35
4900 53
3827 58
5553 21
5951 53
9109 25
6950 33
1815 24
6293 58
1455 60
61 49
2091 36
4414 63
8253 73
1297 54
7091 27
5171 0
4041 22
1011 23
4884 7
177 32
417 69
9256 53
844 46
2488 13
6008 47
6457 41
9882 31
7429 46
3442 8
4641 59
6554 19
2376 70
6924 64
6868 71
3016 79
4530 0
6463 62
6475 55
7991 15
3228 50
9722 20
863 46
5222 26
1154 76
7338 48
6926 25
8085 34
3259 56
759 54
2199 14
5926 50
5995 73
9549 72
6638 14
7802 0
796 30
716 48
3934 36
687 10
7974 61
8272 50
6851 20
3384 75
3051 74
7806 61
7825 15
2155 68
4369 63
2509 8
777 44
6713 69
6936 3
5700 6
4695 78
7625 51
7539 70
4340 4
8631 50
4314 17
2232 16
9968 72
2023 79
8504 41
8686 39
1409 17
4281 21
2046 50
1501 39
9946 11
1113 48
3028 25
1552 25
5495 74
4000 5
9756 9
5717 14
6930 75
2893 65
445 69
3768 51
5158 72
5517 63
34 26
3961 77
3235 18
9235 0
8352 64
1143 12
9257 39
9734 49
4000 55
8495 73
3311 27
4399 10
3187 28
7554 73
6960 48
2483 76
3781 51
9656 25
1090 64
3680 48
3133 60
4950 17
3930 47
502 44
6512 47
40 52
8862 75
5767 46
6449 50
4320 12
5837 13
4635 64
1833 63
5241 15
417 24
5079 21
9968 16
7112 14
3342 38
8799 24
8510 69
6250 51
853 0
8208 17
9385 58
2411 64
6322 36
2759 33
2446 68
8856 4
9343 46
4714 2
1195 34
3884 70
9610 34
722 73
2992 45
1750 10
3655 13
4510 22
720 42
4123 57
5075 25
4504 1
2199 68
4760 10
8369 7
3455 60
5859 52
1744 78
2170 20
6236 37
2643 43
728 61
4773 22
9618 2
5956 4
9092 27
9317 14
635 20
3402 37
3760 39
393 70
5782 71
2052 60
2541 72
1155 66
1042 62
1715 51
3446 48
7001 64
4087 40
2373 45
7172 11
6946 73
4280 79
8004 57
695 46
8385 32
7046 70
5868 44
6979 26
8062 63
2925 40
6853 8
8638 23
5996 31
6932 77
9010 42
9567 75
7969 78
387 38
7640 37
3547 3
5102 40
5310 30
473 25
5127 54
4496 32
6042 25
9237 64
6828 7
3421 37
9271 53
778 61
4196 17
7033 32
8190 77
1751 13
8015 10
5185 18
3251 18
9138 71
3184 2
9209 72
1280 66
5165 45
2197 67
8663 24
4205 52
5392 75
9822 64
6269 67
7543 23
2929 69
4733 40
1399 19
9401 24
1045 26
7780 49
4300 28
8199 42
3201 5
2705 79
1954 12
7976 45
9761 8
9164 12
9741 44
3007 73
1346 16
433 63
1670 62
4704 18
6303 54
1273 23
8130 78
1497 35
2936 58
8267 79
5478 68
1628 69
1281 8
767 9
8205 14
3907 7
2226 4
2759 37
6589 55
7323 52
4250 31
1419 25
9478 37
1687 34
5564 49
851 23
138 4
9691 79
9586 30
4594 28
223 13
1123 20
1327 36
5366 61
7720 51
9669 52
6282 57
1532 57
9495 34
2908 27
812 14
530 60
7139 65
6777 48
4878 48
3741 71
1995 46
7691 37
7707 67
335 59
1621 6
3117 19
8728 7
778 77
6985 76
6029 1
4110 37
2393 0
8903 14
8537 12
9281 1
4097 16
5649 53
4067 13
1849 39
356 3
7835 3
3350 8
4007 15
2866 56
4642 36
5194 9
117 10
4158 57
9549 63
5786 6
5292 4
3797 42
8903 20
9838 18
4721 34
8244 9
2605 78
2383 69
1812 3
8042 14
212 0
697 70
6476 65
7292 42
2603 9
401 3
993 30
1135 57
11 34
9543 69
7531 9
1982 17
211 44
648 15
6432 40
2408 67
5431 51
4772 61
769 14
1943 55
2468 64
6967 7
3363 52
1251 33
3013 16
6016 45
1850 48
2901 64
5866 0
8918 42
4166 3
6349 11
8316 66
3222 18
7194 36
9103 68
1028 6
451 53
7859 24
4956 55
9345 68
9403 28
1985 75
1492 25
5672 30
4033 9
6302 54
4483 26
1139 48
8883 41
2204 41
1851 37
2759 65
3282 2
2917 47
2082 13
2923 17
8983 7
2497 62
9519 48
3934 11
9642 33
607 70
7374 69
6996 34
7751 21
9348 31
6412 15
5474 21
7396 2
4401 77
1213 9
8911 44
2224 17
9538 29
9760 57
4389 58
8167 5
5786 23
3673 15
1016 75
6450 75
7840 27
2356 4
9082 5
7831 24
3963 70
5529 78
3892 8
6638 79
494 44
7301 40
876 48
7274 58
6543 45
8791 76
2279 63
3946 78
7660 66
8889 26
5227 37
7043 57
5191 78
7113 64
1299 42
485 69
6883 79
1620 1
6668 16
8564 52
7370 12
5070 48
9314 19
7191 51
4711 70
280 36
7019 10
7620 9
3162 40
536 35
3498 53
9912 71
9298 25
3399 9
1161 78
1868 55
7502 71
3161 15
5244 74
1582 30
2517 12
1109 38
5490 71
6272 11
2867 26
4911 75
722 29
9198 40
2432 64
2118 19
2549 63
2254 38
6698 52
3387 61
8637 9
7444 18
7132 56
9008 37
6636 33
4587 4
2556 39
2052 44
6649 23
8447 44
3153 6
7304 67
4209 6
1631 38
4270 53
7751 15
3451 67
4993 68
5435 29
970 67
6756 43
4788 56
9177 66
1020 75
5587 70
5457 41
2421 64
3218 77
7060 40
5657 42
6344 16
5082 39
2084 12
6408 40
7128 49
794 22
3654 9
5417 42
9754 0
7188 43
5211 15
4539 17
4410 35
7194 37
5629 8
3664 55
7385 71
5812 59
6446 73
3710 34
710 39
9050 32
8774 16
3558 79
6950 54
1875 48
5164 37
2599 73
5805 1
7184 15
1679 43
1293 65
4191 63
5093 62
4226 29
9587 53
5727 18
6831 39
4138 67
193 11
7457 38
8640 78
6968 61
5925 68
8643 63
360 16
5719 20
319 11
9403 12
8764 20
4815 13
4530 37
92 72
3589 30
8624 55
4700 49
2433 21
2251 9
6112 41
1055 71
2743 49
1411 26
9308 39
7518 10
7995 2
258 18
2462 28
574 40
1013 43
2449 74
1707 31
2491 6
3919 39
3220 21
6546 48
8947 54
2266 10
3503 51
5168 57
7563 18
7013 5
1933 58
9651 46
859 64
5228 49
8533 45
2311 15
3366 13
1221 64
4009 23
5189 35
139 36
7108 48
8923 78
2850 29
8117 38
4554 9
6843 18
877 56
7369 65
8119 60
4809 44
6180 44
7755 28
6940 20
6569 18
9917 24
4214 38
8931 70
2383 79
9602 23
547 59
2003 66
9115 61
3978 78
4498 33
7871 33
2476 12
8883 73
2093 20
6133 70
6280 41
239 19
5513 16
6272 31
4007 10
7813 28
9664 37
5568 3
7414 47
6622 66
6544 18
5419 4
6795 32
6828 75
5760 76
376 44
7238 66
7692 55
5300 37
1619 49
9734 36
5568 16
2761 71
4681 2
687 60
3515 26
2109 56
458 41
3264 44
5989 53
5060 70
2859 8
5513 1
1610 40
4359 26
7073 62
8748 47
5351 37
3492 54
5517 49
4910 24
332 42
1929 25
4806 36
765 20
1817 59
7689 39
2076 32
2186 56
9342 43
3621 35
2482 75
4124 49
1127 66
5557 54
9298 22
2626 39
2057 53
6200 6
6601 56
8791 76
8446 2
1647 18
6529 54
9604 28
2350 67
6802 35
58 77
2615 13
5147 72
8584 58
8306 67
3473 30
9618 79
1656 22
7084 27
5315 41
662 78
3567 61
9610 15
6901 34
9936 52
9501 47
4645 54
6571 23
7879 77
5440 23
2500 13
164 48
7775 45
4477 11
7715 63
822 78
2504 65
5156 9
1833 79
5579 61
7247 19
8204 58
6233 27
3470 35
2917 52
3268 65
9605 8
8060 64
7115 2
1882 58
3553 58
9314 46
6044 17
6457 45
8998 74
4863 33
7250 51
4682 58
7598 64
699 6
8680 34
7037 43
48 40
2852 52
1482 50
4283 55
2716 62
7076 79
8882 2
8236 43
376 4
1353 18
2235 9
1880 65
7364 24
4263 34
9343 58
3643 74
5870 65
244 64
4769 34
5631 21
5350 48
1554 20
5484 71
7015 24
9639 33
5283 20
4543 56
7846 35
5033 9
5405 29
965 65
3270 34
2899 7
9001 38
554 22
74 9
180 37
5344 50
4653 68
9736 71
7916 69
5265 28
9477 37
5346 69
3513 38
8505 74
4694 10
6056 6
2726 62
6014 27
9503 0
6807 39
3741 63
1897 59
5520 30
5817 13
3837 36
1780 28
4785 3
7413 75
7861 66
6877 61
8412 57
2279 43
2628 73
6291 4
643 6
8652 18
6183 35
8452 69
3400 8
7252 62
1444 17
1242 26
8644 6
3838 25
2032 3
7760 74
8547 67
4749 53
4276 30
2882 4
1468 60
1406 15
9179 36
5393 34
6260 38
8200 13
9352 50
2492 41
2649 35
1524 34
7088 27
7304 69
1398 27
3641 23
8806 79
7499 31
6159 53
6929 49
8323 72
9158 72
1562 29
1606 79
363 57
8606 45
3292 29
2595 27
6410 79
2654 50
2545 22
3539 70
2775 18
2140 9
495 53
1244 45
2380 34
9473 10
9527 17
7888 40
9725 11
1127 10
4777 72
8464 7
215 67
4527 70
6787 55
4500 69
6797 25
3492 70
2767 49
5291 23
2771 6
3828 60
2552 52
7014 11
5952 45
1196 20
2927 73
4327 11
2891 75
3237 36
1985 51
4256 41
8736 57
7834 75
2480 28
3871 67
8920 7
3093 3
8945 12
2624 30
3945 1
9950 32
2566 68
6936 75
4901 59
8366 0
5509 28
9744 70
668 54
7653 58
1317 11
900 52
1168 42
2301 33
5981 77
1118 18
171 60
2147 64
182 60
3887 75
8014 55
798 62
9360 25
7634 64
4559 36
1908 73
2455 1
3932 30
4783 20
4150 12
