100
10000
6977 61
2146 68
9768 41
7498 73
4112 37
1803 13
967 49
1086 16
7868 5
6176 58
896 62
9516 12
4974 21
3858 30
1747 12
8567 11
9629 24
3487 70
4572 38
7906 39
4443 44
1572 69
4999 29
137 66
3364 7
2857 30
7398 45
5607 57
3692 44
316 72
934 29
2655 34
9103 38
7666 8
4689 77
6861 0
7467 74
4337 61
5353 23
8289 44
6679 54
7461 12
3041 32
1202 43
2687 22
4381 58
7996 37
2048 60
6027 59
9617 16
775 48
6561 40
3352 4
7088 38
9136 51
6263 18
3893 7
8536 58
7746 42
3774 39
3662 37
8046 55
9412 58
826 29
6930 27
7081 33
3883 6
5199 53
5277 30
9754 21
3416 38
7808 9
2099 76
6447 59
9212 31
4782 32
4617 79
3434 21
4264 0
2819 40
1493 58
6232 31
6107 32
919 24
2706 75
4640 15
6861 35
5617 21
4292 57
3276 3
3592 52
7059 27
5301 54
829 39
3126 58
3112 33
7437 76
6570 14
9936 21
7539 8
3970 17
2687 70
1852 63
5482 26
1754 4
2352 55
9514 28
612 12
1887 15
2873 18
6260 12
9255 62
8979 53
4799 35
7141 6
1720 7
2688 51
4242 64
5806 29
3694 43
7258 16
6180 73
5710 60
4519 55
7428 30
2571 40
2981 11
6635 49
2906 8
2205 16
3722 57
2402 58
7216 4
6590 48
1392 1
3759 45
1534 65
4504 31
9828 71
3065 79
6297 55
620 47
5577 58
9863 79
8230 75
2604 59
1782 49
5928 69
6043 42
8653 74
7540 64
5275 20
4781 74
1271 28
352 50
8973 57
1232 46
4972 9
7572 29
8338 43
3464 64
3228 23
3229 35
7618 59
1961 71
5615 2
2503 29
3729 67
7211 49
7563 20
1285 32
1965 40
2778 23
2891 44
1288 9
2004 74
2214 77
1488 72
3565 50
6933 49
9583 48
2806 77
8226 29
1925 31
4138 8
3930 75
6776 37
7572 66
1349 69
3643 27
3413 2
7088 0
576 36
2022 50
5414 51
1756 10
1661 9
4255 78
6258 51
3355 27
3248 68
5016 37
1681 38
8616 72
4843 78
8952 58
1972 10
5731 64
6581 26
6454 10
4228 25
941 43
6056 54
7339 8
3892 35
7773 13
6930 57
4102 6
7303 6
8034 65
8879 37
1995 78
3440 24
8741 79
7214 19
2931 66
5313 72
8638 56
9448 75
8430 17
837 66
800 6
1535 75
9933 3
7834 42
6436 79
6251 29
9403 9
8609 13
3822 33
6387 19
8875 32
5124 53
6385 69
1694 28
1982 60
3968 67
3066 29
6946 78
7205 79
385 69
517 39
8507 75
1824 49
4362 31
2706 25
8979 62
3017 71
7607 3
9563 69
3740 77
9596 46
5269 27
285 52
4155 70
4514 30
2540 11
1450 60
7253 3
2220 57
5822 1
1143 12
6846 72
2722 59
2669 55
4278 76
5706 50
5131 41
4179 61
7564 16
2073 55
6543 4
9859 33
4642 3
7061 58
7988 5
4376 24
4639 78
1392 5
6927 0
9687 4
700 48
2687 62
2949 66
9387 77
7284 20
255 5
6881 21
2966 74
8459 48
8621 66
4488 9
3465 71
9141 2
1348 73
4889 74
8970 30
8406 3
210 39
4862 14
8789 64
8057 6
1374 3
4498 5
4079 43
8484 55
8249 48
9785 25
1818 67
3798 61
3882 23
1607 13
7182 58
9263 26
5333 15
7571 16
4124 42
7261 23
7513 55
6170 25
8400 7
5499 11
2367 7
8166 26
5491 47
3920 51
3573 20
5891 30
7556 27
3314 8
5252 11
5624 44
1122 61
2555 78
2535 35
8329 36
5441 2
6904 48
7272 13
6425 62
4737 31
7600 55
9465 5
8788 64
3570 22
1706 66
6854 15
2275 70
6993 15
3240 45
1381 44
114 41
1023 33
4466 76
6551 5
8939 43
2849 56
2024 62
2068 44
976 7
556 62
2124 44
3206 64
8464 67
8679 52
2252 57
1825 23
1653 30
7645 23
2899 17
1100 2
5518 4
4012 77
786 27
7940 62
503 55
5481 23
2263 41
502 16
4444 5
3189 63
9000 21
7851 70
9333 38
2863 25
1612 68
3131 10
1190 77
1044 67
890 52
9978 47
4773 36
3129 54
6889 78
8256 52
9015 18
787 4
2849 54
8655 78
9447 70
9193 10
3055 56
9119 31
357 10
3721 13
257 43
6354 3
773 18
5704 46
855 79
7310 63
7171 44
271 8
606 0
3493 35
4650 64
2611 14
6881 18
4067 22
6560 31
5409 31
8583 52
6745 46
8462 38
1438 36
3543 79
2658 7
4844 25
1338 46
980 22
3176 72
8741 26
9337 74
8624 70
4208 68
3439 1
1876 14
3450 4
4568 20
1917 67
2439 43
3509 51
1995 31
8900 61
1636 75
5137 45
80 3
7981 39
6533 1
2036 55
3117 75
3962 19
5222 77
8715 31
3888 9
5204 44
9960 55
7212 47
687 42
4231 58
7228 65
7901 41
8456 39
4411 59
6547 72
1766 42
7334 64
2951 57
3173 1
9222 9
4937 64
8613 23
4169 29
6300 22
3449 46
7676 53
4083 7
8774 45
1178 39
2534 58
9238 66
2864 67
4324 71
9439 23
7164 45
4135 21
3812 15
4933 8
8161 33
5873 45
9360 29
2721 35
311 15
6714 78
7288 57
2752 40
1588 51
60 37
3099 35
7595 1
3683 22
6507 8
3924 8
7089 49
9139 53
1816 72
9851 76
3670 71
5245 45
8972 32
9153 79
6583 41
4311 0
6008 69
6690 26
5379 59
4413 78
7887 37
3734 48
5334 71
7518 31
2781 74
4260 79
9534 4
6621 37
2097 6
8329 62
720 50
3104 13
6147 22
9867 79
1772 25
1728 12
3330 65
981 76
7883 79
5260 35
7056 8
5207 43
4220 32
9851 28
5426 69
3622 59
3945 54
9033 44
1969 46
9782 21
7496 0
2473 1
5611 32
8443 46
4259 44
6900 20
8263 22
9954 66
8582 31
7542 22
1482 33
3691 8
7635 8
8823 3
7780 63
6610 2
4869 19
7606 35
4675 22
7283 75
7912 2
2460 6
689 23
1577 8
1892 35
2128 37
4622 61
1843 10
5388 14
5297 22
4811 29
6033 56
8507 6
1712 22
6211 70
4505 23
1490 69
8800 14
1358 48
1372 19
1487 34
5071 64
5578 14
9546 69
8387 76
6689 72
6158 13
1738 60
402 77
2607 45
4957 53
660 6
7196 41
6547 15
6992 36
8496 22
823 14
7601 40
1592 72
2707 44
5147 52
7716 13
4380 19
3973 2
9580 12
5004 76
6630 54
7995 75
4042 19
6012 45
3470 41
264 53
6729 13
6435 67
5598 62
9257 69
9084 11
8431 26
953 51
733 63
4507 24
2685 40
7176 14
6698 28
3293 21
9197 13
3904 32
9160 67
3480 66
5781 37
7344 53
5835 3
3124 54
3246 18
4702 64
4488 5
7457 19
8964 36
6473 1
7408 60
6626 69
2894 35
1311 0
529 21
7136 49
4328 32
6149 16
8440 9
4726 72
1995 58
8925 63
3122 24
9550 51
4596 68
9853 66
6558 46
9322 22
1014 65
5662 75
5383 0
9883 46
3770 59
7740 53
6859 29
6943 5
3243 21
2249 67
94 78
359 59
3965 29
8829 38
2180 40
6161 76
7010 14
9760 54
3893 6
5640 30
3898 55
3249 37
2054 49
8811 49
148 71
8164 2
3548 26
1321 63
2962 19
8058 49
3608 12
7104 75
7052 27
5827 36
8747 44
8325 20
2393 74
4876 23
5735 74
8613 48
2801 53
3553 45
6734 79
4827 67
9832 56
2014 54
8474 79
8280 23
7524 46
3514 27
1273 6
7729 35
4851 56
1686 77
3418 12
2301 71
6292 50
2741 75
1627 67
5516 27
1434 67
3216 42
3613 69
9644 53
9606 74
207 44
9016 24
5379 17
7432 20
7261 44
5976 27
7373 72
3102 50
7926 62
5935 24
9832 60
9817 21
1684 65
6413 66
5797 39
786 4
6488 14
3995 38
4336 65
3406 34
1732 40
7850 11
8260 25
195 42
9325 59
3815 4
475 56
7381 52
3351 46
9007 10
9807 67
2426 31
664 3
2910 36
5829 56
8643 38
410 4
2173 0
8727 13
2041 30
6944 69
8972 41
160 21
3924 3
3378 22
8736 49
8098 28
27 0
3758 48
1201 37
8238 72
3104 70
4132 53
8304 14
541 24
916 17
2634 17
8797 12
1293 38
7525 55
6846 13
3532 43
7267 22
4297 58
929 72
3809 47
8725 70
1270 51
5715 14
6858 9
4916 14
540 39
1627 3
7732 65
9718 63
3666 51
8584 70
411 27
8303 22
6489 33
1756 16
1863 21
5079 55
5970 35
8111 20
7134 52
4463 20
9089 20
8082 30
7490 44
7013 69
4996 12
3479 38
5217 7
7975 46
6140 58
4359 76
2406 42
8104 62
2681 57
5511 11
5144 5
3165 28
7123 61
6386 40
3847 49
1556 26
6186 69
8071 49
2825 1
8708 52
6740 40
4661 47
6141 3
5311 79
7783 58
9818 54
4108 14
530 44
140 22
2782 66
7131 68
6612 36
2590 50
1060 74
5480 14
8224 43
8546 16
2125 79
868 52
9324 30
2033 41
1152 42
2886 37
1690 55
7115 18
167 67
6675 72
1384 69
5063 72
4001 22
4697 35
8737 38
6176 69
2234 61
3443 49
2332 16
9526 58
8462 59
5292 28
1662 17
4190 69
5812 61
6821 3
5903 35
118 26
421 25
4479 2
669 43
8083 11
5431 16
1110 15
4758 55
1928 50
2027 45
2106 72
824 14
1170 3
7502 20
9554 55
4708 49
3127 29
7211 38
7062 0
8005 14
2388 39
3324 58
8245 47
8893 73
3951 53
295 19
9199 45
7701 66
2154 33
6839 46
6586 42
640 52
7373 36
9180 18
1006 33
1842 17
8784 29
9242 79
4503 56
1999 56
5698 37
8107 17
4702 79
2983 1
3672 35
2543 13
7503 14
4314 46
6148 35
3799 48
1295 25
6647 10
4195 79
4493 53
8436 61
8113 26
7820 73
285 77
4373 66
2930 48
5929 28
1938 5
1612 24
6307 4
9111 63
4862 53
2299 28
1050 27
2923 67
3711 62
6188 18
4008 19
375 2
4494 9
5494 73
2999 50
2068 64
2997 12
4261 12
5021 11
3282 43
7935 53
8565 45
9177 74
2640 13
4823 78
3512 10
175 21
2426 38
1068 41
6325 74
1874 43
538 68
5085 68
5270 46
3591 22
8295 76
4197 20
2640 18
5522 74
3288 16
9199 27
830 11
1787 37
1087 8
1595 35
5142 72
8876 15
1306 59
2344 33
7106 2
7215 9
9453 37
7655 21
8647 61
2439 47
4485 16
76 39
7886 7
2541 40
1881 29
2822 41
6426 70
4447 50
3526 57
6349 73
4649 76
5294 56
7125 27
8612 29
6047 4
1168 30
7916 34
1165 22
374 19
7971 33
3232 8
7297 47
2402 41
1336 73
8700 51
8749 14
9951 32
8725 55
8689 0
8977 63
4918 73
250 9
1910 25
8292 61
6206 51
7956 51
6005 62
8759 11
5955 38
456 38
7892 60
513 4
696 17
3100 11
4746 27
9586 32
7241 17
2696 54
6827 9
8052 48
7942 11
805 4
6095 66
2682 47
996 63
3775 15
7590 57
9651 64
1034 69
4392 23
456 61
9883 20
9711 49
2154 24
3637 71
4742 67
5368 47
4946 72
995 40
5802 63
7363 41
2373 55
5957 61
6554 54
6631 46
3700 30
5392 76
3341 79
5136 43
3075 35
2297 6
3808 73
4797 19
6942 1
1059 69
244 1
4754 8
4192 2
6659 77
7796 42
9453 34
829 70
2194 28
7827 68
1189 3
5692 43
666 27
3571 71
9544 27
274 53
9932 44
353 7
9624 64
4302 4
2570 28
5479 31
2048 35
5841 50
5310 48
1730 72
4592 63
4441 68
3217 25
2898 1
2935 11
2536 6
3920 34
393 37
3185 69
9606 65
2297 14
289 26
5757 54
4192 39
129 60
6088 78
9481 66
682 50
9776 69
1956 74
4576 6
1822 58
4753 74
7104 32
5037 26
5545 78
6602 40
91 47
6857 15
7748 23
2198 21
2987 59
4367 16
3607 10
2993 66
7274 71
9679 2
5760 52
7570 40
7304 76
7910 5
8262 13
9219 13
3829 49
6099 18
8317 40
502 14
1560 67
1693 28
5959 79
8478 36
7289 11
2207 33
7087 8
208 65
1934 77
3785 56
8263 4
3882 49
2532 37
8274 19
1804 44
7158 43
1816 73
7577 28
594 4
6285 16
9030 43
3155 9
3439 74
355 72
9375 6
3780 25
2190 6
8364 25
6142 62
6771 38
4873 73
9588 49
9243 34
3077 34
2866 63
880 25
7383 11
8429 12
8440 15
5034 18
1498 12
4686 42
5514 39
8961 9
4851 1
9224 62
2250 66
691 68
2507 18
943 35
1261 4
9272 3
4481 31
837 15
9101 42
9030 66
4280 67
9259 48
8105 11
5143 67
2011 66
7584 33
1776 27
4650 38
7154 76
1752 36
690 37
5005 67
3188 74
5349 22
7158 14
5636 28
594 78
9479 48
3371 55
8839 14
5241 37
8775 1
1169 57
1765 46
8246 37
2368 55
6625 56
853 77
4445 1
3725 21
2490 1
1597 5
8639 34
5674 44
7602 61
6540 27
9157 77
5602 52
3058 14
4229 29
20 65
9090 65
6707 63
1558 19
7129 7
7156 0
8392 54
4378 16
2544 34
2272 25
7658 35
7620 32
1491 15
8173 44
137 32
3017 41
1858 67
9397 6
6796 48
8453 28
7536 1
9862 59
2084 34
3129 18
703 51
4727 58
2514 76
8071 1
9818 62
7729 30
9662 66
9898 69
8653 64
3131 57
1907 46
441 25
7696 35
5948 41
746 55
2470 30
8930 25
4612 5
8962 76
2606 32
4848 79
7822 14
7000 40
4293 6
9057 28
6510 16
2664 29
3693 32
9651 65
8797 48
9630 42
3639 41
7133 24
8525 45
5383 55
4265 68
2165 70
8406 0
1680 70
7854 31
9189 58
3436 30
4986 65
8217 53
5402 78
3737 34
3613 0
5885 5
5518 51
4660 5
8059 34
2902 46
588 6
6774 72
409 0
6543 53
9997 15
7027 38
5368 79
556 74
6475 78
9559 69
3975 76
2046 73
5411 46
1052 3
6131 47
657 52
6845 68
8238 58
6769 10
6197 11
4830 31
2126 62
9881 57
2262 38
7087 7
3819 27
2805 34
3794 38
120 31
7289 41
5385 52
4729 58
4764 36
497 74
3705 57
8242 37
5398 61
4866 40
4039 5
8182 74
3756 43
3826 57
48 70
4822 18
9317 8
6333 61
6479 68
8730 18
5530 42
2483 28
4771 64
7322 56
7955 78
2695 41
6375 70
1100 12
6918 63
7241 67
7089 61
7351 65
5639 30
9803 1
2519 3
1324 51
5055 57
76 51
3424 19
6410 71
5206 22
7237 6
7634 16
7176 48
3764 22
2033 77
4562 73
255 54
547 20
5448 26
5822 37
5537 30
2984 69
466 37
3751 54
2825 55
2670 40
1836 33
5256 23
5680 25
5145 5
6541 59
6193 64
3670 69
7153 31
6001 60
8769 62
112 73
5646 4
3945 36
1310 29
5908 75
779 9
5613 79
8725 64
7927 75
3199 48
3656 65
1049 36
5221 19
3907 67
1807 59
8030 67
2597 24
76 40
3284 69
3826 28
5099 23
7191 28
7462 4
8640 45
8923 74
5145 42
3010 51
1306 27
2237 67
5737 51
3754 75
8695 38
7077 14
457 5
4205 76
8347 72
9670 64
5912 39
4465 19
6126 52
6133 60
4111 40
4121 69
11 41
6572 74
5546 4
9465 48
200 45
9975 47
8230 49
2427 62
8744 36
7782 74
1368 27
3416 2
1743 40
1456 18
1395 14
8054 42
2783 64
8096 59
3173 26
7713 45
2657 43
9978 47
1470 78
2815 77
747 35
8281 39
8231 31
935 68
5799 45
1911 50
7338 15
6374 8
6336 5
785 42
3119 72
2360 40
8155 4
8637 68
5312 48
3017 61
4171 59
1813 45
9351 5
7773 76
8171 71
8276 63
5212 0
1255 65
9363 61
9055 76
4990 51
339 67
376 60
4583 63
592 77
2375 36
1597 48
1510 64
9432 18
8035 47
1616 74
9274 62
7389 5
5993 42
4990 74
4051 36
4297 47
5495 20
2831 72
7909 6
8778 54
3730 53
64 36
5088 51
4739 73
5182 66
4069 43
3703 50
5606 65
5677 7
3497 2
9658 38
2291 15
5390 77
694 10
6017 60
3022 18
2599 52
1305 44
5510 42
7464 32
364 7
4965 61
8124 63
5597 25
2982 44
4467 56
7974 7
2988 24
6052 51
5483 24
1785 38
2356 19
5570 36
8163 61
5640 73
878 72
9621 67
5275 51
915 42
5816 48
3564 77
8182 65
2349 11
4503 78
1844 42
9094 37
7373 23
6735 78
3983 59
4798 10
3057 22
7554 40
755 58
3147 3
2939 55
537 28
2411 46
115 79
5700 68
3881 68
619 22
2272 69
5096 68
494 7
2588 43
1493 55
1006 18
9957 2
704 16
8019 64
5605 8
6530 62
1360 19
6258 56
7991 9
9913 63
6082 59
6666 76
5015 15
1894 65
6648 73
4332 24
9959 67
441 75
4125 57
9763 15
3462 19
8299 45
4919 16
9961 78
6318 59
5788 67
6011 13
9188 14
5860 47
579 1
3527 57
3144 49
114 12
7778 70
8803 73
1619 66
9985 28
3217 11
3593 40
3282 55
2071 64
2881 35
8691 47
2088 32
4817 21
1126 58
6379 15
9569 6
5009 2
7354 24
3334 19
2323 47
1020 70
6299 61
240 1
8823 6
3871 44
3818 68
1539 23
1094 37
4328 8
8172 2
5997 63
8146 60
1852 40
9966 53
7401 77
8380 56
7225 21
3807 7
9206 61
2358 47
1255 33
5155 58
4275 72
9289 16
1418 57
1307 11
1100 77
7514 22
1932 67
622 0
8569 9
8680 3
7347 30
6991 76
6902 18
3346 38
4130 38
1926 24
9536 53
6941 71
4038 78
5275 25
4674 29
7799 24
9840 53
1201 30
7428 45
8678 35
7834 20
8394 49
8315 18
9898 32
9308 12
8638 35
123 35
5490 13
4176 26
6214 17
4534 35
7049 70
9619 5
3110 35
7161 11
173 28
5932 28
893 73
6552 66
6902 79
1231 73
1135 14
3173 23
8011 23
8488 66
1106 55
6254 2
8087 68
9706 5
3803 2
6724 24
8475 35
4891 41
2463 73
3569 38
2823 73
273 17
9577 30
7319 67
3316 55
8295 57
9602 47
3475 32
8080 70
9054 41
9621 16
2684 40
8856 74
5304 47
1597 21
774 50
2261 17
1570 71
7615 39
6189 44
2857 3
5072 52
7984 12
1110 79
623 33
9892 5
6174 33
5683 63
8862 39
3306 35
1041 1
3460 42
8273 75
925 31
2112 29
5456 22
705 13
6822 70
4983 2
8565 36
3191 71
7490 14
292 56
8725 49
8265 13
1170 8
5910 16
1961 34
8856 27
1735 14
1703 51
5166 21
8989 43
8362 35
6577 23
6378 36
3947 14
4978 40
591 26
7498 50
5452 32
3752 67
9560 6
9225 61
30 70
1083 71
8013 14
5611 44
2742 32
3065 0
7905 13
2861 65
6000 41
2503 69
6450 27
1943 38
6695 52
7330 55
6500 9
7263 17
4668 78
6358 62
3608 65
4807 33
699 33
7431 32
482 25
5241 16
8932 44
2028 75
2436 78
934 32
2378 45
7969 24
5135 59
2109 0
1098 73
3691 8
6277 65
4772 7
3934 0
7628 8
4942 14
4990 69
9366 12
9048 46
7971 72
1881 6
3498 64
3858 11
7565 65
9733 0
2695 42
9 8
54 34
2574 33
6784 67
3097 11
5934 65
8716 36
5622 27
6286 65
368 61
9774 58
7728 79
8746 3
3453 78
1559 3
5662 37
2747 51
480 40
5938 53
2425 28
547 45
2025 54
87 48
356 63
5885 24
1510 32
6397 50
9990 64
3045 37
8781 23
919 46
2049 14
4752 12
3943 38
5270 5
7078 65
2358 3
354 48
4146 31
9422 26
409 72
1592 22
5311 48
3091 70
5505 36
6105 48
9617 5
7218 9
513 24
2334 16
8588 38
4634 53
7523 64
541 68
2161 4
4494 18
264 52
7566 51
5942 25
9710 21
973 68
1764 44
7039 60
1548 11
2330 57
7041 44
2375 12
7805 28
1682 41
6503 70
3034 66
8731 58
2521 65
5990 58
2919 65
5026 1
3995 10
7766 32
5157 71
237 23
8318 38
9835 76
6406 11
779 10
2353 33
3292 73
1072 78
2032 6
6717 34
3753 64
6108 44
5365 47
3738 57
4298 48
3952 42
521 48
6183 32
6765 37
259 23
4150 20
5913 28
6576 18
7157 77
7181 75
993 59
7436 40
72 14
5403 17
7422 22
3234 63
641 57
666 76
7730 78
8442 42
1709 36
6627 13
4460 31
5065 5
2025 65
9316 75
7293 17
8411 56
7950 75
1969 13
3485 4
3351 18
6716 71
6362 30
7587 1
165 64
6811 22
6405 40
8668 46
3990 37
362 47
473 60
637 24
7128 66
2635 7
1578 22
3767 23
3312 13
7156 74
1558 75
8981 15
6852 11
3960 48
9813 11
523 75
7289 55
5421 11
5847 33
6890 50
999 26
1329 69
1984 16
7010 20
6422 3
9587 52
872 53
2141 27
4658 78
690 56
6491 57
8876 44
5090 15
215 9
988 46
7757 53
2034 5
9 43
111 47
9285 30
1567 25
5633 59
2778 50
2928 42
2134 30
4988 32
2890 39
4389 21
3060 32
308 29
6440 23
2197 37
3335 7
7602 11
3433 39
4161 10
8516 67
4794 17
9106 20
9845 47
2816 15
7244 30
3323 7
1970 73
9648 47
7927 26
168 0
8725 37
1095 52
4298 74
5653 61
3456 75
8913 68
5837 75
5834 17
8689 47
7880 36
385 52
1503 63
1080 44
9433 64
5023 22
9578 46
2564 9
7606 79
7430 45
7410 67
909 38
3203 33
5406 29
8095 44
816 13
3883 2
5390 39
5370 65
5626 67
7538 6
7129 68
6002 3
3161 53
794 44
2568 6
4947 15
3268 30
9576 14
1539 43
8059 26
9567 45
9052 29
1838 75
8750 67
5901 49
2732 38
8271 23
8280 5
5491 31
9489 65
9009 74
4893 68
1699 7
8290 30
8074 9
2808 77
4562 20
7767 40
9077 52
8391 24
5424 26
2681 68
4585 52
1453 7
8050 40
9493 0
6814 45
7512 70
547 38
8562 6
2390 27
7717 58
8304 69
2004 24
2995 70
5728 20
6085 67
8967 67
560 64
9245 45
4629 38
9537 62
3499 51
810 9
8570 78
2938 41
1941 21
6171 70
8071 21
7867 32
3364 5
8790 76
5615 48
514 72
6593 77
2227 76
6460 28
3289 62
9095 31
6772 66
9120 51
9483 29
1466 58
4226 36
9046 23
5364 22
7333 21
9842 66
2272 19
6273 6
2899 64
5014 54
9212 31
1839 53
882 55
9549 19
3791 58
2530 3
76 48
5828 8
2724 15
3252 76
1936 25
564 12
8172 2
5317 3
492 77
2824 49
6118 18
9556 39
2292 78
6276 50
2426 22
162 34
1094 9
6154 22
8146 34
2947 54
4815 7
6651 45
4608 33
6115 0
5358 56
1816 63
3358 26
5693 55
933 39
1406 2
7105 28
6585 76
1275 27
1270 50
1578 35
8036 25
8718 65
7857 25
3839 67
4300 52
5524 20
361 70
5754 57
8843 74
3944 7
5283 55
3561 79
4413 70
3281 72
144 49
2168 7
4917 57
2635 13
6885 36
9774 28
5440 65
7069 23
7779 25
1045 22
3983 52
5121 35
9383 69
2332 36
7584 52
702 5
1902 69
240 33
9613 10
1435 29
2709 66
7223 49
4140 28
6209 52
6658 28
9220 51
2378 73
9889 77
4203 64
514 30
1604 57
1077 70
6524 20
2640 53
6739 63
5831 38
4329 71
2618 69
4497 24
1898 62
9982 68
9364 52
2478 44
6788 26
2759 29
2235 49
6505 9
388 15
9702 65
199 56
6220 13
848 12
1560 40
5475 61
3195 74
4502 11
5513 51
1044 61
6842 49
5730 78
4127 47
9664 66
7644 10
6629 68
7455 16
4859 61
6397 39
5667 35
2053 40
9730 44
5542 54
1325 61
3459 15
47 35
5321 46
7006 45
1520 25
5406 52
4532 62
6426 25
8086 69
489 57
6974 66
3022 79
5878 59
3666 22
8329 32
2378 9
6088 11
4999 58
579 21
748 11
8315 65
2821 28
9008 58
4917 65
6492 5
774 31
454 50
7353 68
2667 5
6617 48
1449 43
5661 3
622 75
6165 36
3550 10
2379 12
7547 27
850 13
8871 33
9753 66
5864 50
1806 36
8144 75
3026 21
7883 74
19 61
3172 28
1110 15
4642 67
5205 24
2826 19
4347 3
4102 57
1000 11
7680 24
6274 78
6440 50
1235 26
5738 0
2892 40
2177 30
6818 50
6274 70
9299 1
1054 71
9705 7
5041 49
115 70
1432 0
4078 75
2094 3
4140 59
6383 24
8967 8
3974 38
3239 15
3026 70
9980 66
7315 30
6733 45
1370 59
7076 23
5463 75
1836 39
5174 69
3841 48
2801 69
8820 43
9211 56
1255 63
9363 0
8014 0
4200 52
5116 49
2014 72
4809 71
2236 20
2731 11
148 35
6616 27
6027 43
396 31
3991 68
6683 3
699 54
7404 22
4255 3
5755 61
3851 30
7508 36
3785 7
3280 18
1849 21
9707 72
5129 30
4819 23
1106 38
9432 59
2741 17
3864 23
9719 70
8806 62
4868 67
5809 59
8275 55
2705 14
9950 32
8979 4
8039 66
2074 17
7695 64
1760 77
892 58
3872 72
3288 3
7663 59
8011 77
3750 29
180 19
3572 30
3275 67
3092 52
2694 71
5869 47
7831 47
3949 75
7340 12
8790 34
2003 43
1347 27
8037 60
9128 19
4946 14
2462 22
7775 72
6039 10
9623 7
5935 57
1362 63
2450 57
8660 64
6544 57
1407 23
1445 26
307 77
3008 39
8714 16
5504 19
4383 76
8946 46
8462 54
5363 67
307 5
2663 33
7417 77
4729 20
9487 25
836 16
976 37
8553 25
923 21
9262 49
5841 21
6525 31
1792 45
467 72
5693 49
6392 77
8755 67
7524 65
2834 69
3385 37
6740 31
7160 66
5107 73
6332 19
9583 54
8909 28
3091 77
1087 74
8703 4
6969 41
9571 28
9046 76
6713 52
1670 12
5880 58
2250 16
2239 5
3619 38
3192 56
5022 27
1969 35
1536 45
8395 60
3008 74
603 54
6012 4
4093 75
1009 67
4673 75
7681 71
5100 49
1564 73
4927 62
4068 29
5193 37
9933 39
4384 18
1743 70
2019 72
2997 17
9540 53
1884 29
5802 52
4181 56
3027 47
2685 5
2768 78
1464 20
4536 32
3825 29
1536 69
8776 41
2423 55
286 46
5614 3
5464 21
142 7
2863 25
2516 73
5688 30
4200 33
847 59
214 36
2337 53
5948 63
7062 58
9288 28
230 39
9390 52
9708 38
8763 65
9461 24
9815 30
8949 75
3464 46
6322 8
6002 70
3939 59
1607 8
723 48
9161 61
7740 39
1737 46
5059 19
1632 30
9498 4
171 72
9705 47
9254 64
5650 7
5321 25
4040 43
5974 51
3375 60
3275 30
5183 72
2551 63
5384 72
5261 14
129 50
3681 58
3121 60
2155 9
6482 62
6018 48
7718 2
672 60
5470 43
4341 42
2979 31
2514 9
4050 19
212 58
7506 2
6433 17
2296 72
8677 27
9836 49
3469 59
4058 9
2118 67
4715 0
7102 43
3487 60
5313 49
560 75
8810 30
2126 3
2033 17
611 40
2253 58
9375 42
6515 5
7329 23
2258 48
8469 36
7858 11
763 68
1902 43
7540 2
1173 75
5482 1
323 1
7112 78
7848 40
997 62
1099 46
9471 57
981 76
7021 3
1013 77
4397 51
2279 61
1373 50
8969 64
4293 49
9505 29
8770 55
2781 37
6574 70
6975 3
2000 9
5240 1
9976 28
5080 36
9687 24
648 22
840 42
5672 62
7063 30
1327 14
7275 13
1082 41
1796 48
8379 31
454 16
7088 22
24 44
396 54
4932 70
3833 17
2688 59
9168 14
8535 12
9206 1
9364 29
3180 8
5848 26
4543 36
1186 17
3935 2
4621 64
2148 53
671 44
519 18
5225 75
3669 8
1174 78
8961 26
1442 15
1373 42
2032 19
3412 3
3672 43
5473 3
4961 61
3781 51
2076 74
9669 21
7337 12
5964 9
1891 78
5051 60
1979 72
7087 77
6788 53
1538 77
7750 51
7044 67
8075 54
129 73
9646 25
7680 70
7835 34
2864 25
7318 1
5802 79
7505 69
8036 1
7818 59
6289 29
8687 51
1902 46
8526 33
8625 75
517 45
4623 10
4368 8
5638 47
3559 76
1549 69
1385 14
916 55
2774 34
8968 11
6767 75
3241 43
9241 30
3909 2
3659 33
8345 16
1099 6
8778 10
4342 46
3484 33
3775 44
5848 61
8777 55
8593 37
7030 74
620 62
1540 76
105 14
1118 56
461 11
323 8
3240 21
9440 19
5925 61
3502 48
7438 49
5518 5
9734 21
8847 33
6320 47
768 18
6624 30
884 51
2320 24
2368 38
3089 63
9136 10
3206 64
1682 41
3205 8
1202 17
3201 2
4821 29
5211 17
6525 31
1813 23
4677 28
9360 0
7105 4
205 14
8978 44
1266 65
8099 58
9510 18
2834 44
5156 77
2297 70
6599 41
845 70
6901 22
6522 37
8577 33
9703 13
552 6
4127 65
7299 35
8153 14
4016 53
7848 60
2801 2
7359 64
7797 18
9714 18
348 58
5807 21
9367 54
9281 72
9802 51
3606 9
48 38
9013 33
1504 60
8246 15
3150 63
8444 21
9429 34
2431 41
3923 26
924 73
2371 57
2537 79
5348 7
1985 12
1448 79
7974 35
9425 35
8279 53
8716 77
8347 5
8300 20
9560 72
6765 71
3663 11
7295 41
7442 16
9725 9
4158 38
4127 44
3895 3
4743 25
1808 65
6428 49
7660 19
7188 58
6673 51
9852 54
3797 41
6767 20
3523 9
1727 19
4522 58
6181 30
1400 47
9742 57
2595 4
1046 7
3395 6
8389 37
8750 14
9617 38
4883 44
1063 59
2883 29
3858 79
9049 9
3808 60
3372 27
5899 14
7798 62
4076 2
8730 48
3449 27
342 5
4423 49
5436 27
7551 5
3345 70
3343 22
7503 55
9473 57
5922 77
8943 9
3034 72
9255 27
4674 6
3455 60
5374 77
3917 57
2146 20
1331 11
6125 46
1947 13
9665 51
7053 59
5285 76
8255 73
8167 11
9447 77
3733 21
1532 74
8173 45
8042 26
3761 15
9830 70
3506 69
3537 5
9 9
2357 64
8682 8
2808 30
1379 63
417 49
2127 37
187 27
8300 53
9576 62
6101 54
0 15
5212 72
5481 70
1258 77
1995 5
2272 18
7544 51
5785 9
9866 19
8219 69
2586 54
7071 16
6226 57
4556 12
2407 44
4203 4
2847 65
6 31
8806 29
2043 33
1862 14
4879 77
5212 25
47 42
2439 79
9465 17
1652 75
2744 32
9662 11
6275 47
7629 40
3768 29
9091 51
7119 21
1492 46
8859 3
3893 21
9517 60
3745 55
4928 79
5688 53
3684 71
6592 21
9871 42
1060 67
6189 33
7627 69
5582 3
4818 57
5155 32
3233 14
8345 24
9861 76
299 38
1978 65
1451 44
2794 8
6899 76
5384 8
199 63
1649 38
167 6
7322 72
959 12
2039 72
4150 20
2023 49
8524 19
3787 73
7036 44
1493 58
5715 37
3302 14
2795 67
4639 23
7403 38
8043 73
5578 67
2274 37
5950 58
1167 34
3803 35
5439 74
8867 10
3003 78
4611 4
4346 55
8948 13
2536 26
4450 16
1682 39
8616 66
318 31
5021 11
2528 15
46 50
174 45
7851 68
46 46
818 64
3967 33
9746 2
3821 12
825 42
208 49
1560 40
1486 60
4664 7
7915 60
9480 3
2063 75
7486 24
8622 44
7529 24
1279 32
7465 41
9491 37
3872 25
625 76
6895 14
2681 37
1351 62
8653 57
1484 56
3092 20
5329 14
9293 61
5715 0
6290 67
1158 21
9874 37
8433 72
8622 46
1816 13
8429 28
7706 79
7091 76
9161 23
5840 3
7613 59
7449 43
5957 16
4699 8
4866 30
4013 22
9093 31
2452 1
4421 50
536 17
4490 51
6948 32
5706 63
706 40
9043 54
8292 62
9166 2
2332 37
1476 46
8997 49
1228 5
5445 73
9622 73
3377 72
4863 12
3236 0
3182 62
4360 43
1238 3
2646 15
4022 16
3760 61
901 18
4968 23
7298 12
1096 76
1734 59
5787 49
1723 23
8696 77
4750 8
7288 65
474 34
5174 66
497 79
7171 52
3218 72
1682 53
518 15
7905 36
8640 12
5530 28
2441 2
8774 16
4602 30
2370 5
2409 27
5418 6
5944 20
1122 56
489 7
9335 60
8127 18
7745 26
9123 30
8941 48
1805 68
171 22
5944 0
129 28
933 33
8809 51
5932 73
7151 69
6353 71
647 35
8046 63
7453 73
6767 51
9306 47
6442 49
7005 31
9298 8
3988 45
8527 23
4007 40
7372 68
876 44
1649 6
8253 18
2747 48
1417 21
3748 43
9013 16
716 14
7764 41
94 28
7456 5
7501 59
9272 71
8921 44
1684 56
7772 60
8372 4
7007 54
1012 47
8891 50
1961 34
3063 62
9162 6
4196 56
3882 28
9132 5
169 38
3984 49
3395 5
3627 4
1145 17
3096 12
3058 62
239 45
3514 17
798 2
2129 47
9747 46
7384 78
1310 52
6391 11
3723 79
8112 55
9963 47
8699 62
5936 1
2059 53
8267 41
8912 48
6019 78
4000 45
1310 19
4772 16
5946 62
4663 76
7462 38
8293 43
4337 30
2393 74
5086 8
3522 52
9430 24
2191 57
9403 6
4681 27
6329 63
6299 53
9968 41
3091 41
9814 33
2503 68
3117 67
6952 79
8166 69
7777 53
495 49
7658 44
8336 12
3420 18
5881 40
9579 54
4148 2
8768 47
1603 9
2353 29
4581 28
7699 26
2248 30
8709 77
1891 10
6271 27
8409 60
6315 26
2874 19
6542 35
3810 34
769 19
255 13
2207 30
5512 70
7288 1
3554 4
5282 19
6855 76
3123 38
580 63
1688 32
2650 64
1159 49
3036 16
4107 64
4905 72
3428 6
9701 18
1797 23
9646 5
7020 40
3402 59
1965 33
5100 48
3816 49
359 25
5995 8
922 47
348 54
6857 71
7838 13
431 47
3673 21
3484 70
7510 60
1706 56
2503 39
3375 22
6690 74
4433 14
9452 48
7721 12
2926 56
2794 13
6759 60
2372 75
9870 31
7389 74
8809 2
951 77
7458 66
9981 38
8329 18
724 25
6426 1
7325 11
7144 8
4686 60
1278 2
1524 14
6194 24
1393 17
146 24
1355 61
8863 65
1098 75
789 14
1117 65
3383 77
4129 56
7473 10
2497 43
3331 13
2752 45
220 76
4751 71
5930 46
7554 62
7109 46
3649 61
1194 72
6166 68
8780 3
2868 77
6363 43
8598 70
9938 25
5585 0
6586 18
555 19
3219 9
97 76
2184 17
3525 52
7175 52
5727 62
3794 57
2043 44
2319 53
3781 30
7551 17
5771 57
8229 67
63 32
8394 28
1383 66
8207 61
653 47
3170 7
4054 56
8054 46
494 50
5348 56
8823 71
3894 24
9448 25
8056 2
4611 68
9450 10
756 47
107 30
4412 78
41 12
1716 71
2149 33
9777 62
9772 32
2425 32
807 11
312 56
8075 64
2012 50
6881 67
8025 10
3084 20
1274 32
2031 61
7876 74
9706 75
51 69
9736 54
1605 74
3226 78
4108 9
1627 20
3690 37
9162 34
5174 12
1283 8
5683 64
6481 20
5641 55
3459 45
1779 44
1650 76
167 79
3044 72
4781 32
669 76
5756 67
8881 55
5980 16
9911 0
2456 59
7560 36
2763 75
5307 62
3824 73
9573 33
1984 22
1512 37
3130 41
8819 44
8294 68
4240 47
8561 18
5267 74
2818 31
3256 16
3101 19
9877 44
666 77
9794 6
4630 41
2446 78
8070 61
2494 9
5036 38
4503 69
5014 57
2758 10
3099 24
492 46
9273 4
7191 69
6435 25
4253 68
7882 59
702 32
921 27
9434 8
999 38
9545 76
2202 74
4800 40
1360 5
5471 33
5246 76
8720 42
331 36
1077 67
7600 33
7438 63
3353 25
7917 33
7449 52
6173 35
1368 67
2677 34
5509 73
8316 41
9294 10
9900 40
1393 47
9403 48
3978 35
7758 46
3312 62
4112 2
1547 43
8759 60
8922 7
3349 66
7483 73
3355 15
7797 8
1301 43
5741 30
2403 35
6920 55
164 5
8137 5
204 43
27 36
9471 33
1117 53
7348 4
2777 41
3266 41
4026 28
7930 24
6675 11
7201 67
2243 67
734 38
1898 8
3066 45
8623 78
8773 44
9522 24
6479 47
2616 43
6836 47
1673 13
1784 46
3689 31
4148 63
5695 53
2829 21
3572 46
9330 38
4775 36
9781 59
9924 2
9277 55
566 77
6403 65
5041 32
4291 16
1206 40
8510 35
9406 24
3109 58
4619 74
7164 52
7143 51
7101 38
5897 66
6455 68
8030 69
1649 31
1154 23
8200 59
427 42
2106 76
8925 13
7064 60
1660 26
4825 12
3807 15
9942 5
872 70
5341 41
6429 19
4321 59
2409 74
6824 56
5765 11
7016 0
6183 11
2068 69
4897 64
3591 63
4274 8
6620 57
8265 55
8130 28
6524 11
2329 37
5502 61
5257 38
1612 55
503 38
7440 76
5696 69
6009 73
194 33
3565 70
6414 14
3703 8
4056 21
8414 54
2185 28
4160 38
5967 46
5375 4
1005 22
3285 62
428 77
3266 31
6497 46
5425 38
5227 18
4506 50
5539 14
8405 76
6291 37
8425 65
2859 74
9994 27
9933 70
138 59
8916 66
8876 20
1559 66
462 39
4229 46
2665 71
2665 30
7148 8
2199 50
8529 57
5530 11
3936 43
5632 41
1098 29
4710 2
268 6
2370 76
5355 46
7926 7
119 57
9590 74
7925 0
6673 72
1204 45
9844 79
949 36
6177 29
5687 25
3111 15
1433 66
3203 7
8143 42
4616 73
5862 30
304 34
9939 7
6025 38
3223 69
3295 69
9494 69
9424 56
8844 63
7563 62
9443 78
5034 78
9982 28
8078 40
8326 42
1473 60
8945 41
4215 54
3059 40
6269 21
1111 42
6805 55
6484 35
2354 35
3983 15
6886 66
7085 31
7268 74
6540 17
7857 73
4056 74
2697 10
924 3
6931 71
1629 61
8747 76
1411 67
3175 19
789 27
8361 66
6703 40
5225 45
4480 31
3732 72
9600 67
2139 30
3835 15
4360 7
1063 48
8481 41
6537 29
6756 14
1498 67
1942 62
8143 33
9436 41
3342 13
7927 19
1621 18
3055 28
2404 7
3999 11
993 12
9842 71
381 35
1130 1
8164 57
7568 33
3067 64
5686 11
9356 74
2831 29
1885 4
5493 73
1618 77
6595 58
4260 33
3605 68
5494 70
5558 13
7523 66
8133 33
3274 23
6912 71
1891 29
4252 46
874 74
9657 66
4543 16
5662 17
1962 67
9102 37
5841 5
8496 14
5562 64
8968 61
7178 0
6219 47
1920 10
1280 36
3552 29
1323 75
8740 4
2034 76
8552 68
169 33
975 56
7563 2
6018 55
2429 28
7301 31
5004 13
4490 48
2077 14
9925 39
2462 61
9000 21
2560 22
4618 76
9997 46
1244 54
1694 44
4934 17
4797 52
3750 11
1960 66
6294 22
7939 79
492 39
497 34
877 17
3566 38
2923 74
6622 36
1013 6
3307 45
9161 24
2321 70
2495 34
8628 17
7840 20
11 52
9283 41
7998 40
2970 74
3853 63
2095 13
3089 67
3011 14
5147 71
6464 72
4074 45
5122 63
1109 20
4010 13
3148 58
9086 24
843 54
418 13
8668 75
8347 59
3241 42
6454 62
4653 23
9384 70
2946 21
973 19
7395 1
9822 31
9496 24
9162 9
7657 6
4538 9
1506 60
8160 21
2421 45
1650 63
8868 21
5531 72
1123 7
1244 54
2426 49
6120 77
8131 62
1961 60
2161 8
6914 7
2999 71
3585 61
3627 59
3590 37
5045 50
3265 26
2099 6
4918 0
2299 70
3675 49
5117 15
2845 9
7761 23
3926 42
7787 6
3747 61
261 18
6715 54
2738 37
7789 50
9977 77
4844 48
2001 16
7195 57
6421 41
100 29
2623 67
173 76
5819 17
2320 13
5301 56
8914 78
4273 42
1360 25
1623 48
4293 16
1239 3
5675 69
3554 71
7583 8
8980 68
6468 77
2074 34
1090 57
8230 32
1964 57
4752 49
2804 63
5238 4
9330 74
3294 31
2203 49
543 72
6625 45
363 31
1995 0
2690 10
7927 53
2080 62
7288 36
6560 72
5243 2
3659 22
3304 67
7811 68
840 46
4875 54
3857 60
3588 47
5607 43
2179 60
9852 37
8424 16
393 40
4717 77
8400 50
1003 28
1773 11
103 57
8963 15
5146 14
3276 22
9482 9
5263 18
1028 29
7981 37
8531 19
6720 60
4734 10
7762 75
3313 2
9588 70
5858 1
1312 58
7605 31
2312 70
6156 21
7068 57
81 45
5821 41
3364 37
3219 61
7656 38
9037 24
4084 76
1386 67
1530 1
7301 37
7175 74
6486 17
8338 29
7808 44
3051 61
7891 42
316 36
1323 53
2605 29
4908 24
5782 43
3911 78
7152 25
9401 50
842 62
3385 50
8130 12
298 37
6533 22
1040 22
3108 76
192 77
7282 52
4150 40
9447 7
6534 43
5894 53
8940 49
1213 37
5172 77
1457 45
2106 2
3969 59
5570 27
8643 14
954 8
7043 68
1750 21
5489 32
6751 25
9861 7
6349 8
4761 40
1832 53
798 54
2930 40
3721 19
8693 40
9389 58
2357 69
7377 57
6510 52
38 42
4874 24
673 28
734 9
9800 34
1184 52
8932 24
2140 15
4552 14
4669 23
315 51
3391 72
6038 62
9890 40
1472 43
46 48
9362 49
2804 72
5828 28
9232 62
5647 28
5170 35
8435 73
4380 50
4352 17
8428 30
5828 16
2341 7
6122 43
7550 24
1928 25
8715 32
7822 14
4330 58
7658 21
9645 76
9109 73
2094 57
5264 16
8523 3
118 21
3073 64
3389 64
8658 40
8232 68
5636 25
824 37
9553 38
5383 21
1541 67
990 25
652 5
4692 60
3223 58
6394 0
2935 69
7904 12
3452 67
1841 70
6177 31
1928 46
4656 46
1908 37
4129 73
790 41
7870 5
5197 14
6506 0
2119 26
9273 57
5277 13
9948 60
9500 10
6235 42
5795 23
8108 33
8210 61
1756 29
5290 76
6313 58
5109 63
8756 21
4930 71
6109 46
2411 54
4690 60
8918 27
4394 77
5317 21
7200 56
8827 69
6233 66
8761 68
1994 73
6568 30
5969 15
1018 42
3632 71
6499 8
374 21
8911 38
8712 37
9207 78
5327 12
7698 79
8122 34
9037 38
2416 4
6317 56
9922 53
7956 15
6266 44
7690 32
2667 14
4912 21
2850 41
2479 75
9280 10
2488 58
8562 43
3855 76
6699 29
9849 44
3809 13
8045 45
9686 22
1718 4
6405 36
3580 67
3761 0
1818 18
5983 13
2696 28
2124 29
205 20
3481 64
5551 66
8730 11
7411 45
6137 33
7409 38
2262 49
7731 79
5307 43
4225 23
4305 16
929 36
1144 69
8506 27
5863 19
1479 78
5394 31
8916 18
2267 65
4251 44
8587 51
5863 56
8616 24
3874 22
8125 38
2713 66
3178 49
690 13
4848 54
5372 13
7048 16
4658 14
7939 11
9434 67
2422 51
5350 14
9946 55
2026 7
4191 48
546 44
4726 56
4645 69
2265 57
747 3
2937 3
3999 37
3286 73
4468 7
8431 72
1292 71
4486 5
4146 5
8426 66
113 38
1389 45
6414 53
2077 21
1524 39
5047 10
3518 9
949 32
5036 24
2643 15
6055 29
9009 11
2911 51
4543 27
6207 54
5905 55
8503 26
6611 3
4643 69
3346 66
2889 26
5215 9
8545 51
6680 66
3236 58
3219 41
3550 36
2328 7
1104 27
8379 40
5496 6
602 27
9661 23
8914 6
839 17
5079 51
5787 3
4512 74
6694 5
9962 60
3920 15
6910 42
9766 65
4108 32
4553 18
2648 2
5643 40
9419 65
4935 0
9032 41
980 11
6926 26
3002 38
4774 1
1828 36
5190 19
8347 26
1766 22
4596 54
7582 43
3769 45
1672 75
137 32
7142 61
707 10
2674 66
7896 9
8356 46
4436 70
7615 34
2885 50
7333 26
1436 31
5360 64
5611 57
4291 60
7787 79
3898 57
2783 2
6880 4
1002 73
2552 3
4567 61
2675 64
5096 8
9895 1
3443 53
1274 38
1498 36
8347 62
5787 29
5695 21
3657 46
9756 46
9734 34
3697 57
1971 48
4743 2
716 29
4356 6
483 31
1076 18
3772 16
9870 58
4988 75
9030 34
7101 6
6965 13
6857 27
7078 79
4390 5
1577 49
5469 68
1119 49
5151 29
9439 3
662 0
8948 41
8782 23
9537 42
1167 9
2857 1
3910 56
4182 37
833 77
7919 17
185 13
8826 63
8187 24
4526 37
1972 63
3988 28
4395 15
7253 9
3225 30
9860 59
1725 49
275 0
6378 7
4787 67
7453 22
7123 6
493 0
5799 55
3554 49
1630 3
6690 40
5101 4
6149 0
9073 8
3848 58
1735 32
1455 8
3749 49
16 8
4611 74
5010 11
2346 35
2693 49
493 46
8174 51
4823 61
6227 45
8410 0
2637 6
6301 56
1913 61
628 29
2235 50
3655 57
6343 30
7583 79
6633 79
2094 43
8837 20
9123 72
8889 66
729 40
1991 65
2303 51
661 22
8040 47
3239 45
5694 7
5987 50
1237 76
8592 44
5244 69
2007 23
3133 4
4720 77
1402 55
3857 1
4097 71
7891 71
8132 49
9747 35
3500 79
1766 13
8267 2
6754 77
946 13
5873 8
7296 17
1080 23
1159 65
3397 65
4470 65
3764 69
6205 0
9300 70
6635 79
8737 34
4899 61
5337 33
3033 0
4852 7
7760 50
4017 5
6194 70
5321 51
2423 69
8187 50
2610 42
4387 17
3339 6
2766 63
850 48
9763 71
624 61
9798 13
2747 72
3892 51
9142 46
1163 40
692 56
4644 46
6030 70
3287 54
9274 53
4541 42
3000 44
6666 7
3660 57
422 37
6305 51
6847 53
9389 11
875 70
5135 52
12 3
1273 76
6041 77
7126 6
5953 32
4908 22
5953 52
9628 72
1548 35
6588 61
3837 17
6151 67
9692 77
7772 31
8143 3
9928 42
9069 28
6682 53
2143 67
6573 59
6300 52
5494 18
9525 67
3306 76
4061 5
3713 48
1677 47
7452 64
3525 42
2422 56
5761 64
6319 2
2643 38
4446 72
4135 21
9430 7
9740 6
3225 60
9861 10
121 78
1088 35
5825 39
2957 3
82 32
3247 79
3752 8
9404 63
8476 17
1911 69
2989 24
6116 71
2526 47
5965 10
4735 8
2510 61
201 16
5369 0
3895 5
6818 16
4439 38
247 48
3335 22
2424 36
9682 60
577 13
391 25
4401 60
1897 7
567 69
381 43
6805 66
7979 23
3428 0
2767 47
7426 74
2280 37
6425 65
2132 67
1269 69
2119 69
3685 50
4759 48
1915 9
2492 35
5862 26
4815 72
2512 11
9046 55
2888 24
5245 56
1816 71
9669 50
9365 70
2000 5
8240 35
1562 17
1521 24
1733 1
2794 66
1920 55
3787 28
2789 68
7315 29
825 20
2604 74
3750 4
887 9
1245 34
7918 19
5982 32
3431 37
1530 35
7242 4
6771 46
6325 26
698 6
5390 33
9918 34
6531 43
9821 2
101 28
3439 72
3843 36
1337 23
5250 61
1362 39
5007 61
251 65
616 72
903 61
2092 22
8129 38
9246 44
4495 55
8409 10
7458 21
4976 64
1824 56
7426 30
6411 38
1241 54
6197 14
5011 48
1765 14
9716 10
9676 2
7124 10
444 26
6964 34
3201 54
3747 14
7730 48
2224 76
4092 38
8536 25
9614 35
5005 20
6515 25
9824 34
419 62
6082 77
4500 48
4259 25
8802 5
7111 5
8923 51
6919 74
8689 57
5242 35
9102 24
7463 41
9804 18
4089 42
2310 61
6671 54
4742 36
8900 5
1413 27
9328 24
8489 28
6237 43
9829 35
2230 51
3 50
1360 74
2162 66
6093 36
7440 7
8554 60
4647 78
4261 65
3143 53
6320 39
5931 72
4821 11
635 52
3558 22
2122 57
6424 13
1680 17
7053 35
5305 55
7736 76
3872 5
9639 63
5300 15
9989 70
8980 54
4221 21
567 42
283 69
2457 31
1169 28
5122 42
9184 75
5198 8
4662 52
8038 43
8819 37
3823 2
2239 21
664 20
9190 26
9541 41
16 69
2662 69
4437 11
3203 2
5815 32
5300 9
296 18
4725 44
1903 63
1402 35
4815 4
765 65
6700 68
7620 18
3022 65
6549 3
4410 58
9082 62
378 64
9683 49
9874 22
1544 10
1619 54
2888 33
3445 58
8250 34
6434 77
8586 5
2855 47
5842 76
6330 46
11 40
9280 24
7552 8
6152 58
3272 48
5476 67
7290 66
5746 58
6068 59
7375 40
5279 76
2719 52
9384 67
4964 74
2556 6
9392 71
3593 28
2432 35
9585 56
2092 43
4907 35
992 25
6562 36
537 3
2169 78
564 77
5507 22
8077 60
5390 64
2045 9
7405 5
2801 13
3903 19
8468 47
2156 49
4091 39
8968 29
4337 78
9450 68
7671 36
9468 46
9987 14
4593 19
9877 58
7031 62
8042 48
7694 12
1484 23
5984 65
3951 0
5714 72
3078 67
8831 4
230 37
9925 39
8165 3
1630 30
7142 77
6525 40
4739 34
7265 66
3212 51
8471 32
8193 71
3797 57
4937 11
935 48
8337 35
7546 10
5333 50
4170 17
2411 50
132 36
4226 32
5311 40
4876 7
7246 48
1094 39
338 4
1389 18
4819 1
3048 19
1814 45
3348 43
5026 53
9944 41
5986 5
5594 53
4420 67
752 74
3370 24
7308 62
9915 60
4618 79
9 77
6250 43
8558 11
2327 44
9585 4
4415 46
7685 23
3912 30
3735 39
3458 49
1583 46
3020 31
8019 75
2629 42
7505 25
7804 78
7012 78
2241 39
9185 29
9891 42
5648 72
3382 1
1937 5
155 6
7015 60
4460 10
5326 42
4511 51
487 53
6631 48
140 61
7086 27
4732 43
1654 42
1571 25
5279 65
8977 29
4218 71
4378 19
5020 3
6452 39
8097 68
5549 12
9148 26
3013 11
414 4
6263 59
4068 39
4416 25
7865 23
8785 20
2510 69
970 24
2613 37
7919 22
483 11
564 76
3802 34
9805 22
1303 40
6333 64
7093 58
9919 38
6816 39
5109 11
4073 51
4078 66
3507 59
1100 61
1026 15
8856 63
2099 33
6313 64
7076 57
8038 13
3342 2
8976 41
6918 37
7772 36
4175 16
8143 37
8568 66
7993 23
1573 37
7351 62
8327 25
2460 5
6715 73
6164 22
4116 76
776 5
2089 43
6955 9
2728 74
886 7
8620 52
1213 28
7332 39
9963 23
7301 41
3286 2
8057 38
2689 11
2774 71
8322 35
3612 17
3186 50
3316 55
1525 4
5903 76
5173 52
6867 25
9672 36
1586 23
4530 6
8209 74
385 42
6525 27
8328 5
8787 64
8222 74
8673 73
3182 71
411 10
7908 79
4751 16
7112 15
2701 34
1599 64
4245 54
4637 8
9229 76
5456 28
1120 59
1664 22
7568 54
536 15
1194 27
9040 42
571 8
3684 29
9204 10
9771 28
2311 51
5883 52
823 39
5383 0
6419 20
5970 60
8448 43
424 68
219 63
5098 23
1021 41
4748 78
8836 53
7043 3
2130 77
5623 47
5509 64
8285 20
3410 47
3764 20
8856 36
9884 12
2695 47
2759 1
1126 14
5434 69
2881 40
3280 22
9147 22
3140 68
1189 62
2833 76
5782 30
0 21
185 50
9944 6
3263 2
9223 19
3806 42
808 2
9551 7
2788 46
9690 11
3422 72
5835 78
6136 52
3078 1
487 23
982 15
3676 59
1673 3
5034 60
5226 64
1319 18
9051 1
6733 60
1720 78
5914 37
3056 7
5042 22
7962 32
5090 40
7802 41
4068 52
7020 25
1896 72
438 71
3559 40
3649 68
6389 15
6518 72
2587 17
9500 71
3213 47
2819 32
3660 69
9343 34
7128 67
1665 44
8352 38
8529 79
4744 67
8038 65
848 31
2375 65
3863 62
5124 66
4812 70
102 7
5876 15
111 25
359 9
5097 8
787 42
8138 11
6308 3
9944 37
343 13
8579 71
3030 21
1308 44
9788 2
3987 4
1491 47
2348 16
783 25
8389 71
8341 54
4939 68
5055 0
6432 29
5423 13
5056 63
242 60
601 27
871 62
4192 71
3481 79
8744 18
3147 48
9796 40
3837 2
6395 46
3760 64
6690 43
2261 57
6371 20
9525 57
2809 66
2012 68
8661 65
966 30
3300 7
3695 25
8374 15
2127 44
3043 2
9384 45
8576 50
9004 59
3359 18
8238 74
3048 36
2206 59
1079 64
8271 72
8077 78
2354 73
7552 1
8258 54
6816 16
791 9
5170 50
1148 46
617 6
8679 11
6762 44
578 6
4119 35
3140 23
8199 63
9764 60
4037 38
8908 67
2857 8
3740 55
5083 41
6685 25
2739 45
6575 10
1848 78
135 51
7887 45
2008 66
8967 51
8107 49
7786 50
5362 52
5444 13
312 63
4810 16
680 66
7174 61
4954 34
4090 21
5886 5
8584 64
9850 57
6391 57
6099 65
3162 40
3992 45
6573 29
2453 37
554 54
2473 67
9935 45
3075 58
3244 65
2484 70
2172 0
1358 1
3856 30
700 15
4245 68
3355 8
40 7
1721 47
6038 68
83 35
1510 6
6540 65
9300 3
3945 68
6631 57
4524 59
2034 16
3961 5
1144 76
3991 59
91 34
4367 41
4926 4
6274 75
4964 75
5577 49
7509 16
6844 62
3260 23
3071 35
242 40
4635 67
4407 11
7587 18
5089 32
301 63
8764 56
8611 75
9129 51
3053 37
1041 55
8162 35
7436 9
4265 47
7044 44
7631 75
7291 67
6605 51
8716 4
9045 14
4634 60
1922 48
5772 25
7152 31
1337 23
3972 64
2890 42
3969 14
2139 37
1133 70
90 37
8695 17
7736 62
7542 31
5846 47
3044 76
2043 52
7264 50
6419 8
8890 44
4019 37
6180 17
8475 58
1143 21
4596 8
1617 8
4623 40
5361 41
2226 28
8751 11
1404 17
2381 17
2277 62
8456 41
2996 27
9135 67
1423 17
1075 45
8686 58
9569 12
5033 53
9912 57
5894 24
9492 53
5404 34
8866 58
9760 28
1030 64
9832 59
6656 57
4026 54
6979 74
9982 30
5940 54
2053 14
3294 40
715 48
4982 77
8506 26
3353 59
7832 51
4712 2
7577 70
7178 46
2764 66
6387 54
9481 59
6580 52
1381 1
64 65
1461 42
4899 60
8075 31
9945 55
4393 32
3094 47
3000 5
4978 70
3350 18
4417 78
7331 5
4420 68
7484 63
405 38
6395 29
2961 66
428 35
5805 29
615 4
1690 45
5307 32
6220 4
2960 26
6376 41
3791 36
7627 4
7183 25
6091 70
6475 23
6383 35
8798 40
3417 13
9793 59
6886 30
9065 20
5686 50
6956 76
156 78
8050 22
458 65
5223 32
4362 69
3733 66
9848 34
9944 38
2278 48
1110 51
4304 22
297 72
827 36
1057 34
984 73
7148 42
5296 2
9403 46
8227 48
7549 10
2001 20
9982 51
8721 74
6058 64
3963 32
8261 69
7134 17
819 45
4797 18
3049 35
8876 39
6596 13
1821 67
5550 6
6434 75
6418 7
1980 38
4478 65
6849 52
2502 73
1993 7
8932 0
1381 2
937 14
8536 60
7528 75
4342 33
2712 10
2572 22
3394 2
6403 6
9036 57
9797 62
5606 31
2939 66
9389 37
6261 26
5297 41
1955 12
7056 15
7509 39
3551 45
1169 25
4992 35
2289 46
9605 37
2455 5
765 6
4686 33
3868 67
5621 25
3152 25
6858 76
8370 67
876 21
4931 69
5135 54
1459 62
7238 36
6557 29
6644 15
1640 20
4956 12
4862 33
7217 65
4495 46
5727 29
2718 55
6184 17
5422 52
9250 79
4191 18
2746 61
1530 66
8192 6
443 13
3902 46
7595 50
9287 15
9850 62
3406 69
7031 23
9961 34
8780 53
8842 62
4575 45
2376 47
1913 76
5963 33
4635 28
3413 35
9384 54
3776 30
5693 36
6780 2
9511 65
7757 78
9437 32
5166 28
88 6
2217 7
7804 21
3046 42
2374 5
3554 6
6332 17
4547 63
2514 28
503 52
5766 30
4235 9
9435 31
4966 34
4405 30
1323 15
8080 46
3321 15
6877 78
1674 50
1670 3
2702 15
2459 5
7431 14
3395 3
6212 19
1945 51
2242 23
1458 10
9489 69
9192 68
2044 30
1720 33
8909 42
5102 45
5112 76
9533 10
1495 48
9673 43
235 67
7619 31
3317 15
2608 8
2078 34
6792 40
92 74
3418 40
70 31
7492 68
1872 28
9355 69
766 76
259 12
6771 13
5483 8
3414 36
1760 53
1381 29
5204 33
9827 44
3320 76
4355 37
5130 11
8163 4
5933 25
1459 10
2665 11
939 70
7142 46
3915 59
6311 48
6960 19
2371 7
6681 64
490 2
4340 10
2654 10
6586 75
8506 20
9253 3
8585 22
1812 8
3914 35
3529 77
734 37
4671 30
5048 38
6804 53
2689 27
7325 61
9482 30
5056 17
2941 6
4660 47
9313 69
5584 46
8313 62
7554 9
6001 32
6136 71
5901 20
3177 40
7229 31
4845 15
5706 36
3136 23
6156 41
2603 19
8272 4
9708 69
426 67
2991 26
4789 69
8196 65
1638 39
184 38
6893 63
2166 48
6108 14
1802 19
8611 22
7440 2
7615 41
4004 37
3831 41
4736 34
7185 65
969 43
9675 79
3264 5
7598 28
7942 64
3875 26
4727 55
5856 41
6350 22
2530 21
3615 67
8409 16
9074 59
4486 71
5064 74
2316 20
4188 21
1148 64
993 8
4006 34
5339 23
7960 41
9910 67
3660 18
7588 28
5783 6
5626 29
9170 34
3014 72
7037 68
1895 47
2770 16
5621 60
9194 45
7752 14
6768 30
5572 49
9810 64
5532 8
2036 61
7458 57
8211 43
8073 69
7809 69
184 2
7987 3
850 7
872 24
7388 52
1840 8
2608 28
7695 20
3253 0
5210 4
517 41
1113 79
7065 65
9005 42
6557 62
2947 27
9336 44
4464 40
2054 38
7400 65
3786 17
7901 71
9452 21
5681 71
4614 41
478 7
4518 10
9544 76
7131 39
357 22
6474 76
5153 24
6359 25
8013 8
9950 15
8961 31
2539 6
5983 29
2691 30
5003 12
3501 48
8516 15
8640 15
4335 72
2854 49
4616 67
8465 68
422 34
3720 15
6285 21
3062 54
4136 5
3478 73
9948 46
5248 58
6830 7
9749 25
1611 15
8131 14
348 70
2956 17
8849 69
3875 25
3546 27
6922 32
247 37
1907 48
5504 8
4953 28
4360 78
3289 61
6780 27
1771 24
5861 59
9911 40
2405 59
2581 61
8662 64
7363 0
2712 7
262 49
3471 26
33 0
2024 60
6080 69
8480 18
9018 12
7769 61
1520 16
3958 8
4162 51
8156 74
882 23
1575 73
5367 44
1340 28
3822 55
2204 58
5290 59
5707 36
6715 38
3921 76
6024 75
3145 17
6836 55
5921 8
2326 66
6119 40
930 68
3844 66
7455 34
7973 44
2949 20
9659 40
2128 52
1810 5
9036 68
7178 34
1615 12
5130 58
5095 31
8681 1
4425 26
5571 73
2171 8
5253 33
5124 21
9747 59
5226 13
1597 8
5716 47
8576 3
7421 3
5814 55
8038 69
4039 13
6884 46
6285 38
7543 62
9527 49
8370 8
9491 9
2985 73
2324 46
1562 22
5556 63
9185 65
7331 33
6754 23
5853 47
3858 42
1227 30
9411 38
9451 11
8868 18
2666 67
9177 21
4040 14
1053 3
4988 73
7392 34
6189 63
5849 13
7946 36
4798 4
3841 14
8379 30
730 32
8863 44
8918 52
6234 43
2403 36
2928 54
5123 20
9437 70
5371 0
8494 23
2099 62
9291 24
425 48
2498 46
4361 24
3645 21
2538 56
6733 37
3386 53
3221 13
2262 55
4160 78
9575 64
9379 54
1941 22
638 56
7184 79
2112 5
5519 72
3076 57
6949 2
3156 52
5581 57
857 51
2332 34
681 74
5731 49
4450 33
6465 68
9349 8
9840 48
1207 72
9320 6
951 72
6785 49
1164 24
566 30
4987 62
3930 8
9411 11
3931 64
225 40
7727 22
1115 50
6699 54
6423 16
1838 33
8321 77
2471 55
1248 54
7945 78
9137 1
7969 66
7964 23
8014 57
635 33
7843 50
3567 75
732 9
2417 23
1891 25
2712 0
9472 47
3007 9
4547 54
372 34
8000 37
4562 70
1887 33
4322 52
9010 32
245 40
9433 11
9653 22
5367 63
7460 34
7456 17
8146 78
373 59
5696 17
291 40
7312 33
2745 7
3773 45
7411 15
3334 9
6147 48
7243 22
9371 33
2389 61
1467 76
1006 56
8725 18
7242 78
3118 60
2619 73
971 15
3919 70
5028 11
4468 56
5632 1
3514 73
4579 14
1606 14
2064 56
4006 69
4596 51
2989 14
1783 33
3800 51
9349 36
1270 5
118 33
9023 21
5668 35
4948 76
2989 73
8447 24
4048 13
8256 35
7320 50
3270 49
2565 41
853 6
2568 64
4333 17
260 24
6265 73
3481 17
4613 51
4694 36
283 61
6591 29
3789 58
9167 34
5013 26
1922 5
2484 54
6881 34
3933 21
210 53
4681 29
4002 75
3275 9
3948 67
8056 67
5827 18
6692 63
533 47
543 36
4173 17
1075 40
2333 19
3004 54
8378 1
8577 15
5960 3
6941 42
643 3
1186 9
683 59
2712 74
1873 64
3383 70
1324 21
7941 42
8791 78
3139 63
9921 18
2726 56
7778 75
8465 7
6927 46
7490 13
2270 49
3412 45
2718 14
3511 27
684 35
5239 70
3240 66
6261 14
6990 76
4145 20
9968 21
4166 78
4668 36
9341 3
8509 42
6335 57
2175 60
6935 8
7280 14
7242 74
2035 62
318 34
3376 42
320 39
7864 0
9659 11
28 48
7161 12
3507 47
7371 70
5367 11
3380 18
4493 38
2016 16
475 49
7829 12
2479 22
1364 48
2864 66
255 6
9458 29
9037 24
2076 23
7436 70
1713 17
3489 19
3181 37
9189 45
1851 20
9689 55
8465 74
7881 21
2629 31
4785 50
8366 28
895 1
5741 24
481 79
2424 47
8699 65
5859 78
2438 16
3129 13
3681 45
3472 9
441 18
3164 45
2065 7
9830 60
6245 30
259 14
5241 60
3359 21
880 20
2266 42
9597 65
3617 73
1986 15
7207 54
6705 23
9191 10
2753 54
9426 46
439 72
6422 2
3202 54
3155 27
8127 9
8932 71
131 26
214 46
1542 41
2230 39
3167 69
5702 68
8663 46
4958 75
4423 5
8345 65
9416 12
3885 69
7751 31
534 39
7160 31
3486 67
2812 39
6495 78
1392 29
640 44
689 39
2344 27
7751 70
7959 31
1656 20
1032 11
6370 6
511 73
5891 45
640 38
7500 47
2671 45
1187 13
1794 46
4504 17
8659 27
9117 71
599 63
5647 20
2178 27
2507 55
17 14
6038 58
702 49
2353 68
2805 76
2347 63
9935 40
7711 18
7746 66
3146 10
6120 41
2900 10
1818 4
354 59
7225 51
3868 65
3291 48
5884 29
5197 65
8691 40
9221 46
1501 19
4428 41
1968 24
7844 63
2110 28
2230 57
7415 3
2941 15
4872 64
7111 42
3875 8
1215 68
9036 18
1358 31
8523 61
7714 30
8228 30
252 52
4516 36
566 55
8673 10
9088 16
1269 72
5048 51
8797 38
2290 69
4693 31
5000 46
4576 77
2213 61
4435 7
3633 66
8949 68
1531 28
1997 58
8669 16
9207 40
9649 66
9046 44
894 3
2074 34
3719 56
3890 41
708 67
4908 35
4055 16
4700 58
4818 13
7047 74
6177 22
2829 30
8624 29
6438 42
6170 51
7970 3
8039 37
3247 6
8124 38
4605 44
1662 5
9410 72
3304 59
2688 57
453 3
2608 67
3372 38
5237 36
9885 34
1279 54
5699 38
9756 64
2040 77
3564 57
519 4
4808 26
1633 42
7819 78
833 51
7146 26
9310 24
6844 19
8170 63
1621 32
1125 51
2661 29
4478 16
560 8
2570 77
298 44
1090 22
5931 24
2757 68
2483 28
3488 44
5180 63
9223 17
6130 79
6655 6
9511 38
560 52
6171 37
6271 52
7699 32
1192 10
2762 69
7768 79
18 11
2656 25
9342 51
7810 41
9774 77
1783 16
5967 58
1371 31
4618 9
6908 58
1698 1
5882 23
6618 58
4716 73
5472 72
9995 4
4150 21
8368 44
9877 41
944 47
9507 40
9257 43
5632 9
488 61
7869 47
3356 71
8870 22
266 13
4058 43
2804 77
2904 56
4502 72
4475 59
3731 17
692 34
1106 65
3314 37
2580 69
6941 15
903 37
306 42
6401 1
6771 39
4881 42
5143 55
651 10
4570 9
5448 17
3779 64
912 13
6218 32
6304 53
2185 54
1547 66
2684 65
1909 58
5126 0
1377 43
7189 56
2347 65
3571 18
5910 36
2776 0
6002 33
7642 58
1719 34
1664 58
4203 45
5920 47
7092 38
4930 50
8630 50
764 19
4431 25
1137 30
1063 55
1981 32
2800 79
116 64
6448 76
2554 12
7808 70
652 49
7578 45
8392 70
6360 69
2999 38
7030 15
7932 56
8026 31
2580 29
4049 47
1763 69
7835 48
7054 78
2131 55
1547 58
3267 60
7343 75
8329 11
4714 30
8249 20
811 18
4512 69
7716 35
2386 50
5938 7
9852 14
942 4
3771 9
2420 28
531 6
2855 23
5080 24
4274 60
6001 8
3733 27
694 54
727 41
2602 41
1538 56
9385 68
3456 34
5237 24
446 19
3080 64
3910 1
4008 13
9768 41
4891 30
5741 38
5362 59
8769 48
5255 62
8853 47
470 47
1087 59
2392 27
9505 18
6279 0
9509 20
4377 40
6322 79
81 79
8255 50
8153 66
8489 64
8574 38
5273 19
5583 34
9510 9
9528 27
1722 16
6454 26
7868 26
4920 11
5230 61
4156 21
311 74
2633 65
1035 23
1901 73
5291 27
1086 62
369 22
8967 69
5327 75
4626 16
8485 26
4448 53
2332 78
7584 13
749 64
446 43
3036 54
4330 54
9417 28
9414 37
1645 61
8954 71
2510 46
3836 44
3906 7
8397 3
266 79
404 32
6540 19
8255 73
3908 18
3865 14
5164 56
2110 51
2670 37
8760 76
624 26
469 36
1431 15
9839 41
9055 35
5962 71
6651 49
6133 47
8739 76
6199 68
313 7
7959 67
6602 68
1729 60
4588 70
2966 1
9762 4
8122 26
3449 29
1803 50
151 19
2196 1
7103 22
354 55
3175 78
1318 66
6336 3
2739 76
160 44
138 69
8145 67
2484 24
7178 2
6465 60
7653 44
8837 25
2406 26
5679 5
3318 32
3703 27
6326 28
5231 38
7054 42
5915 31
4448 71
6399 33
4709 64
9808 53
7635 53
7646 15
8950 0
1581 20
6286 28
4720 7
4492 36
9421 46
4607 26
2568 21
6776 64
2613 31
5792 70
2530 53
2905 64
2201 77
5685 19
6582 7
9404 77
8262 70
1052 46
6315 42
7855 23
3091 6
8419 13
3819 35
2917 57
4342 64
3046 31
7624 52
1542 73
8643 18
8261 16
4308 24
1182 71
9395 52
5805 19
7250 66
9453 75
123 23
1903 56
3658 35
6654 24
1704 39
6161 6
7665 19
6372 46
1758 26
1744 47
389 69
2474 49
8202 16
7326 48
9149 21
766 69
6544 19
5891 47
8154 74
5909 19
605 70
4508 45
3935 22
5142 66
1846 24
9989 20
3077 35
5087 33
2767 48
152 8
2498 21
4492 56
6464 63
6556 71
6443 60
4026 28
3210 35
2614 75
4960 0
8569 10
4828 32
4257 36
2128 21
771 41
4988 6
3951 15
8862 55
1445 58
1253 0
8831 52
8132 28
5539 57
312 48
1466 49
3386 70
2781 74
4965 38
7245 50
5191 32
4465 78
1269 40
6320 42
5744 78
2411 14
4885 57
9212 41
9330 79
797 28
7440 35
7758 21
7452 76
4504 39
3553 30
6882 66
9517 24
5778 69
10 25
2354 28
4891 63
560 39
3100 14
5982 58
7080 57
257 10
4402 31
779 27
8431 21
887 35
2417 77
1126 25
5591 32
1062 16
9237 29
5399 10
7989 62
7817 75
301 35
2990 59
5575 29
2974 23
7037 9
3063 69
3724 54
8405 66
1281 37
9848 27
2981 61
1621 4
1060 40
4590 71
5806 62
5439 44
3432 60
1945 49
4449 48
506 71
7677 19
7620 58
7505 35
5825 26
2526 12
4589 42
7042 35
1445 5
987 15
9383 8
7887 52
7483 63
5182 77
6662 16
8849 69
1849 30
9892 67
2080 75
198 64
3651 78
5159 5
8528 28
4163 21
7404 22
3013 5
8218 79
6205 68
4308 9
1507 43
1087 59
8423 34
125 16
8271 75
5745 62
3341 31
2391 18
837 20
678 53
9947 40
5303 29
637 61
8923 67
5690 17
9473 12
2719 72
7187 38
5491 24
1872 33
919 17
2499 39
8601 71
9888 41
6507 46
2376 56
5950 0
983 77
8885 61
5337 53
3464 16
4568 77
7309 10
5537 6
5226 46
3355 52
6970 72
8182 73
7432 10
8551 25
4368 21
4829 41
8839 32
4690 25
7046 56
423 43
713 5
6382 16
8267 68
8432 62
2442 22
7880 15
6837 68
6496 40
2219 61
5328 4
8941 79
47 61
3361 29
2593 71
2889 3
6670 57
670 67
9908 72
6370 74
4623 66
5116 69
2794 36
7465 10
5132 57
5982 52
1057 15
8879 30
1224 7
1403 27
9959 25
2346 32
339 66
6577 47
8427 59
147 1
1326 71
7128 62
91 24
5573 12
421 15
8319 50
7826 46
1629 56
5457 60
1192 77
1001 36
5441 69
6649 58
5752 77
451 44
1796 59
4173 0
392 71
4600 16
146 48
9624 30
9896 76
3055 38
9171 32
5390 63
4176 24
4538 13
4497 68
6233 54
7888 32
635 30
7127 46
8627 2
1442 49
8957 30
8670 25
2756 59
2610 70
8472 57
8204 26
6866 36
7282 48
4252 70
2271 3
4616 57
459 29
9072 55
8291 45
9904 16
2181 3
2990 7
9466 27
5199 41
6783 19
2085 43
310 27
9757 64
7615 72
579 20
1863 21
6616 71
2598 39
6719 25
3185 27
2202 46
7157 15
4626 47
8314 42
4609 29
1378 24
1376 50
2395 21
5806 38
7784 21
7117 59
216 46
8039 37
5019 68
2849 73
4984 47
2263 49
1331 74
7821 26
3784 26
8112 42
3316 73
2151 33
2378 14
7556 43
2086 27
9271 78
9727 3
6455 55
7890 37
7578 11
4194 42
665 61
4377 7
7326 59
6863 79
1625 53
401 25
6461 60
9314 25
5374 50
2806 77
4217 35
7118 6
8754 79
3172 33
165 68
8655 1
2694 68
3892 27
4633 56
356 62
552 17
8025 13
1996 38
4086 10
1825 79
1056 16
5202 13
8827 77
7807 3
8585 10
2290 5
5060 9
617 12
5647 10
9203 68
3085 58
8932 2
6877 8
2134 4
7130 21
7870 7
7721 56
9835 79
0 43
4305 55
9198 69
2444 69
8934 37
6106 41
4889 71
5100 66
3874 70
5222 45
1287 15
3227 75
3057 30
9022 45
5787 56
46 31
1579 4
6126 14
3819 70
5805 7
2455 40
5078 62
7287 23
754 23
1402 56
8604 69
6968 54
5199 45
9146 10
5967 70
7515 5
5515 31
6249 28
1304 76
578 32
5722 31
5995 24
5848 47
9348 46
1031 72
1181 20
8272 31
4161 1
3047 63
729 27
8825 21
7744 18
5628 52
6147 23
3263 54
6241 40
4421 0
2740 57
769 49
1132 63
282 71
9990 44
5897 46
9595 3
9568 69
4684 7
1135 62
7814 68
151 18
3666 57
1242 79
5807 49
8421 48
2870 45
3792 39
2106 63
5614 25
5342 70
7331 22
7081 65
7918 3
9767 1
118 6
3001 79
3160 13
9797 71
8236 76
9481 0
588 49
241 25
2076 6
4557 50
2710 50
4496 4
6994 12
3193 78
6973 29
1954 29
8771 64
3182 39
7295 25
2953 36
7801 0
1020 9
6878 41
7611 66
9779 65
8049 76
5045 70
7991 44
4149 3
4736 79
2341 71
1848 31
6324 49
8088 47
4426 74
7933 68
5773 63
9721 31
751 42
4882 43
1221 76
8274 15
2993 41
8499 49
4458 47
2387 24
9620 68
2887 28
9506 28
7361 76
9221 20
8540 59
5036 62
9099 56
742 9
1135 40
5659 60
9043 2
8982 79
516 71
8172 5
7134 44
1213 58
9016 38
1112 69
8872 1
6563 59
6150 77
3118 16
4459 69
6717 10
7588 45
9343 36
816 7
968 59
4860 18
3102 41
3451 49
5376 43
2063 51
1451 49
8686 67
5009 2
9784 46
2823 10
8161 13
881 65
688 78
3936 72
7053 35
9285 51
6120 7
6810 62
5783 40
8330 77
7017 38
6100 36
7193 22
8784 79
3223 35
953 15
2784 34
5360 66
289 48
4293 61
5028 10
814 41
6976 40
4150 24
7023 8
2791 34
5994 19
9126 48
47 62
648 4
9929 78
70 3
8807 24
8734 17
7972 69
5774 7
278 47
8611 2
4972 11
8218 43
5038 19
1121 79
6367 30
3684 43
4201 78
37 38
7626 69
7831 59
189 37
6030 17
1030 19
7762 9
1771 71
7775 67
9332 51
6644 12
4358 29
3907 24
2336 27
3342 57
6667 42
5837 26
1254 43
1462 42
6557 27
3933 8
5493 13
2520 7
1808 22
7858 62
8634 4
5526 79
4326 44
7838 65
8054 79
9203 13
7281 72
6517 18
8154 68
5050 21
9627 63
1048 56
7436 71
195 5
4539 31
4166 8
1135 66
4481 23
7670 18
4828 14
6806 76
4083 59
3191 26
5385 3
7993 53
3053 79
6225 68
773 23
3893 21
7655 56
4975 71
5546 53
1256 34
5658 8
7118 36
439 3
3318 40
2976 24
6272 21
5373 1
2806 16
301 28
288 47
7076 55
9953 12
800 52
9779 17
3211 25
9236 38
2287 23
7176 21
7730 4
6856 22
3260 7
2766 12
8373 0
9116 59
8212 49
5649 68
1878 29
8581 14
706 76
6468 19
9723 24
2707 68
2771 55
7115 42
4144 69
640 10
1677 29
6430 52
7253 35
4942 9
3831 1
8368 70
580 61
846 1
6416 52
2810 63
7430 21
8318 15
2735 12
6976 23
9567 25
4120 73
7889 12
9656 1
1934 32
448 46
2422 1
2442 42
1797 11
3625 40
3652 49
8802 73
8141 38
6318 43
2618 11
3260 31
5855 70
4739 21
5904 75
9683 54
4974 74
6641 78
3962 36
4547 4
8973 59
9812 39
734 70
4175 22
5355 61
3592 28
1631 71
6557 23
695 46
2556 68
8886 44
5956 40
6464 4
8238 13
1606 47
6924 23
6709 33
3908 34
368 23
9477 58
952 16
725 38
3605 53
4625 2
6092 38
9098 72
776 35
2565 59
25 35
2475 47
885 69
7133 72
4217 33
5865 29
3951 41
5857 9
7035 65
5953 30
9692 24
2722 54
8036 18
9595 23
5537 36
1834 18
4934 28
8920 73
7716 26
2839 26
7734 46
2985 61
9086 47
1080 54
9584 5
8390 70
4043 69
3562 21
3953 38
2587 20
3205 20
1417 34
5193 33
6824 77
5054 51
834 35
7916 30
1650 52
1205 14
2091 69
2055 48
222 52
8423 62
2953 3
5006 22
3998 19
7744 23
7781 15
4146 23
5046 33
1519 67
6324 5
2003 35
2865 24
9461 25
5974 76
5991 55
332 75
6647 10
2958 53
7762 70
4354 73
5944 79
5868 60
3949 34
27 40
9681 14
9116 4
4132 18
5036 28
3016 36
1618 45
2152 27
2664 79
7435 58
5482 31
4959 26
7288 56
6546 67
5644 62
92 6
5833 55
2141 57
8998 5
7767 0
7905 36
5314 20
2449 45
5481 51
3349 53
3925 53
1253 69
7147 38
1759 38
2494 20
81 8
3355 23
155 0
2014 23
8008 60
7354 47
3723 52
4515 13
5623 15
3195 2
8954 47
1617 44
9771 58
8744 29
4488 54
6075 56
7429 0
9489 8
5479 72
3810 29
4567 29
1010 20
5394 65
9832 33
3368 24
9925 44
2373 51
6631 69
4667 35
235 69
7126 12
7692 35
688 8
3161 63
9954 52
8203 62
3421 11
349 67
1295 77
5601 38
7614 12
7520 68
5144 3
8737 3
4206 20
7359 16
1600 28
5943 39
2945 20
9610 30
3423 7
3534 63
2693 59
6094 16
4976 14
5437 0
6774 62
8213 0
578 37
4690 75
6176 32
6523 52
136 58
9239 27
9908 57
4260 75
4160 69
8535 3
5743 64
3425 79
9449 55
9944 2
8984 4
5114 66
1666 76
7920 16
8953 76
8710 19
1369 11
3992 48
6232 11
4274 8
9774 50
1292 46
9561 16
2087 3
8445 44
9771 16
82 47
248 31
5682 44
3790 71
9595 43
9108 34
9045 1
4331 60
7946 14
6987 58
898 18
9925 5
5875 60
6746 66
4341 65
8534 79
1271 6
9398 28
8766 58
9615 19
9698 50
9483 5
7316 18
8395 35
8180 37
5540 6
4285 10
2173 75
3046 75
2112 14
471 42
8444 2
8303 11
6611 59
349 56
6585 72
370 37
5690 32
3362 49
2481 8
7405 53
7203 30
9789 76
7197 5
7439 47
9883 77
5359 76
4215 14
919 66
8130 65
9718 12
9610 75
8131 7
4270 7
3458 66
9107 63
1150 49
9423 7
3578 62
9449 38
397 77
7298 49
7089 26
4982 54
4291 65
4938 50
5032 41
85 47
9937 78
3673 14
9527 41
2437 76
7552 47
6967 36
4147 51
6363 50
7278 24
165 47
8587 55
9194 46
2333 74
9979 33
8124 35
8721 41
9125 59
6652 40
9133 11
7597 53
2886 16
9954 43
8818 79
1748 46
5777 37
5342 59
7220 73
9104 75
2497 33
9296 52
7589 30
6564 60
8892 21
9375 11
4381 26
2631 59
9522 27
2990 31
9869 70
6193 77
8458 72
8279 73
9545 19
877 0
1855 44
7797 14
7671 78
8665 60
4620 78
7535 9
9508 12
4339 4
7184 66
2019 19
1653 12
2668 68
832 37
2085 45
4045 42
9554 1
6840 60
1583 50
9582 8
8082 14
2651 59
2843 56
52 4
9398 19
303 74
1776 13
8426 6
8043 54
6306 79
3745 43
7941 16
4904 51
1602 24
1241 6
9726 14
1474 5
9495 63
189 42
8032 22
5663 77
2841 6
6712 47
8424 39
3494 55
1435 10
863 39
5725 75
8428 42
15 18
3791 12
7178 38
9762 22
147 15
4683 4
6633 22
7705 53
5052 27
2024 31
219 3
1381 44
9040 12
6556 69
5948 62
4951 57
2651 15
7166 73
5973 67
9316 68
9412 63
1459 74
6153 24
4133 15
7699 29
6556 63
8489 30
5194 56
3793 39
2790 8
1812 12
2191 52
1061 3
7033 2
1915 9
5602 67
289 50
3254 48
1032 49
1741 48
297 63
7402 36
4681 60
9150 16
3010 31
3443 38
9007 76
5479 31
6510 1
5127 25
6788 60
6286 24
3240 29
9180 10
2893 19
2512 12
1559 6
1640 2
3966 17
4002 55
5151 10
4237 49
5774 31
3066 15
1795 30
9349 35
309 65
2050 22
8287 68
7033 12
8844 20
2202 53
2295 38
9741 13
2850 1
9341 65
957 10
3980 62
1222 42
8650 24
3837 14
1723 19
4168 58
4273 34
4338 10
7351 42
2693 71
8602 34
8923 3
5631 9
8846 49
2120 19
8027 51
9493 33
1689 50
5084 77
433 20
6017 15
6987 13
8268 31
2900 4
6274 40
7676 48
8745 4
8929 0
4174 25
7186 20
7986 16
1215 27
8711 31
621 25
1040 66
3536 69
5311 26
8751 45
5535 33
9037 70
4329 25
6861 51
7 65
6369 49
9544 51
3207 62
7767 29
6458 4
6945 58
4397 53
1520 12
3547 20
9232 8
4019 78
7336 29
1966 3
2999 66
4553 53
3324 12
6214 28
9959 74
7589 3
3097 77
5174 18
6565 54
600 73
5513 46
7523 70
1142 60
5679 68
2531 71
800 48
9306 8
5878 8
4498 42
1345 67
3286 33
8360 71
3509 68
4185 27
9867 57
2235 57
5397 76
7325 63
9723 43
2743 3
8893 17
2027 65
9770 29
6864 18
7095 14
2048 42
3254 46
8843 62
35 23
4108 65
2178 54
5466 42
2977 27
6941 51
536 58
8170 64
8116 17
559 73
7625 38
8465 22
2922 29
1903 55
724 3
4521 13
3419 10
5367 8
1311 33
9062 78
3542 14
2404 37
5632 43
5980 13
7459 27
8321 61
5738 7
2152 40
8790 58
5598 12
1886 37
7935 7
9914 79
9011 6
430 29
3182 59
298 58
9807 74
3140 3
5756 64
1420 34
604 65
8047 52
9439 12
1431 25
1046 77
8350 40
5669 32
9041 60
6721 28
934 0
379 36
5729 2
5410 53
4413 6
5403 28
1623 10
1530 72
1449 1
6675 55
3430 47
272 48
500 32
8617 28
8927 21
9802 49
5073 28
6444 44
6510 74
2765 43
55 72
3396 37
1995 24
2038 39
9363 18
1654 43
3590 47
9337 38
7981 17
9589 79
9433 61
4276 39
682 54
5631 58
597 55
9842 64
9850 45
4533 31
1072 31
6973 65
3595 27
5997 30
971 62
5466 38
5049 31
6352 61
700 72
9625 19
385 34
4634 15
7864 45
6354 39
6316 9
7841 15
4910 3
4701 59
7946 47
2550 19
754 47
1615 18
3044 13
6692 75
570 59
6308 9
830 52
8292 64
5590 78
8400 5
7914 47
578 39
8152 9
1078 57
5873 20
2755 30
567 38
3497 31
1389 49
6832 11
5332 41
3253 60
8998 32
7783 18
73 48
5979 62
5385 69
203 77
7268 37
2266 31
3574 76
2155 51
7614 40
3560 1
8391 30
1350 19
3524 23
7213 1
8029 74
6300 7
5753 7
9913 22
898 29
2963 36
3030 41
5599 48
8189 61
6450 38
2599 72
7394 11
9479 39
6965 6
5712 72
6931 27
8027 38
7222 37
4149 70
7966 32
7670 29
3611 32
923 76
4017 33
8276 41
5674 12
7043 43
2876 34
4733 49
7833 56
7831 16
160 31
8985 56
7671 47
3958 1
5624 32
8234 7
8052 69
8701 79
6973 53
6226 53
8351 71
4804 36
9128 9
4360 49
7862 45
3678 20
7579 49
7684 51
334 58
6285 45
2904 12
9987 0
9736 23
6628 8
4919 66
6116 37
3854 45
4845 7
3483 6
1893 25
9283 58
453 39
1746 53
9290 45
8062 24
990 77
5327 54
7255 12
6377 75
616 10
3419 73
5103 45
2573 49
3510 73
7181 74
2722 30
2433 49
9206 77
7088 30
7684 56
4090 14
9222 6
7747 66
9115 31
5666 4
9128 26
2935 49
737 49
4286 23
6977 45
8560 44
4534 68
7598 56
9931 59
6527 33
7889 9
2936 49
8156 11
4439 22
2144 77
4988 69
7732 59
6150 28
2905 53
1765 3
561 56
8159 46
1505 47
4921 18
5789 53
5477 65
7170 37
591 68
1343 16
9945 36
3623 26
6461 68
6841 18
6214 63
3277 28
8317 58
8763 77
2878 21
4634 18
6863 35
6157 46
1387 19
383 14
3820 59
4996 10
9353 32
7057 26
7562 37
9257 34
4113 77
1970 12
577 30
5847 1
1492 20
1598 51
4552 47
3571 42
9656 43
5573 41
4556 10
9335 60
5091 48
2401 32
9156 74
8249 63
8543 43
2290 39
4726 5
2398 38
8210 65
7488 5
2455 43
5806 45
7684 44
6935 74
1267 69
590 27
552 70
5369 18
3873 72
172 62
6491 77
1619 35
6881 50
4514 19
7079 61
1400 59
95 9
3941 76
3705 43
2823 21
1239 49
7570 42
754 38
5187 34
8199 20
9209 18
6819 38
7200 18
85 57
5875 9
4368 31
9155 75
4 63
5564 75
2754 28
2133 77
8744 0
4149 61
6655 21
3014 6
693 49
8752 64
9310 59
7075 9
4947 30
7122 62
2368 9
5552 71
3224 32
296 61
6843 35
1000 56
6799 24
6814 25
2839 7
8219 48
6564 3
4374 59
962 32
7429 76
5819 21
4447 54
2751 32
5910 52
545 48
7280 70
9675 51
5264 9
51 76
2371 65
428 16
5926 53
7303 14
803 23
2408 73
2484 63
623 67
8150 36
7118 71
1381 38
5459 3
3417 74
6583 48
7426 3
8592 64
2809 42
7049 35
2895 41
4078 54
9470 9
7428 73
7147 54
4112 58
5095 12
2913 19
4569 1
1850 61
5141 63
6400 32
7293 27
325 40
316 23
2028 5
6263 16
8774 47
566 21
7329 52
7955 37
8469 64
9606 67
5450 56
5252 41
3895 51
7779 70
3827 53
5524 54
9490 73
7362 44
1280 42
2210 14
4069 78
1422 29
1000 32
1524 64
499 56
7700 12
6905 25
9567 34
2793 7
3204 69
2642 51
2447 38
7422 5
4798 14
5292 37
5889 7
5935 53
8397 55
919 31
9707 58
2983 22
829 12
7733 75
9300 32
9443 79
6640 31
5229 32
5031 16
4219 50
1390 16
4203 11
8128 79
2481 58
6675 23
9587 21
7015 9
4229 30
5051 54
1891 50
5153 38
5470 78
5447 41
1883 46
2302 8
1055 3
1318 23
7550 79
9717 73
5773 32
9310 48
7673 40
6320 79
4935 53
4466 46
9743 33
4342 26
6011 8
3885 54
4333 49
482 66
2894 44
4703 38
5297 22
895 43
2661 28
8947 6
6812 73
5746 66
80 29
4809 9
3185 45
7437 62
4024 33
8843 26
4307 47
3415 18
2871 49
8236 33
3024 52
5241 55
6941 64
5108 14
4632 15
1757 20
4975 12
7076 58
5857 58
6877 40
8453 46
6238 74
4726 74
5884 43
8140 70
5102 13
6303 13
8781 34
1083 49
7834 75
7603 60
8175 58
1085 69
8723 5
8170 27
3701 42
2311 49
4197 73
678 38
9043 67
56 32
9247 61
3425 36
9825 17
381 20
49 49
9269 21
1906 24
9172 44
4313 47
7420 37
8051 57
2549 64
8492 76
9878 56
327 61
5752 33
1042 6
8374 78
1354 6
5016 12
4695 53
9981 78
6175 50
1137 37
638 76
5379 28
1568 57
6672 46
6849 54
2894 4
5472 76
9368 79
2017 43
7409 46
1544 54
8281 77
7439 74
8336 10
5221 44
252 37
9145 78
3056 51
9870 78
3234 79
756 76
4434 14
1859 53
9944 13
2586 1
5908 57
7352 69
1131 43
5214 21
6203 30
1744 26
5350 30
2833 28
6607 47
3280 60
1734 55
5139 33
7581 9
5033 77
4698 47
6185 10
5127 67
5168 23
236 26
7675 9
4965 30
2150 16
1833 54
9429 7
1496 36
6532 7
7965 10
9721 25
8005 26
9144 54
9552 9
6961 13
9740 79
8242 31
5028 78
7659 43
9001 77
9800 17
6613 16
71 21
7798 5
5157 3
5052 77
8229 25
2193 37
3225 5
813 32
6478 43
6881 3
2211 3
333 76
4048 30
391 16
1311 67
7801 32
6910 26
2685 55
6683 35
5240 50
8794 4
8830 45
4549 14
7241 22
299 11
5443 16
6884 70
5896 7
9400 38
7190 10
1926 72
417 10
5147 40
6697 13
2665 45
5791 79
5866 78
8878 71
431 21
8040 33
8331 14
3729 13
1385 11
8855 67
4731 8
5014 64
2875 54
3670 66
7163 54
4561 13
294 51
3491 7
8067 76
3618 70
2917 45
159 36
7142 26
8375 44
5550 7
7336 4
1715 55
5360 54
460 15
2192 45
3728 37
9271 72
2745 58
153 14
1739 18
5558 31
8758 28
479 51
4450 66
8510 17
2595 15
3831 78
3053 71
7234 48
6043 40
1988 13
9905 43
7046 53
121 23
6164 9
8905 34
9909 70
700 53
8359 34
6655 11
3286 18
6964 69
5463 53
6595 29
3940 49
6193 5
7683 24
7531 28
1824 22
2849 60
2435 42
7201 35
2161 15
6130 11
9377 37
3818 24
3567 1
6609 46
1435 46
7115 45
1073 30
7964 74
9246 33
7635 59
2778 64
9876 78
7732 71
2627 6
5634 29
7615 20
2583 17
2916 78
1739 18
8366 62
4200 11
2345 26
194 58
1679 11
6329 60
1026 44
8211 7
4056 65
9668 66
9594 33
5151 21
8656 18
7390 9
6965 16
6744 11
9842 73
8328 34
1924 72
3703 42
423 11
7331 45
3562 36
6638 46
7569 41
7977 49
3221 40
3845 26
808 10
3967 16
5084 50
2503 62
1250 3
9419 70
4844 43
1726 66
1797 64
9255 41
4837 6
7995 42
895 42
5046 71
2586 29
5571 17
9193 32
3261 28
511 9
4142 47
3232 0
8617 27
311 24
7028 5
4796 61
1215 66
3136 6
4621 14
8123 23
7217 25
9980 39
7812 14
4635 56
8947 48
6904 56
6606 36
9892 51
9778 6
7106 19
1947 41
7356 37
9786 62
7478 41
3951 79
2093 38
3861 25
537 55
5430 20
8923 22
2683 49
5817 68
5825 47
7817 34
6473 41
1111 30
3351 15
5870 78
1205 0
5423 2
2059 1
2767 57
7710 76
5764 67
7060 40
5628 30
3436 17
4495 16
3263 52
8719 15
8481 42
6586 64
8037 62
3286 74
2729 60
7961 22
4675 23
1188 54
7217 71
5386 63
3379 30
9867 36
9539 22
8566 32
2535 73
1242 15
7042 75
361 42
2484 24
4420 14
3515 70
5930 40
1704 54
3520 79
5425 29
5669 61
1163 73
2555 75
1675 35
3485 73
9390 0
6371 39
1748 34
1856 50
3534 33
8274 30
2003 66
5666 29
8142 34
3318 9
852 66
2384 52
5558 78
423 25
7555 27
5037 78
5356 13
7283 41
7208 34
3943 76
1373 31
3901 14
7544 69
7193 23
6415 31
7553 8
8570 10
2918 21
3399 65
6354 64
9626 20
754 36
6324 37
9111 42
6109 16
1212 43
8667 68
6928 2
5972 17
6397 13
6687 16
2959 0
2794 73
1944 6
3140 38
4422 54
3398 50
4566 62
2142 44
8406 78
5199 46
7995 19
423 69
4903 62
6164 60
2392 16
5939 25
376 69
6486 20
9910 11
9017 64
8899 61
1448 23
3942 64
8549 6
4102 41
4505 34
1721 8
2661 5
3862 38
4287 9
6716 55
7675 32
9919 43
6150 77
7747 55
6563 35
5380 42
6470 73
1357 31
9047 6
4499 79
8977 62
2343 16
4414 73
1554 61
9038 44
9889 35
4064 55
5730 38
4722 42
8062 46
2852 69
6888 33
6839 74
821 30
7532 49
9935 51
1207 8
6536 60
9611 21
1399 25
8747 25
2373 42
6625 67
3124 57
3312 46
4136 37
8107 72
9505 70
2796 0
6155 34
6672 58
4126 43
1889 51
3281 18
9114 12
1511 28
37 21
7645 47
1441 23
3753 26
9466 61
8573 63
3114 48
1905 45
1983 14
4841 30
1748 23
2784 73
1865 67
5233 37
7905 67
4457 44
6192 50
3931 55
4996 24
2653 27
606 44
8676 16
3750 66
4404 74
356 72
433 38
5545 9
4566 3
4506 77
6218 26
6658 29
1575 43
4505 22
9048 5
1442 58
2732 2
9746 29
4132 61
7145 34
6679 49
4013 67
8465 15
4471 71
6146 11
1320 67
5593 68
4230 64
4288 46
8572 20
7072 78
8847 16
5388 17
130 69
5092 9
2298 4
9729 21
3760 49
9351 28
974 51
688 38
498 59
2918 55
4527 62
5305 57
6398 0
6032 5
7444 63
3315 13
1569 9
984 57
2332 27
9111 44
4826 24
6341 2
3011 50
4113 72
3930 39
7389 24
5368 75
5736 64
5045 30
4264 78
16 58
9940 42
2027 12
3958 64
3855 76
8247 24
885 10
6238 36
1914 39
8440 70
1918 13
2848 59
145 76
4176 39
9501 51
7790 78
4223 55
9474 12
4080 50
4587 35
8975 43
2989 31
2677 29
4166 71
4129 7
3996 33
4260 33
208 2
2492 21
3862 2
6008 17
6357 56
8218 72
1499 23
8701 47
9086 4
1831 43
2029 19
1500 4
3177 45
4521 54
8697 64
4289 21
8045 67
5898 42
8069 69
6941 14
1007 1
9701 33
8254 63
2915 72
2475 74
3016 49
5966 25
7291 52
6330 61
1976 72
5130 6
9787 14
117 18
7921 46
3066 51
1235 61
7709 44
1442 56
7550 24
4711 79
7428 39
623 0
7981 69
4185 47
6777 8
8141 32
7863 55
6351 49
4184 2
5601 38
8801 18
1614 34
6204 13
805 14
451 37
7144 58
4378 15
5507 62
1076 11
153 43
5569 37
3222 50
4380 38
9215 16
3032 7
1296 54
8170 68
2611 33
3823 9
4095 26
5100 28
3362 28
6753 38
1576 44
81 15
6770 42
2218 69
3828 20
4096 73
9100 1
2052 70
4480 65
4577 14
4901 46
4015 67
8655 30
7474 47
9748 8
2199 33
8224 1
749 5
5669 18
2980 46
7373 8
3650 18
9130 39
2169 18
785 76
4341 53
8822 30
9349 48
6598 47
4024 20
4229 21
6348 19
5130 15
5186 0
5113 22
8729 35
3787 19
2373 70
4747 71
6749 48
4345 26
1139 27
4733 35
8651 67
2060 49
2830 77
7949 36
9345 65
773 75
700 70
5919 27
3719 57
602 8
9848 58
1534 51
3782 35
8470 64
4210 5
3627 35
8102 16
5912 39
3493 47
535 74
1814 14
9149 72
6571 26
4332 3
7595 35
8020 12
6251 16
8128 0
4707 63
4365 66
2268 71
6672 1
2306 76
2416 54
6601 62
5550 28
2005 31
6469 28
4745 31
8428 67
971 38
1026 67
3192 61
3371 35
2753 73
8680 36
8585 37
6083 49
4506 10
7503 49
2444 14
7465 45
3391 7
1866 8
3701 74
461 16
5 69
4063 48
4234 5
6962 79
512 4
698 41
8049 50
5932 55
3658 31
2737 61
7718 35
4060 17
5597 10
2842 35
3142 79
1144 61
2442 4
2832 24
1120 11
4349 56
197 21
1505 53
700 36
1701 8
3833 46
1916 46
2561 33
1925 76
9962 29
2578 79
8126 3
7224 78
1098 8
2830 79
1810 53
3545 66
3134 15
1226 78
9841 78
1344 22
6734 44
8099 40
4494 59
1075 18
3171 3
2543 65
7691 72
491 55
8789 68
5507 24
7902 6
930 33
8260 22
1410 70
1382 3
9786 23
3943 12
4360 62
609 7
5310 7
3431 1
2220 76
1399 3
5318 76
5453 13
4906 8
2287 1
1055 74
6701 31
5974 2
9327 41
8160 46
711 50
7542 5
5588 55
3780 32
5237 74
3057 21
1382 55
7139 66
2486 6
6094 34
4092 76
6520 63
9020 61
6801 21
925 66
5898 31
6303 34
6828 16
9041 49
8803 15
8252 34
8528 16
9159 74
8388 11
6662 35
6172 76
9621 25
7615 6
9616 69
7892 68
2695 51
733 78
5897 18
6894 68
1845 55
8627 74
1617 78
5751 32
5857 31
8525 45
1790 57
2381 24
81 45
3096 18
1153 58
9430 51
8219 64
3142 63
2191 3
1636 53
5964 30
9028 4
3443 49
6891 42
5607 9
4694 59
6772 11
2224 58
8458 61
3900 23
5610 0
7227 5
8390 13
1862 7
657 27
9877 22
9625 26
6701 33
2579 32
1113 2
1858 30
3314 57
906 30
689 7
24 43
2174 73
8545 28
9997 63
4996 14
5419 40
4002 13
84 12
1782 63
8880 54
1323 14
8395 59
3127 32
5453 27
2419 37
48 19
9337 76
4315 13
4154 33
9928 37
9429 39
8919 72
7106 30
3311 59
8190 1
4191 21
6217 48
8087 58
5898 21
5224 6
7911 52
6695 18
3017 3
4068 21
9345 68
7847 10
9417 12
1094 74
8003 49
3130 70
7868 36
5553 4
6637 8
1467 3
1212 79
6217 44
2963 32
5885 23
7939 54
143 7
3893 24
9654 67
5112 64
2924 50
5663 11
9000 18
4325 28
2724 21
3545 45
5874 9
4655 35
9863 51
8873 76
9264 39
5719 40
7566 70
3265 49
4703 52
9530 41
2289 20
4340 79
5582 67
841 13
5832 78
279 32
5457 1
3217 21
7094 14
585 29
6627 37
4756 61
7278 38
5428 52
6458 48
7284 57
8610 21
2613 1
8664 12
6842 74
4869 18
2429 71
4047 47
1368 9
924 33
8651 54
2057 23
8001 40
481 59
8765 36
6736 28
2398 6
6177 7
9001 54
9645 18
5685 9
6501 38
3429 38
5160 6
4495 66
165 0
9719 11
1629 46
4621 46
9648 73
795 22
6923 28
8096 34
5882 0
7532 33
852 25
5673 44
8933 28
1378 16
7799 27
3675 54
3064 47
7392 49
1321 49
29 4
6951 37
2745 13
7003 67
8336 18
4563 3
9870 38
1499 68
8744 8
5672 74
4168 9
5195 34
441 72
2576 3
7935 75
1736 34
9256 12
3003 65
8614 62
6815 70
226 26
4343 52
6904 58
8743 72
1902 17
507 34
7439 54
1455 62
9728 75
5223 62
5287 62
8290 38
9767 75
1446 35
4828 76
392 73
1354 62
143 23
2646 65
4048 57
8965 28
3476 42
2409 58
58 68
6493 69
5835 70
2494 13
3471 48
9182 37
9118 46
5953 27
2001 63
4346 18
1869 65
248 78
9958 10
2908 27
7546 53
2865 57
832 56
8404 24
6385 78
3525 77
6695 21
6123 78
1034 70
4691 32
3689 29
503 42
9530 4
7682 5
1122 32
1176 18
1533 39
7288 72
6127 61
9063 73
199 10
8855 16
7266 9
3888 10
381 31
1097 46
3469 70
1219 9
436 22
9768 10
9381 15
3185 23
8472 53
3798 11
2294 24
954 29
1265 30
3011 13
8601 32
7740 45
9665 30
7646 25
6064 48
1105 21
8736 74
1955 18
5772 74
9709 13
9172 1
9735 36
4604 28
6328 54
7915 63
6954 69
9281 29
4528 58
38 21
9867 38
5887 28
5207 33
3394 20
5701 1
8684 38
280 40
9115 65
896 9
6405 62
5677 9
6859 15
2943 31
6390 36
6421 39
4916 58
666 25
9924 33
7413 64
9570 24
5114 26
3675 55
9810 27
6866 40
5401 46
5379 2
8367 57
6832 52
6316 76
3588 11
8056 22
2315 16
5527 4
8664 33
7154 71
4183 10
5173 65
9947 64
3238 43
8443 74
4058 22
6195 60
7199 28
5768 1
322 18
1476 4
5142 45
3051 59
345 29
2701 49
7277 27
4903 63
8562 10
4308 22
5215 77
2164 43
1685 21
2853 31
5070 69
4425 42
3632 36
4779 20
5963 46
8716 79
626 40
37 68
2367 30
7552 41
8329 74
7550 60
4074 35
8386 47
7010 32
2680 16
5104 23
8279 51
9319 55
9732 46
5929 62
1305 33
7055 8
7984 48
6099 21
2698 14
5978 37
4641 7
8256 34
3401 59
1457 74
9010 34
7579 40
5867 0
757 46
3035 23
9199 17
509 67
293 17
8930 70
9026 68
652 49
2743 14
2589 59
685 46
3520 17
3328 24
2845 58
8743 42
5401 6
1578 46
9930 67
8668 27
4252 27
3196 24
195 61
5971 15
4651 38
19 73
3191 12
8752 75
1688 71
877 61
3202 76
6985 19
6759 55
8892 58
2271 53
7707 0
7400 76
7535 64
5090 55
8544 9
8715 17
9249 27
809 13
9110 61
3264 48
4464 77
2786 12
7168 69
5985 41
8461 70
1532 18
4515 68
1619 42
8135 78
1250 25
4661 72
8425 23
9956 71
2922 19
4893 40
9079 16
8653 77
2841 77
9722 53
8830 63
1559 55
7572 30
1385 75
9739 25
993 37
1729 6
5277 47
5363 26
6644 33
975 1
8820 0
5517 27
8660 0
4398 36
1570 23
4724 61
3220 0
7086 44
754 40
3863 45
7757 57
1285 3
2874 17
753 48
4434 78
2417 12
6084 72
846 53
3576 43
3973 68
7060 15
3963 72
5900 6
6225 49
5159 49
7475 58
2604 15
8034 68
3997 35
3823 28
8815 17
8854 8
2601 70
6996 3
270 49
6148 50
7072 33
4813 18
4537 12
6071 17
6578 72
6032 5
6530 26
1363 60
8785 58
2545 18
8308 63
1664 73
8303 60
8104 72
7734 54
9607 18
6541 1
1757 1
9604 38
694 31
741 35
9986 1
7736 63
4699 48
7231 8
8014 6
1810 27
9539 2
5795 47
2405 71
6861 31
7383 55
4893 2
4650 7
9488 41
6492 0
2411 52
3624 18
4675 1
9224 20
1345 34
2282 60
7776 26
8760 55
2474 20
7718 6
2750 63
5819 22
2260 58
8022 26
8763 56
7269 23
2991 0
4249 12
9412 68
9869 76
1952 60
6662 57
8092 31
3803 14
9074 61
307 73
6679 43
5149 19
6504 11
7045 13
2626 56
2684 26
6482 43
4583 51
9441 45
5388 59
8759 58
8749 79
1684 46
8582 57
7453 79
468 18
7962 54
6125 65
7098 75
1551 69
1409 28
8259 10
1966 9
5456 27
8206 31
2817 69
9277 0
9912 20
4906 60
138 77
6375 14
5181 70
3371 20
366 21
4500 76
9882 4
233 56
2952 46
7591 78
7532 73
3073 31
2850 0
1014 18
5726 11
6933 76
8190 61
7613 77
6986 74
6950 74
3632 35
5374 3
6562 16
335 17
3015 56
2161 30
8067 48
4605 32
9091 78
1958 19
2653 8
907 50
9811 78
2138 2
7248 65
3734 59
5945 62
3308 52
864 59
9693 26
1330 77
3488 61
5633 68
6451 23
3474 35
2813 73
6583 47
2676 67
8374 68
5038 16
8314 79
1759 44
4115 75
1122 3
3939 27
6924 24
5648 33
6928 46
9873 9
8120 22
807 21
8538 70
4014 37
6891 66
6539 34
5286 26
570 40
5322 0
597 14
843 20
4211 67
1881 78
1267 71
7597 71
5045 51
3108 36
7406 70
6382 64
5022 76
177 36
1442 29
1060 54
7876 48
1795 44
5788 58
1532 75
7630 7
1600 48
7873 68
1679 74
2767 38
6762 18
8853 74
3219 41
5718 26
8484 28
3907 9
8329 6
6829 59
3403 19
2473 20
4258 28
3045 76
2395 67
8171 43
2431 76
5395 70
5243 71
7088 70
4133 38
9387 66
2043 47
8290 41
2916 63
5985 78
425 41
3688 48
7602 58
5091 52
521 10
4915 1
6428 34
9176 56
5872 20
6628 30
5558 75
9711 24
819 32
9503 34
1064 38
9475 76
4097 35
6935 49
1309 11
1620 37
8410 26
226 74
8107 46
4284 63
8523 63
8542 6
164 60
3179 16
8638 51
4337 56
3993 45
5782 40
2009 4
2888 28
5211 1
1315 49
1071 6
2812 25
4036 5
3626 15
7881 59
1463 1
40 61
5727 31
8844 29
6307 30
5207 25
3046 9
5804 16
8340 52
7397 34
2165 14
5959 19
5894 68
9729 27
9049 44
988 45
3517 20
5798 18
5921 7
1265 65
6875 41
197 62
5871 16
1944 44
2596 15
4972 0
6397 79
3527 20
8788 76
5629 36
1552 74
8763 8
7556 19
6067 46
9197 14
4390 52
4439 76
4147 63
6514 66
7877 43
4916 79
395 0
7912 25
2319 77
6602 8
3021 3
1563 46
9707 65
9469 17
3467 71
1299 55
7282 57
7040 45
4147 66
3380 20
8160 34
3330 24
7260 54
2443 78
2081 51
8839 26
6464 46
6897 26
5425 26
6617 35
5158 47
8534 38
2512 20
8088 62
8367 58
2329 40
4926 36
4505 15
57 70
8636 36
2501 57
8206 55
9325 40
6032 68
2571 26
7766 60
6201 12
6730 63
8257 42
6382 3
8674 10
546 20
1958 6
3385 56
2866 36
8755 61
2046 51
7823 66
3731 4
8555 15
8204 3
6835 1
652 32
5416 54
9346 14
3311 65
731 8
4796 11
1034 27
9158 71
971 36
1821 79
2432 22
8638 64
5714 23
3010 31
2575 9
9702 70
5973 48
9125 0
3787 21
1205 76
4403 54
2245 49
8706 23
8890 63
6148 25
7452 29
9012 37
4162 53
1619 54
6674 72
2214 64
9066 79
9933 49
9182 31
5582 18
7835 40
4786 41
413 58
3266 15
1165 53
1192 57
2150 75
3069 69
8074 4
2353 51
1152 78
8307 77
4982 31
5565 37
2093 73
437 9
8344 24
1433 21
1785 11
7898 6
8975 44
722 54
4692 46
6341 25
4399 34
4659 3
5141 70
124 68
5012 59
5443 49
6844 1
5604 79
2307 49
849 46
3877 22
3516 1
525 73
8632 70
5047 72
1204 6
8961 67
8148 10
5682 67
9539 39
5882 70
6119 56
901 11
25 40
8719 6
9809 40
9220 49
6215 35
295 48
7073 75
7085 15
5104 79
3433 42
4091 12
2343 56
6893 45
5773 21
4525 16
1430 11
1764 70
4557 45
8255 71
7124 63
5969 32
182 5
4159 26
5381 22
9121 8
3805 12
