100
10000
2020 23
8424 24
734 73
1844 31
9197 57
401 8
5168 37
7610 49
6002 48
1699 74
1091 45
6829 56
382 42
2853 38
6359 7
8601 41
8715 18
8665 47
5848 0
1901 35
6188 73
3103 47
7847 49
972 62
2518 79
727 12
3706 60
5846 29
1329 57
2590 23
2576 13
3171 14
3117 74
827 58
156 59
6618 70
4280 28
5630 23
6714 38
1694 23
4060 53
3215 61
4945 8
2993 43
3592 37
5523 52
8778 70
2239 40
7400 36
3184 13
5493 78
9380 27
4459 6
3528 4
7184 56
409 31
5179 24
9269 32
6582 55
639 37
2023 2
8219 47
4603 39
4808 75
6778 52
9852 60
6979 30
2010 7
2450 75
2508 43
6835 60
8370 59
8654 75
2704 57
1954 45
2356 48
8422 67
7695 78
4372 67
4718 12
8605 46
2794 44
4777 46
9251 46
5187 14
1076 79
6634 6
8830 62
816 1
7756 60
6902 44
4889 0
2989 62
5651 36
5786 31
3811 63
2527 38
8142 48
193 34
7933 3
5372 5
6092 36
8305 8
1707 77
5138 79
6305 61
7510 11
1041 8
2187 69
5571 21
7186 78
6740 72
5095 64
4518 75
2093 47
5311 75
3315 2
7878 78
6971 25
3424 44
4943 74
3767 17
4402 59
2615 45
2695 78
8653 5
9460 68
6558 58
6008 15
8813 19
1899 57
4741 58
7429 26
5108 49
7269 74
6376 15
5968 20
8652 42
1740 66
1627 50
3348 59
4700 40
2343 6
5612 58
9319 25
4994 44
4715 18
6807 68
8356 2
1330 65
6324 65
4064 25
3276 18
3984 30
5962 52
7894 44
2147 33
8165 50
6933 23
384 27
1512 48
9349 72
4236 33
3601 60
9571 28
7595 3
1279 65
4271 31
2794 8
2366 16
1809 52
1229 63
193 4
5991 56
6803 75
9551 66
6144 26
5594 13
3844 55
1620 54
4286 29
6221 9
5764 79
1652 36
9277 10
8662 4
5485 70
2092 79
9598 40
9031 29
3214 7
4923 35
8006 25
6931 29
406 58
7242 40
2006 57
4833 41
1432 30
9881 61
1558 27
8498 78
1448 63
2101 15
4167 1
2 53
4 15
4002 17
1194 18
4290 30
6353 61
893 20
3456 35
1539 54
9000 19
9536 78
1563 65
1704 51
1526 2
2005 68
5617 19
5012 20
5194 54
8082 50
8777 42
3114 67
8707 53
6883 46
9918 1
4625 52
123 17
4531 42
6948 63
8407 21
5631 67
7338 49
420 1
2153 30
1741 48
7237 23
3294 51
9983 64
54 37
1431 75
7775 22
5476 7
3508 12
5805 7
5916 40
9584 42
3721 55
4211 75
3838 17
7883 55
1847 1
2923 55
3513 65
8874 25
9613 18
604 31
624 21
2847 20
7128 57
5716 38
8809 65
5490 37
8798 17
5941 38
845 21
7816 20
3590 62
2215 36
3101 10
9342 67
469 15
2702 30
8175 68
6691 14
9423 59
6515 30
318 79
139 10
4377 54
4004 70
1067 3
7982 56
9521 43
2834 51
7145 33
7997 16
2178 32
6891 75
77 69
5430 40
1324 23
5293 17
545 4
7341 13
7674 25
5641 46
2257 13
1483 54
2841 43
1385 55
6334 74
7744 22
5313 26
3693 75
247 61
5938 72
1471 32
2505 19
917 53
9108 2
3597 30
1039 34
4578 8
7779 36
6607 18
4469 21
4313 8
7651 72
5061 32
2723 2
815 32
1214 17
9644 26
4865 74
9478 6
370 46
277 26
2425 56
1307 72
6306 53
6293 36
4594 33
3705 65
2159 26
4145 7
3874 51
821 35
3872 39
5484 74
757 56
1015 43
6555 51
5336 1
2224 34
1434 65
3211 78
9619 70
6870 30
8989 7
3581 0
7410 18
9991 51
7676 39
4716 31
9083 52
8426 66
8147 24
4334 7
7439 53
8895 53
3941 71
7742 17
230 28
2595 65
4937 31
6546 47
8382 53
2423 70
2823 67
304 59
1122 10
930 11
5170 17
2620 45
8571 77
2901 52
6061 62
8035 68
1815 41
6779 62
8159 14
7302 57
4338 5
8624 63
1792 10
6103 49
3793 66
8040 24
8612 9
9325 9
9447 74
6682 4
7955 58
9701 42
2914 17
7825 8
8980 6
3954 52
8583 69
3653 19
3148 64
3881 68
6017 64
9660 77
8466 38
6303 32
4145 2
4205 57
871 63
2803 7
6911 41
9055 4
5907 12
5749 19
1256 58
1136 69
6583 24
3682 8
9450 71
943 77
6124 26
3185 36
8859 8
336 70
2735 64
7903 15
4286 68
5551 38
9336 68
3786 74
6832 71
8612 58
6216 8
5797 65
5612 59
8902 45
9827 11
5184 11
4641 65
5031 64
7790 51
3162 22
3740 70
696 65
5792 49
6102 77
2235 1
6035 38
3051 2
5735 35
648 65
2843 0
4735 11
7192 39
5840 64
529 27
4684 42
494 0
3990 4
180 58
3472 57
5189 16
1652 27
2881 29
9472 76
5518 19
8607 60
2596 44
2586 79
5503 78
2525 42
8604 42
9670 58
6453 18
5509 33
5710 52
9405 79
9386 56
3541 25
2094 66
8152 72
1141 52
4967 48
2154 19
1244 43
7939 19
194 34
2416 66
4600 23
3261 47
3449 18
8775 37
5265 6
8787 23
2760 31
1055 74
7739 59
8447 25
3911 66
8461 73
8072 19
4246 42
2389 60
8403 39
9451 5
2396 10
2083 58
1517 63
1115 36
9764 35
2792 35
2544 40
9293 9
5168 24
9586 21
7751 52
5276 59
5399 40
2747 61
2786 12
8636 56
1558 73
5187 14
1839 38
5723 27
1936 79
2024 22
6407 49
4757 22
2446 4
3722 78
8054 69
658 55
6348 63
3057 8
7607 22
2356 20
5721 48
1611 33
6191 63
7412 48
1 63
3284 46
2794 57
5082 6
383 18
5637 64
2414 51
4018 74
2421 37
9747 2
9217 57
4886 77
1052 65
6772 39
7607 62
4127 23
4917 23
596 62
3505 67
3071 61
3125 68
4938 0
932 48
5293 74
9663 13
7955 46
3722 72
2680 39
6070 1
7275 69
7737 39
9288 52
5719 44
3938 27
9594 68
611 30
5826 16
2938 17
6120 33
3084 57
6756 11
6623 32
4856 40
1973 5
7270 53
8272 30
2050 77
44 27
3825 16
3818 24
4993 0
3208 47
2732 56
2521 39
6573 58
7011 77
4539 51
668 77
4078 44
8364 29
9325 0
4460 38
1629 21
6038 64
6413 25
9671 74
2715 27
6340 2
6624 34
1480 23
5530 30
8882 8
5018 73
6842 24
6775 9
4840 1
3985 22
4896 34
7120 66
1597 23
709 26
9658 35
1836 24
9600 29
3076 33
2207 68
1426 2
847 31
4825 18
4515 6
3329 67
161 7
8812 43
6702 54
8204 58
4252 68
5236 55
47 10
8059 27
4748 34
3959 41
6947 66
8079 73
3437 7
240 16
9629 58
3133 62
7299 65
8289 3
500 52
8375 14
6685 58
5670 36
737 49
6142 42
6880 38
5205 47
9406 6
3711 8
6869 66
4576 9
3082 72
2399 29
5401 68
9001 51
490 67
8919 69
6590 47
6056 21
6194 60
5391 55
4178 61
717 21
5084 68
7501 35
2796 37
1884 48
9620 69
738 37
198 68
5029 45
1016 20
2444 17
4131 21
6218 79
3545 63
4865 54
274 11
4703 17
9543 47
746 78
1406 3
5102 57
9575 68
8865 57
1635 5
5914 7
422 29
2946 39
1562 18
872 21
1326 79
2236 77
3112 4
8586 6
5916 75
6620 44
5810 2
7355 72
613 26
4579 47
8927 27
1089 20
7166 66
5430 42
3605 40
8576 10
8615 0
4423 30
7430 76
5829 24
2999 60
2965 17
2860 53
2457 2
3895 74
3532 24
5936 10
4791 72
6380 53
7886 47
4170 12
9244 68
6867 68
5566 13
4310 55
5003 43
9416 39
7345 67
8584 79
6469 41
7602 9
1440 27
8208 21
2196 71
8688 13
4341 26
9651 66
7820 55
6351 65
6267 64
1692 40
2353 3
5730 0
959 36
3224 38
2126 3
5952 25
4762 26
4582 34
8115 38
2643 11
332 15
2240 30
6503 21
9528 43
166 25
5124 5
2616 53
8427 73
1083 25
5633 60
6924 67
2906 17
7048 58
8810 68
4832 39
999 21
6788 1
3482 52
9981 67
8487 21
2296 28
9466 64
9321 19
5520 9
2936 53
2030 71
7297 77
5115 66
2685 30
7899 78
9327 48
7939 47
526 4
5766 7
800 6
5624 67
1101 46
9260 31
193 3
8788 65
7428 29
3538 73
2723 21
4238 51
9981 11
467 21
159 36
7553 59
6366 30
386 45
2982 17
3138 10
8555 19
1122 36
3100 40
3384 7
6228 69
231 55
9085 31
9570 53
7482 37
7569 77
7969 7
3771 0
7391 33
6122 57
3695 72
1024 29
4464 79
1059 68
9711 70
1474 15
2724 48
4474 37
6197 16
48 14
112 15
2549 27
7226 61
9962 47
7898 50
227 30
3187 63
7043 33
5688 69
5982 3
5517 65
5352 76
9221 67
4442 71
9273 74
9723 65
8053 63
5934 33
9445 10
3166 46
9236 52
4106 50
4835 26
6777 57
634 42
1708 21
8057 78
8249 34
7448 2
2754 1
9878 3
3131 35
3301 70
5688 19
6112 50
6391 49
5692 44
389 39
5053 61
2992 9
5505 66
3512 14
3112 47
3600 69
4719 16
4207 38
9742 62
441 71
2681 11
427 55
9373 10
3467 75
7483 30
3617 34
8071 77
924 70
1062 64
5900 2
8575 10
8274 27
2394 34
8633 60
4564 31
427 2
3801 0
6910 64
9823 5
7723 64
1156 29
5993 23
2140 44
9695 20
4319 9
6443 5
486 34
1675 53
6839 76
9686 38
4416 59
7898 71
1647 57
2083 2
4137 39
1128 53
6579 62
4162 26
5862 32
1749 69
2325 32
3587 74
1471 27
7719 9
6853 65
6156 55
401 20
590 10
1834 60
5714 64
3484 68
3586 77
3432 68
6797 79
2798 60
1580 63
7717 58
2751 39
7180 25
5342 74
9419 70
1805 36
7400 32
8374 32
3945 27
6013 32
6028 64
1622 60
2195 69
7977 10
2510 52
5639 70
1616 11
2677 78
2986 64
2404 45
5592 15
9328 2
2575 17
1414 12
9435 10
9501 68
2287 48
382 23
1474 19
1364 15
3054 77
4710 45
5693 71
9061 20
4983 69
3352 37
4209 63
2314 19
9387 29
7475 34
7523 79
3877 65
6170 54
3444 33
5086 18
7003 65
5674 9
1124 8
5759 49
3674 46
7099 42
1378 38
9908 59
8671 76
4772 55
8188 7
1423 28
9362 28
6211 8
8606 79
8634 8
6845 70
2011 78
535 59
2953 46
768 78
7178 53
2743 53
6891 7
7891 33
8673 35
6044 47
6788 37
394 7
2546 41
4070 52
5338 23
9717 64
9842 47
9106 60
3829 49
2653 41
6575 73
5599 70
3308 54
2362 54
7235 22
8754 61
3108 16
4209 55
5604 13
8515 69
7117 3
7106 52
7106 0
4181 44
4341 47
5718 51
7151 42
3570 75
7153 13
6758 79
7850 18
684 53
9962 63
9773 15
8453 56
3163 4
3348 17
3142 71
6034 69
9282 1
3281 12
3528 0
699 44
3890 26
8613 31
8322 79
7857 13
7399 27
5724 70
2606 5
1941 14
6139 24
5442 53
4882 11
3470 34
4756 46
115 75
5627 3
3174 68
9743 39
1256 18
977 28
4030 74
9953 20
1059 10
3021 76
4493 52
5653 51
8526 35
5721 69
9729 59
84 8
2283 65
3914 2
3953 68
5570 37
6006 55
2484 56
4699 61
9118 4
3351 15
4532 72
3697 28
1827 41
6856 78
5941 25
2058 37
252 50
8479 2
2144 16
9387 66
7141 40
801 21
4358 9
8417 42
6188 14
4860 9
7245 12
6734 60
991 30
7915 75
624 43
3461 3
6961 65
9808 2
2418 32
2970 49
9289 5
7769 46
6915 1
8944 37
1646 54
7041 27
334 14
5235 71
8641 23
2336 45
460 79
6135 8
2308 23
1666 20
5377 55
6630 53
1066 63
1353 23
6060 53
2073 19
904 0
2847 42
8499 48
2664 49
684 39
3583 9
5746 24
6604 74
5213 43
7174 12
7888 26
737 66
4877 75
5533 19
973 26
1888 38
7910 17
3042 57
3775 39
2963 78
1691 19
8709 35
1135 76
7035 13
2418 63
7669 32
9682 59
2626 29
397 60
1994 24
3532 50
4690 68
3736 13
5810 62
301 71
4887 19
4677 14
4128 47
9384 13
852 67
9057 23
503 34
3829 63
9597 72
2453 70
7393 39
8128 50
9182 16
4615 71
6135 27
8117 36
7100 18
5732 13
5621 64
2187 49
5101 1
1718 71
2369 70
7724 10
5190 25
7930 30
3154 71
565 77
9573 14
2307 19
2147 20
2012 2
1539 1
9674 67
2863 11
7862 74
791 76
3159 52
9890 50
3186 64
4666 35
5577 55
2784 26
3161 25
1278 2
237 22
230 14
5216 69
7048 3
3713 20
770 51
6683 45
8898 55
3749 50
8392 72
3890 21
6371 58
1653 54
123 37
4706 9
4787 65
6705 35
1267 13
5489 49
9194 76
3150 37
3274 13
8834 30
8591 70
3509 35
1084 60
9314 28
7618 2
7985 46
6711 59
1364 64
3713 61
7556 62
8818 36
805 74
5024 64
3581 57
5006 29
9491 17
9541 13
1365 77
3276 4
2304 11
3792 15
2701 67
8502 33
4010 68
4172 60
649 60
6346 73
9002 3
5651 36
6132 5
4832 22
8120 26
6956 64
5570 52
7009 18
5790 5
4062 37
8609 10
1185 59
6522 23
3595 65
8208 64
6874 13
713 50
6391 42
786 76
1530 62
655 13
8608 68
3445 11
4375 26
7874 61
6652 9
7433 22
3771 76
8913 15
9293 48
3081 15
4861 23
1004 73
5218 72
5911 50
2912 70
6964 14
3013 11
1194 70
7083 50
1842 40
1788 14
6443 28
1313 9
1422 14
7525 77
7087 60
513 73
5866 13
7255 65
5877 76
9683 53
7545 17
8005 43
3614 42
7308 27
8767 27
3122 24
3016 15
9104 70
8196 57
2828 76
8548 28
2634 56
600 51
9116 25
6455 77
3310 29
1243 41
3643 71
9644 10
4282 44
302 24
518 11
9515 67
5944 7
9273 68
1523 18
7674 33
4425 23
5626 61
1919 36
6720 58
2290 2
2204 12
9176 67
1475 11
582 55
6152 52
2384 43
3444 61
2057 31
4810 67
9719 65
3257 50
3070 59
1607 0
5239 38
3998 54
1369 58
8436 44
2252 67
1644 48
5744 65
2808 51
944 44
2139 0
3477 66
2353 26
5499 31
9331 0
7588 56
1994 64
8095 36
4801 22
4980 39
4279 78
601 60
7879 30
7992 14
7471 25
7565 35
2761 33
5269 22
2634 76
1356 63
7315 66
415 49
2224 0
5670 16
902 44
2542 61
7128 70
9635 64
2764 23
6963 65
7472 25
523 51
4665 51
4371 61
8969 31
7143 21
3424 9
4649 59
7417 38
7247 32
1393 47
4319 2
9665 9
4118 53
2209 18
5624 79
7481 41
6991 47
7121 26
6025 59
6762 22
1192 22
7340 43
284 58
1977 21
8810 23
9378 32
7558 24
8434 25
9959 46
7184 32
18 75
129 60
9630 45
3612 11
8252 6
6053 20
349 52
6143 11
9265 33
7696 48
2174 9
1997 69
3185 3
566 26
6379 31
6341 7
293 74
2316 69
4738 17
8294 9
3576 64
1055 30
9206 5
4244 78
3211 5
6925 45
9783 58
7727 66
4860 9
9453 18
4000 60
8212 59
3803 16
703 42
1826 61
5384 57
5125 77
7428 57
396 43
677 55
3116 26
2666 14
7633 15
2794 10
2845 60
8077 36
3312 25
1147 15
502 65
806 13
1102 38
5444 78
9988 50
3956 39
5658 60
8207 11
8051 67
560 57
4935 74
2758 1
5478 48
9171 36
1163 43
4409 7
9388 48
2090 67
9209 49
3516 61
5361 19
1938 45
5828 59
822 29
1611 21
6226 32
7650 33
1126 28
5963 26
3561 21
5521 68
4915 40
2512 50
1429 64
5522 33
4167 9
3522 36
6843 31
4251 76
2514 1
7908 20
8729 40
9862 71
5739 30
9426 78
5853 45
358 42
4569 5
9455 42
980 24
9805 42
7354 38
3282 72
7754 33
189 36
788 12
6862 3
6739 53
592 0
6414 75
4215 16
2014 46
6712 0
2221 50
5760 13
8089 63
7839 0
7482 25
6591 68
7977 22
5091 5
4061 49
7492 39
6075 59
2618 16
5621 8
2953 67
6908 77
717 42
6226 68
6529 47
9111 25
2643 23
2760 69
6358 12
7629 68
6264 69
2758 21
7855 68
4180 29
4673 59
2507 73
9424 12
2140 14
1466 60
9476 78
796 52
514 10
3597 4
921 46
5189 35
9548 78
2318 7
1653 27
5085 45
6491 49
3035 6
8935 16
9391 63
2840 37
5345 75
6674 21
4801 79
5970 54
2251 9
6830 73
8001 62
7671 39
9689 79
5901 7
9462 71
2902 74
2757 52
1472 19
1469 79
2606 70
1790 41
1928 28
740 52
8168 0
1847 12
3790 74
7642 64
5589 21
1016 33
4145 14
5949 37
7697 43
8306 40
5387 22
372 17
3715 69
4419 60
175 72
8636 25
257 30
4534 16
4643 19
2297 14
8631 74
1333 65
3149 3
4482 13
1675 74
5984 24
1999 28
8621 8
8152 22
5185 39
4745 12
526 48
7772 66
7061 41
9234 26
6402 44
314 27
4057 4
9013 27
2995 17
400 25
3100 55
642 25
5880 73
1249 13
8141 62
5022 76
9363 29
2870 1
5730 27
9522 35
1264 30
3386 12
6934 76
7825 9
5529 53
1984 13
3098 58
302 34
9916 56
4553 13
404 21
811 29
7058 38
1679 64
1411 58
7372 17
4435 39
9987 17
4548 79
1804 49
3067 78
490 42
1180 35
5868 58
3099 57
7648 28
9050 0
2052 34
4075 45
3916 33
3823 43
2659 56
8794 60
9013 62
4526 64
2805 24
4707 64
5695 36
7463 24
898 38
9453 63
2358 12
8390 4
2598 15
7659 39
7759 9
9546 16
4560 61
3049 0
3641 55
2389 3
8655 17
1568 15
8997 63
560 43
2902 9
414 47
6405 66
2092 68
5149 25
8458 39
3825 76
378 79
3661 19
1866 8
3995 0
6951 60
9511 1
4197 78
983 31
7183 50
8813 71
1130 12
9471 3
8332 19
755 36
9441 34
4908 29
2747 11
6243 15
3828 56
983 13
2258 16
1789 43
1118 18
3496 72
594 64
8245 21
7052 43
6100 1
5066 71
5807 34
4799 43
7481 2
3821 24
1470 68
6861 4
2666 49
2165 65
3122 68
4059 14
3945 46
823 58
9565 70
5827 0
7271 33
8312 36
8860 74
3795 8
9473 30
3417 11
9675 70
3580 63
2320 34
7794 69
5989 31
4313 7
4104 20
5324 34
9028 63
9970 14
3064 23
5818 60
3350 61
7193 75
2960 36
7834 38
5708 58
7326 45
4274 34
4457 47
3939 32
1534 1
6912 32
7230 46
3234 51
1684 58
9235 7
8478 36
4380 49
9717 56
7883 74
3191 47
1228 19
9649 68
2011 70
8291 19
4890 59
5830 15
3589 52
1369 48
4126 70
7442 40
1228 20
5055 33
7681 57
8756 37
1199 18
1746 72
4711 38
5318 22
7154 67
5536 5
8635 38
1209 23
4518 70
9975 62
7323 45
485 43
2591 36
2490 38
5292 58
2258 52
7038 65
1390 23
1988 70
8826 40
1271 43
1008 57
1913 18
2817 42
6252 8
3071 75
2994 11
8324 9
3994 74
4839 22
4484 23
7624 41
4456 43
1297 47
8170 39
8379 29
2250 3
8642 52
8753 37
869 63
1221 63
47 11
5305 21
3984 3
2992 41
3563 40
6009 21
8721 9
2973 37
7577 21
6937 30
9276 58
8736 63
235 40
3666 2
9873 40
401 79
161 2
6006 62
8016 0
4880 38
1686 13
338 55
1794 24
3095 32
1921 43
709 78
7437 67
2314 35
5164 27
4824 78
5120 9
9749 76
4239 37
9754 42
578 66
6960 6
8296 42
6380 50
7911 26
4131 51
9233 7
6592 60
8083 27
900 2
1476 16
3776 60
4979 72
8029 10
8955 71
402 62
9025 77
172 27
7938 20
6621 56
4329 18
6415 17
8204 11
2147 43
4054 71
8312 66
7957 75
407 65
7283 55
4156 60
234 75
2193 77
9755 39
5765 74
9833 61
7895 16
7122 53
317 78
9847 13
5901 32
5043 59
8722 53
3897 1
1821 64
2105 59
3335 56
1317 71
339 12
7713 66
8780 39
7239 11
7508 75
5324 54
9155 77
6888 16
288 29
704 58
1507 33
5595 4
2249 29
3801 39
9563 65
6280 62
1763 46
1154 34
3406 54
2983 17
819 15
6915 11
8334 4
5802 40
5660 73
7842 25
2018 8
50 73
1615 29
7927 64
2679 42
9802 53
4709 8
3569 60
4112 11
5114 35
3084 16
9985 5
4192 5
280 26
6721 37
2491 76
141 16
6475 69
3541 67
9015 58
9174 8
6556 14
9027 13
6122 4
6538 41
2924 54
5936 1
999 11
9080 54
5757 56
4795 23
1895 70
5281 59
184 75
437 3
1565 40
9658 48
9003 31
76 1
1997 30
3124 70
3649 76
1292 38
1392 15
1923 57
9538 40
9325 35
8210 76
7563 78
3857 15
2775 50
6702 47
3231 36
5319 74
9617 25
1241 45
3752 37
6368 27
4059 68
4954 54
7139 35
987 29
5738 44
5795 49
9693 13
5355 21
3862 52
7836 18
605 73
3065 21
7691 40
8048 54
2151 41
7613 70
5511 78
946 19
3750 72
4643 10
6770 6
1276 75
1297 44
5513 66
1965 76
7212 39
5222 19
9887 51
3051 18
7514 45
8946 39
9475 32
2231 72
2164 75
4986 12
2903 54
5408 22
7717 75
4492 78
4119 24
5272 46
2543 0
5190 22
3068 56
8811 60
9504 21
8337 36
2024 32
5212 7
8758 18
3842 19
6880 18
4974 31
3158 40
7199 73
6896 45
543 62
1888 17
4806 22
1915 9
853 25
2587 51
9817 66
6135 7
4028 30
4906 76
5470 49
500 35
7139 6
7984 20
6600 0
7498 4
5155 1
1261 0
3227 70
9014 56
9340 46
315 74
8851 54
632 74
6408 50
9645 60
8665 57
684 46
3420 77
5097 68
7739 6
6329 65
8037 59
4161 14
68 12
4833 27
2998 30
9658 16
2532 4
1923 78
8136 54
4244 54
9973 1
7096 54
8782 59
9418 12
8039 1
6977 40
1402 31
9080 2
809 26
9075 5
3842 78
4467 55
3678 64
5861 53
9939 79
4804 48
4278 43
583 78
9798 50
7593 63
3285 51
3710 13
852 1
1598 30
1218 38
7496 42
9983 65
8398 19
2583 13
6850 69
1026 48
7161 28
6936 29
3822 60
8585 6
4380 34
7938 49
8675 37
7309 21
1785 55
6322 50
2870 78
8325 59
2887 9
4539 65
4930 1
6956 45
4930 63
1902 9
7504 36
788 27
7651 24
1671 31
161 50
5226 64
954 65
2072 51
840 53
6904 1
6739 13
5009 63
6439 46
1572 43
2497 12
2389 68
312 72
4598 70
2740 22
732 49
3720 58
2102 70
41 31
2632 30
4674 51
8207 22
2273 34
3743 42
571 46
7425 77
9522 40
2853 66
2839 78
2746 27
2735 64
5027 43
4365 48
57 10
6253 22
7700 53
9145 13
9476 47
5751 30
1292 56
5259 22
8189 23
2037 7
9268 71
5823 8
4505 44
6039 58
2127 33
1625 8
8706 48
7694 73
208 77
7489 70
5055 63
5942 34
3384 27
3202 75
4312 62
9210 12
2813 39
9209 76
8021 32
8803 7
1721 71
7752 22
7491 77
6229 61
367 25
656 18
7827 42
2224 37
7196 72
7722 0
74 54
3565 60
3998 22
5467 13
7401 8
6761 43
179 17
9872 47
7160 52
6765 54
2196 79
9128 5
9010 69
3469 73
3904 19
8766 57
7630 65
2681 75
1218 56
1655 79
8533 26
8218 60
6060 50
6876 69
9699 25
1607 56
9556 2
1217 3
5973 35
1168 3
6796 48
5067 74
9298 22
8512 60
2918 64
7876 6
9675 58
2771 28
2054 64
2833 46
11 17
5453 38
9916 38
4991 16
2650 73
5480 6
419 51
1695 7
4666 54
6126 20
8410 68
6022 7
2361 74
5412 16
1034 13
9394 61
7096 79
3331 37
286 14
4604 1
8484 26
2353 7
1609 64
2198 21
2847 7
3707 70
3329 22
8049 4
2320 49
4219 43
2222 46
2638 70
6509 56
3408 8
3473 63
1773 40
4712 26
918 42
485 43
2459 70
8486 77
3059 56
8479 28
9872 51
8622 64
835 18
6713 24
1987 13
9067 47
5901 4
757 14
3288 27
9174 46
940 18
3322 7
5967 64
4999 58
6646 44
7557 40
7896 71
9689 29
2949 57
515 29
2063 70
8810 57
7374 13
129 45
7869 29
2657 25
4721 20
6467 58
6070 6
543 53
871 38
9292 15
5900 4
8022 60
5327 51
2706 2
9206 22
5072 9
1134 54
3041 17
5878 50
6974 32
637 4
5807 38
7550 28
2239 47
6462 27
1109 21
387 30
7614 15
2339 53
4279 59
932 15
8534 3
2502 68
2545 14
6291 31
7688 6
5369 69
4105 65
3595 6
7877 62
3528 15
7710 14
7300 26
2189 45
8526 51
519 43
9031 7
7742 76
2284 75
2031 72
1274 54
1737 47
7208 12
8643 29
1017 41
1688 54
4728 54
5943 46
6704 42
7686 55
6430 0
8805 56
8719 49
2176 7
1942 78
7439 19
611 77
2857 16
7027 13
1993 47
5110 55
7027 25
511 3
4075 9
7235 20
4509 67
872 33
8379 53
8836 65
9524 40
5948 18
7988 51
4815 23
2998 28
7674 11
7828 27
7506 6
4713 46
6139 43
1516 51
8526 75
4582 37
9482 58
3944 37
8078 11
3708 20
8954 11
8286 11
754 55
8869 56
9458 75
1446 5
6758 25
8853 38
291 2
2966 79
6571 35
5509 0
9125 78
9647 78
6478 36
244 15
2796 13
3131 17
1133 68
8151 7
4615 33
5850 17
4083 68
2990 71
6441 75
1999 51
7558 48
6396 24
3298 34
71 18
5059 30
789 59
965 43
27 23
2899 47
8238 61
9385 32
5192 67
6580 27
1152 37
8486 75
67 49
5723 70
3407 66
9675 74
3173 6
8074 79
2944 30
770 57
2305 51
3684 61
3580 31
2486 77
2693 15
3454 50
8150 3
3898 53
1285 46
3345 26
1174 1
8070 41
3913 15
1852 10
2898 76
5625 76
8878 39
9234 35
3461 1
8025 44
9099 8
5531 62
9524 37
8457 30
2629 79
1597 30
2936 73
1182 20
3002 79
956 51
7001 24
3445 8
4603 40
6309 3
5715 53
6386 0
1945 36
6206 1
222 16
3270 58
4667 38
942 8
4365 15
4179 15
4230 59
964 62
3589 54
8828 1
9929 10
2312 51
8800 17
6403 62
9007 53
4100 17
7614 71
2847 12
8207 40
7061 11
1949 22
5500 29
5857 23
5396 64
3169 43
5600 26
89 17
6720 6
9289 57
7584 58
9427 1
5559 33
4902 78
1235 42
6217 73
589 75
6648 35
4899 3
4251 54
2420 43
6254 26
484 8
8820 65
844 65
7165 0
8941 39
3242 42
2536 5
1941 74
9207 69
8005 61
266 29
7865 41
2705 4
8476 78
7287 53
4820 72
7119 47
5871 14
7773 38
7597 26
7819 58
8016 69
2477 49
704 46
3243 36
2840 55
4596 67
5345 45
2659 22
242 50
3479 17
1910 8
4395 2
2715 43
2770 58
6855 28
2721 54
8146 54
9841 10
8170 15
750 41
4820 77
8570 35
6645 50
6475 58
4293 37
3821 67
9612 78
1440 22
3619 14
9660 50
6797 9
4548 49
4400 1
4382 34
7518 16
9228 41
4526 34
6730 79
9367 44
3050 55
3651 77
8714 31
1012 31
2179 15
3857 26
1844 17
317 38
8693 28
3483 58
5294 47
8324 6
107 23
1923 9
9732 61
6872 64
9904 31
6313 28
1698 9
5191 14
8660 32
4343 18
7223 27
8547 5
5528 78
1013 21
6309 52
1392 68
3342 56
3952 39
7802 32
4013 33
7692 71
9455 71
8433 22
8864 32
1836 14
9746 11
7241 20
8506 45
1745 25
7168 69
4565 37
7849 46
1945 48
8632 65
5554 12
7928 36
8013 2
5100 34
4114 8
2147 8
4280 44
7204 42
4523 0
8260 32
1689 18
8341 64
8828 54
4961 57
448 2
9101 9
2682 38
944 44
7968 54
3282 33
3216 21
9300 42
2460 31
7995 1
6770 52
7276 2
1113 60
6213 73
6770 27
2031 8
1194 19
3658 68
3860 32
1195 29
6435 4
5603 40
2922 0
9 59
8852 75
6667 53
9778 50
9037 71
7764 28
8659 67
7901 73
1937 63
8240 55
5747 38
6672 0
9027 12
5506 3
534 59
8384 45
5064 31
2533 4
1534 42
6191 32
4111 4
1233 22
5922 3
8731 67
683 67
9607 33
2539 67
9257 9
1116 12
4717 53
5930 14
6408 32
9412 8
3846 77
2108 68
9142 1
5462 61
9116 62
8107 61
935 28
8333 24
9778 54
4024 15
4904 15
8780 65
6203 31
5387 37
3571 78
7025 76
6491 59
6850 38
3215 57
7394 4
2958 55
6366 70
4395 74
6944 32
8463 26
9117 29
3258 54
7188 32
554 20
6556 3
665 25
4130 63
3673 49
2585 70
4018 12
6739 0
8413 54
1731 16
6926 32
5654 50
4304 16
4872 35
1588 50
330 61
2010 25
6466 62
8988 23
98 36
4325 52
1071 55
7113 62
8175 2
8862 30
4469 48
961 3
5921 47
9075 77
6941 36
6898 24
8973 75
5955 2
1972 8
1318 11
2452 31
7589 24
1988 44
4040 4
4450 48
6408 52
20 57
3814 5
257 45
6328 37
7904 51
3359 42
3892 46
5735 34
1377 38
5288 57
3760 53
3683 17
6239 11
2936 1
5987 78
4743 60
4432 33
3271 28
3195 0
4699 11
7851 21
6904 78
2558 58
3861 79
3848 12
3039 5
4755 57
9357 2
8271 6
6766 56
6986 63
9405 41
8978 43
2574 75
2077 58
5155 36
224 15
4075 71
6952 68
6792 10
3173 31
618 19
6667 63
8672 15
2439 2
9317 31
2987 55
6226 32
5355 42
3891 21
2172 34
260 3
9933 35
4363 41
1099 32
9849 10
9805 1
3138 8
7764 44
6261 78
978 19
5122 42
2840 26
4508 53
50 4
113 16
9524 41
6342 14
4575 22
6290 72
8697 65
3631 33
5679 23
3361 6
3219 67
9597 17
9198 61
7153 59
3726 45
1057 75
9801 27
4624 16
1798 53
9790 70
6397 60
4837 73
7327 59
6878 3
1546 68
7113 51
7657 41
1651 61
6517 68
4207 71
5834 20
2618 23
8890 20
3078 39
7928 74
7260 18
4711 25
3173 30
4823 67
1858 6
6007 30
7894 34
9468 17
969 5
9400 44
1875 3
6923 2
4409 61
3281 36
9467 59
8371 58
9550 4
2731 48
7830 77
3309 44
8861 44
5491 24
3047 71
5118 0
7909 30
5967 41
1626 34
4454 75
9724 16
9248 61
6289 30
8391 12
6187 17
4342 23
7101 41
2751 42
9541 25
665 5
8630 54
4724 9
3611 28
8822 46
823 24
6022 4
7723 5
2531 36
6921 22
375 1
8402 13
8462 17
1361 6
1644 18
9872 3
6958 43
6355 4
4483 48
1378 50
8492 17
5083 9
2616 48
704 48
9873 77
7340 22
3348 63
8658 11
7523 65
8128 8
5649 39
4040 44
3612 60
4472 19
1922 26
6630 69
330 20
6822 25
1756 19
2725 36
2121 11
8477 66
1590 26
5901 16
4600 29
6969 19
3363 30
5355 40
1587 77
1808 73
8009 74
8197 73
3100 61
9831 12
3461 18
4556 22
8677 52
2653 47
5137 69
2101 79
9418 7
4958 76
3701 26
4938 60
6829 51
4155 25
3681 37
820 33
4204 14
2677 7
8749 0
9465 10
1939 27
2233 79
7793 4
5043 29
6686 68
8245 5
1499 64
1601 44
7144 32
662 7
8973 77
6352 2
759 76
735 45
4077 34
4252 35
7269 51
4458 8
769 28
8219 46
5384 56
3686 52
8395 34
5324 76
6006 9
6241 7
6639 25
6164 16
5223 11
784 66
457 59
9548 22
5099 18
8495 76
9585 16
5892 70
4618 23
9220 44
853 7
1931 31
7326 1
5050 46
6727 11
2816 14
9542 79
2084 42
6924 32
1181 23
1167 26
2892 17
3951 52
5263 8
4107 53
8497 33
3523 64
3441 74
8225 30
8412 30
1464 55
6034 49
105 76
3172 57
1300 52
4971 41
2038 48
2602 43
9884 45
6469 24
9653 54
1094 7
8114 36
6464 33
4348 51
4319 61
2683 33
7455 45
8616 54
2543 19
2181 27
7363 65
9860 25
6929 12
7982 14
5955 28
7988 62
4365 3
3418 4
5256 7
6858 20
4022 78
3228 46
7576 53
9049 17
2409 13
2910 26
5803 50
6556 55
250 57
8614 28
9818 70
8691 17
6666 55
4000 22
9082 65
381 52
719 5
2485 18
1478 30
5753 64
5250 9
7867 36
700 49
1495 15
7276 7
6990 58
5790 59
4979 50
6947 57
9488 77
1648 18
553 40
1665 6
5886 16
7770 11
5556 57
2436 77
8633 29
4565 50
7539 36
6919 40
2002 13
943 14
6821 71
2038 12
5750 46
85 16
926 5
9193 37
8040 76
2126 17
9449 78
5639 44
3497 74
4805 57
5305 60
8598 2
9107 24
8602 68
8178 50
4500 20
8181 28
3354 12
9990 61
7272 71
6099 59
1951 52
343 37
2919 42
8981 47
7871 25
543 10
4502 56
7557 79
8337 49
4479 8
2401 5
1638 12
7103 29
7044 69
4364 46
3647 64
6658 56
5151 64
5502 75
4151 14
1881 71
247 49
5862 63
9010 7
5143 24
8963 13
3318 19
1463 1
1035 69
8175 17
7071 0
7425 15
5407 64
4038 36
3473 4
4843 78
3686 70
5045 55
8358 41
8907 35
4874 30
7118 54
1867 3
4258 31
8552 57
7941 69
2691 16
4068 45
8349 33
6574 69
1598 55
3339 32
1259 75
3483 78
6280 59
1889 39
5197 55
2128 37
7772 72
7157 27
2596 60
1145 5
9954 50
3351 61
5857 78
9803 71
5133 26
4230 42
9002 74
5749 12
7898 74
8901 8
132 6
8411 47
1640 5
1588 56
5335 51
3987 69
254 58
9866 68
7586 29
9554 62
1015 48
4701 47
6730 7
5059 35
9604 41
9930 10
4868 48
9290 23
781 32
1804 43
7207 50
4303 56
5983 77
7025 5
4765 63
3657 46
5366 45
3114 4
8975 21
9048 24
2841 44
9990 31
489 73
7543 35
9048 77
8471 55
1914 29
6929 52
2534 61
4184 4
5492 59
5748 58
1642 53
1989 12
7972 40
6672 79
9286 7
2342 78
9482 52
5846 6
1988 14
3870 0
8667 55
252 60
5310 64
5079 70
1677 19
8387 56
8756 29
9296 60
9059 38
7772 28
4595 62
6540 72
9074 22
4285 35
3343 40
8975 59
7233 36
5281 51
7738 41
6213 62
5820 76
2521 42
8835 55
2063 71
2908 1
6061 51
1976 38
4210 19
2174 3
3072 32
9023 16
7405 11
219 10
1167 46
3799 44
1819 1
3678 73
5747 70
2805 57
2453 34
3346 46
4206 24
8560 17
5997 51
1405 30
1254 47
5020 41
2338 5
8160 27
6912 1
4712 13
3507 66
6200 15
3771 78
1425 54
8830 63
426 32
9732 78
2633 37
5724 58
7071 76
7451 37
9124 39
2373 44
8699 60
2680 17
2740 32
5424 54
10 2
7994 71
6243 34
2460 37
4335 60
374 75
9460 53
5163 15
1378 16
2939 6
9746 46
8776 52
8035 16
7317 0
9710 58
6243 32
3989 69
9530 69
6002 33
8618 37
5627 38
2889 49
8496 5
250 51
3925 48
8827 6
625 50
1179 18
8566 60
3368 18
6841 77
4512 4
5989 14
4543 60
2456 23
1823 53
5224 1
1846 38
4440 9
1074 76
4534 78
6670 9
8472 7
5147 73
4063 68
907 13
359 31
7166 39
398 62
7078 32
562 57
1738 25
739 18
1867 76
4983 6
9086 78
5763 62
3679 67
9603 34
2966 62
5261 75
3097 20
5245 35
7215 76
8418 44
4303 69
6502 41
2698 4
2055 45
909 40
7603 46
7558 27
9591 5
1356 24
1648 21
3126 4
3497 22
8991 59
8463 29
4546 23
5040 26
4999 31
2741 77
5480 74
6906 53
1191 62
5193 55
9261 26
634 71
4573 60
5836 22
7766 79
1601 73
4891 53
6634 33
9613 61
292 28
6282 66
2997 72
4285 63
7295 47
653 2
9158 68
7413 12
7750 72
7152 18
3796 56
5664 52
7072 55
1359 72
4770 4
7095 2
7693 72
5089 17
2669 14
9634 25
5905 47
3635 56
1856 73
2244 55
3214 43
5309 32
3910 63
1587 7
1939 37
5642 22
7880 24
2942 8
3837 16
1132 66
760 3
145 25
2278 8
5765 36
9160 26
6087 63
8179 37
3921 40
603 48
5954 74
2307 23
8719 36
4145 19
2463 6
4141 72
372 71
8836 28
5538 21
4304 31
9647 42
2876 27
431 23
1528 57
3254 32
4201 45
2935 3
3014 32
5612 54
8357 40
9147 13
2337 6
4131 53
6234 11
4796 16
2076 72
1088 29
8527 49
4642 35
3372 76
8013 26
619 28
9934 38
4566 37
3489 0
2702 59
4018 67
4543 60
3550 32
4895 6
7127 63
9130 70
5045 35
1987 46
7166 24
8835 50
5267 75
8961 32
2364 38
2072 41
2019 70
2542 32
8886 27
1309 46
8023 44
2597 0
3907 21
1893 30
3196 30
4079 40
3151 41
3838 31
4688 23
6300 45
2377 39
9569 66
7778 12
4289 76
4314 74
2673 50
3225 61
1578 29
7608 6
8081 3
6477 68
7174 66
9277 58
4307 54
9255 66
7252 71
1378 78
6919 66
1988 54
377 1
5211 67
2193 58
3118 71
8719 49
9603 71
5905 75
4495 71
848 16
5535 16
7411 11
9863 64
8589 50
3845 46
8919 77
7052 40
7895 5
5824 43
1403 26
5220 46
5868 64
4976 60
8064 23
6243 12
3700 22
7368 46
4629 52
2468 5
8146 34
675 75
8002 56
2184 21
9076 43
8185 5
7987 23
9343 6
5897 31
6700 39
1777 62
846 7
3736 9
4252 73
3161 19
727 4
8751 28
5997 58
2892 55
2073 51
7019 55
9948 5
9061 53
3268 34
8963 32
5809 63
445 34
8543 28
4904 59
4402 68
4958 61
3837 51
8547 51
4019 63
1342 78
1475 36
7449 45
1449 0
1405 8
5557 24
4444 57
381 21
2947 56
8028 47
5868 66
2249 52
8316 21
7207 52
3743 11
2502 44
424 0
1772 46
6284 17
7462 57
1473 35
2709 74
987 45
8407 15
9299 4
7182 52
1270 1
2042 44
8667 0
6743 45
8763 24
5192 40
4562 34
853 3
5324 56
1296 37
3956 27
800 30
9630 48
3731 32
7617 25
7002 78
6800 28
541 16
4550 66
7045 0
2002 78
1963 4
2701 39
9146 72
2670 20
9390 39
2264 51
6707 70
1319 23
8961 29
9035 60
5772 19
2018 23
4771 69
5417 78
6890 66
4785 33
1070 6
626 4
6885 49
8669 75
3520 52
5402 1
2818 7
8555 36
8865 57
7082 64
7993 69
9066 22
7281 30
2539 41
3879 7
3283 22
1210 65
3934 13
5431 2
8685 64
1915 78
5194 55
9165 5
3028 77
741 41
1858 74
3059 42
6545 62
3863 47
9599 23
4279 19
4149 79
9364 42
8316 38
6101 63
8226 23
2216 12
8884 9
4863 68
4223 20
7341 16
245 46
4452 20
6106 2
1378 13
617 75
447 26
3658 50
2687 4
987 50
1531 76
2806 36
4881 31
2595 12
2238 24
7158 79
7881 50
7756 47
256 72
5225 69
9119 12
7056 10
289 48
4257 2
9331 68
7845 70
2393 28
2255 60
2156 45
660 52
7085 53
4789 1
7329 68
1165 67
6863 26
6434 77
9197 31
8537 24
5880 57
7209 67
6441 61
9699 53
4562 37
4513 65
7494 10
8484 36
4784 46
4275 15
3284 73
9603 43
6076 62
61 77
8383 58
133 24
7283 40
1121 42
5551 35
7887 68
4288 73
2287 41
1549 41
8111 66
5706 41
4755 11
1146 70
1200 46
2238 8
5017 10
3717 1
5346 79
6032 51
6005 57
8815 11
551 7
6920 46
9190 7
9196 62
5721 15
6995 40
57 74
6859 62
5514 46
2768 12
4686 22
5327 25
3604 49
6481 12
6383 70
5253 72
6716 33
2634 54
332 31
8880 30
273 50
9956 1
5513 1
51 37
7340 32
1879 30
837 39
7270 6
5511 1
2065 57
4168 67
6805 79
7358 71
8861 38
9215 21
905 60
404 77
6986 54
7628 51
2636 16
9983 39
7199 34
4236 47
9747 26
1030 36
1513 44
6852 6
9155 3
4785 29
3910 34
3845 61
4877 12
1381 5
958 60
8913 68
9412 66
3565 40
590 27
6960 52
1495 44
9672 14
1058 74
9712 66
3873 72
3738 70
9939 78
1224 44
9272 67
2985 13
965 24
5018 56
9380 48
7045 39
2935 79
9302 73
4566 29
7795 2
7090 71
1239 44
2234 67
5577 71
799 14
5299 52
6979 4
2695 74
5785 60
4930 3
5872 45
6292 23
1557 48
2061 3
2449 19
2647 53
7483 39
8331 54
4022 40
6259 52
5550 70
2736 75
1378 52
1887 64
9019 60
7718 26
6910 77
108 45
3181 67
5005 36
6915 2
5099 42
2275 46
9979 5
8521 41
2144 48
8942 58
7949 36
3164 54
1586 18
8719 62
4941 63
6463 21
5453 61
6354 28
209 2
8186 13
7051 70
3020 0
1279 46
3145 76
8024 32
7572 14
9144 19
1358 63
5397 69
4510 5
8004 56
7510 9
3242 74
9421 16
2580 63
7513 40
5364 61
7844 32
8013 68
1591 37
6649 8
7231 69
4614 76
6140 2
986 29
1863 21
187 40
3915 59
2313 41
2704 33
7921 1
3080 55
4191 51
3565 52
4182 11
2309 39
7870 43
6958 53
7456 20
3227 35
2913 29
6970 33
4617 35
9869 49
6563 30
3063 35
6081 43
6215 15
7520 75
362 15
3813 7
146 54
1883 62
3769 64
1060 13
7963 71
2430 74
6167 63
8503 29
9218 47
6086 12
4761 12
9499 33
6191 68
4292 26
5094 36
3066 29
6731 7
1580 69
421 27
4071 13
6220 49
7628 72
1211 1
2305 59
4451 8
6723 24
111 63
1083 40
6916 41
4289 51
5584 24
4539 79
5623 13
1094 51
4863 10
8742 39
8178 6
1553 74
7017 28
6162 31
8224 48
9383 37
2179 48
629 34
9546 50
7110 43
1462 0
2370 35
6187 12
9776 13
3302 65
2987 79
3652 57
158 53
2602 5
8115 79
1896 76
1501 9
3611 18
5843 53
736 36
3505 6
4897 30
1115 75
5409 41
7117 7
7033 68
4239 25
6065 14
1917 77
7637 46
141 46
6588 15
867 22
4345 75
5573 35
971 66
8206 72
9474 23
8087 61
5274 23
437 20
7059 71
9113 10
629 42
3588 69
128 76
8570 16
2345 29
2669 48
698 29
2382 50
8551 48
8283 52
3196 63
2078 60
6490 75
9847 25
8882 62
4358 36
7996 64
2888 66
1790 50
5503 57
321 27
4660 44
7074 45
8411 53
9989 51
9835 79
9062 74
3422 61
7784 72
7580 25
1847 29
4110 29
3709 21
5238 8
9296 54
4088 46
4635 61
8208 78
2662 31
19 49
9713 30
205 28
4017 27
3631 18
1040 35
7732 42
4977 39
6363 56
2049 60
7923 10
8482 75
2134 33
2027 53
626 10
9219 55
1529 72
2527 6
1691 64
5976 72
7957 1
9339 47
9312 14
4788 2
5739 25
1489 25
3579 77
7569 5
2767 56
4831 41
7554 19
2786 57
4585 0
2208 78
9202 79
3462 19
103 28
858 0
6034 41
591 0
712 36
1403 33
6399 36
3365 7
1322 5
1751 77
6144 62
3315 9
298 59
6529 59
9415 12
5919 50
8857 9
4640 59
4149 32
1267 23
2405 77
6124 39
784 21
3312 55
4531 46
9879 36
1433 62
882 27
152 63
5832 48
9118 76
1379 39
3714 59
5336 19
7540 71
3212 9
2069 57
4501 64
5863 50
1576 71
6455 71
2923 50
8773 9
8745 19
2870 15
9028 1
9303 3
6957 40
7668 7
7225 44
3515 34
9239 75
5392 58
6807 47
3038 79
3597 76
4119 2
4849 28
7895 48
2987 68
4795 15
9481 19
7875 36
5566 7
5832 31
7193 75
8446 36
9160 65
4416 54
7654 24
5152 17
1002 10
8813 20
321 69
7742 42
8999 68
7231 52
9400 73
767 68
5518 41
7554 8
7510 4
6774 66
1320 79
5774 0
5748 32
6023 12
790 5
3931 66
4207 34
1372 73
7202 53
6286 48
5117 55
8001 39
9508 34
689 7
725 74
1441 63
57 9
9698 60
6490 26
598 52
9584 49
4302 63
8399 70
8467 34
2968 12
1781 9
5125 66
2334 0
9592 38
387 47
2264 49
8191 16
3549 19
9026 46
3509 59
202 12
2715 2
9899 30
1942 21
9490 40
2598 46
223 66
9505 30
756 52
3696 9
2684 52
8831 45
798 9
4981 64
8974 11
7270 22
6273 9
960 44
1624 54
7384 68
6937 48
6163 61
6853 31
4762 62
3325 71
8117 14
531 58
2925 3
4330 61
3024 6
1650 21
7876 63
8677 78
3199 35
1960 56
9955 6
6088 14
3748 46
181 4
567 70
5360 76
8902 59
7217 21
9979 23
6249 17
5643 71
9761 66
2291 11
5166 64
6221 58
2966 73
5041 0
5016 22
4379 53
3997 53
832 58
135 24
3960 67
3807 74
2714 27
1812 25
7455 41
5562 37
9982 62
8011 35
3540 7
7045 46
2148 5
9329 27
7778 22
9804 71
5162 63
4420 31
8801 73
6132 27
9686 22
8875 25
8257 14
3237 34
9330 10
9700 26
3517 12
6634 25
2494 9
1945 1
7795 68
1960 12
8831 73
3957 52
1432 66
7315 46
5737 41
6009 20
7258 11
4942 13
5548 37
7381 59
8584 30
8764 16
2521 1
1832 46
7595 69
5333 74
7301 10
3944 12
2450 35
5666 6
3526 26
2600 78
9503 4
9206 10
9430 3
5293 71
5352 2
114 70
3112 32
7784 68
4927 76
8340 52
7749 9
1524 59
1643 46
9694 23
6975 77
2255 29
9067 45
9323 62
8635 7
6522 37
7403 10
4856 15
52 11
6418 7
4983 12
5317 78
5648 55
5890 68
5611 72
5843 53
2064 69
7703 67
773 42
5680 43
1369 21
3752 23
7896 27
3494 16
5951 5
2033 29
1184 58
4780 12
2525 74
3621 28
5559 37
5983 5
6931 38
7410 4
1779 15
1236 55
2098 2
4088 49
5419 25
9244 75
8669 50
3866 72
6207 27
4436 67
9354 70
9480 38
6116 73
2892 25
7246 53
4192 54
4924 0
1464 37
8081 1
9202 25
3831 23
6989 6
692 7
7861 77
7282 17
6247 53
4787 62
6117 8
7487 7
752 39
7152 5
291 59
2951 64
3753 57
3703 38
3225 1
3781 27
3447 51
1840 71
8940 31
4313 65
8252 8
5852 70
2957 67
7560 5
4687 18
7626 58
7112 23
2901 53
1278 55
9840 6
702 14
9279 40
4654 24
9776 55
6772 3
4927 63
8594 63
8760 2
6606 62
9998 38
9014 14
6177 9
5603 16
2471 33
3 52
5797 37
5974 35
2786 49
4674 8
1752 42
9954 44
3944 15
3073 30
7986 71
3598 59
3873 29
3444 31
7121 21
6533 24
1787 10
2808 2
2538 5
8950 5
608 44
1615 56
3068 53
8378 48
766 37
8641 25
1218 25
9397 47
5041 16
3314 57
5849 67
1996 67
819 34
7267 7
2216 77
9130 72
5219 27
4865 42
7858 10
9829 17
2850 68
8838 36
7337 11
8680 13
5389 65
7206 49
3117 70
5738 71
8537 78
4198 22
9508 78
6030 31
8986 35
3321 20
8683 0
7938 35
8612 50
937 4
262 49
6110 75
1741 5
8588 73
1220 34
9957 53
2455 50
8867 67
5575 46
4690 15
2140 41
7486 24
8433 24
4864 44
7493 18
844 43
7403 16
5219 58
9459 0
2258 39
2858 44
5675 4
8834 34
311 34
3261 48
8662 76
4815 79
5156 60
2121 9
88 45
5780 71
7050 31
2399 11
5127 33
4639 38
2138 46
6067 8
4325 38
8037 18
8549 72
3393 9
8585 41
686 42
6288 51
5162 68
3930 77
8514 6
5005 19
9300 38
8039 66
7319 59
2807 66
1832 40
5011 32
5276 70
1007 7
8088 76
5071 27
6240 46
4565 49
9463 79
8756 30
8752 20
6292 11
8949 22
4563 2
9117 67
9278 23
429 34
7721 22
8596 50
2075 53
4078 14
8259 21
651 78
7638 27
2322 13
3850 69
9217 35
7719 59
5729 63
1897 36
1815 18
3111 2
6205 58
7463 75
184 73
5039 69
1521 50
2194 77
4370 16
1458 3
8879 19
5356 22
4486 72
3135 24
744 67
9341 13
7259 28
435 37
6915 35
691 36
5388 65
828 11
4355 28
606 52
7828 71
3231 63
5325 52
3569 52
8156 71
1408 68
2720 40
5595 17
2403 36
1625 70
4089 49
1064 68
3007 12
2285 43
381 1
2261 17
4675 22
7452 34
5126 53
4231 68
1623 4
2968 5
8493 34
2871 19
400 64
1252 72
7445 57
2760 65
3269 16
5266 57
2877 37
331 6
8218 51
2142 32
2280 57
8230 73
498 34
421 78
5974 68
6471 8
1586 18
4992 47
6672 14
7859 28
2336 31
6844 73
371 74
8709 8
6154 32
5494 77
9746 4
5317 40
7321 71
5561 67
5108 50
669 52
9445 79
5734 15
8262 21
6534 12
4507 14
5078 32
4771 6
3945 43
4242 66
654 13
6990 43
972 53
4567 22
1046 40
3403 1
8980 26
7533 43
6652 29
8702 17
2393 67
4098 17
5324 1
9245 45
3550 50
9856 45
7229 52
6373 17
5129 4
3444 66
8955 49
3700 4
742 79
5054 75
5057 11
3226 54
7965 6
9784 28
6594 32
7621 65
495 2
821 53
5103 23
2892 10
6215 40
5583 1
863 67
2260 32
6306 71
8146 49
1629 79
2497 57
5350 24
5943 51
5471 33
5614 41
4585 62
6187 46
4486 25
5378 27
5455 70
8423 53
9534 32
7015 71
1162 5
3491 34
6754 44
1195 45
8070 62
2801 26
61 8
2572 38
7926 43
9726 12
6169 46
5262 40
5415 1
6663 19
6882 30
9297 32
6564 62
9212 33
1177 54
8703 55
4927 60
8322 68
7331 57
8152 62
1470 13
2123 35
7449 74
6809 4
3563 30
1069 15
8801 0
9903 61
3839 6
4431 4
9571 49
2772 26
3997 54
8903 71
9928 41
3754 69
8282 56
4360 71
5672 33
9106 67
1648 1
6518 29
440 58
5538 66
459 64
2938 62
4692 33
3199 42
9687 63
5989 37
9013 59
8361 62
5817 63
2982 11
4268 71
2162 25
6428 77
2150 33
6328 1
1123 3
1872 17
6032 66
9771 74
1077 44
1530 59
2057 36
8178 67
8596 13
9599 23
6474 53
1659 17
4256 11
8807 71
9663 47
4542 71
5127 5
4607 61
5309 54
8822 17
3890 3
4952 16
8288 6
5467 53
8990 7
9632 35
433 71
2675 66
9679 61
8564 3
1653 43
8394 18
267 76
1451 71
5106 44
2038 57
7183 36
112 48
4270 32
6471 5
5392 63
8736 8
9086 71
4407 77
8787 34
4327 21
4907 56
3226 20
2981 43
5242 36
3324 57
164 70
1061 2
7467 32
6708 22
5034 23
2836 73
5695 42
2966 23
2484 56
1102 62
720 16
1664 44
156 67
6696 70
3170 72
9815 17
8148 60
108 49
6648 35
8610 44
3936 48
3888 74
897 44
324 44
7553 7
4909 6
7588 24
1601 57
9184 34
1274 65
9165 22
5239 72
8331 79
3891 70
8915 78
4370 38
2699 34
9871 22
968 51
8874 58
3252 12
5160 77
1658 3
2835 69
826 22
7254 33
1554 67
643 66
3926 67
8291 68
4486 69
7335 56
9038 35
2062 47
7990 35
5538 21
8058 76
3685 39
2924 51
508 34
7593 17
5784 74
2979 2
5424 35
1536 13
4755 48
2954 75
701 22
2175 70
8925 75
7770 63
7001 17
217 76
2457 41
3977 44
4380 5
2455 41
4913 15
7160 73
5455 47
8702 0
6706 29
4333 37
9866 3
7141 47
5921 46
2625 12
6697 49
8121 15
5947 6
4069 20
4006 50
1362 16
5259 52
6924 58
148 26
9933 15
210 47
6352 7
138 69
1520 34
2434 43
9053 14
8937 11
8519 41
9753 19
4021 13
8172 29
4838 76
8356 13
64 25
4938 39
4643 49
1219 11
9789 68
2794 46
513 36
744 22
423 57
4212 2
4356 46
3573 67
4796 43
1416 42
5746 64
1722 48
9652 27
1640 76
925 23
822 4
9987 49
6509 68
8112 7
9989 4
2453 64
7393 57
4677 34
6715 42
3241 68
1626 61
3499 64
3505 30
3256 52
35 75
164 54
1233 63
6977 34
1811 57
8762 1
9574 56
49 39
1861 53
7331 73
9605 61
7825 74
9998 26
2310 65
623 13
6021 72
3089 42
4874 18
2954 15
8116 42
8866 66
9801 53
9645 71
4771 20
7602 59
4757 24
424 16
8894 17
2068 52
4874 53
5472 0
6411 58
2911 59
8971 48
5349 73
2435 30
8256 67
8630 23
8930 4
9489 24
2580 29
9957 18
4563 69
491 30
5823 65
1666 2
865 60
1571 14
1909 67
7528 35
6220 0
1232 33
1397 0
7506 43
8578 67
8407 10
8071 16
5571 10
8729 50
4613 53
2503 35
7187 26
9304 68
3751 58
8865 54
5862 47
7462 40
5628 9
6600 29
7805 22
8094 41
8455 28
1517 24
5726 22
4690 75
1785 58
4473 48
8228 35
8403 76
4283 64
2368 24
7037 40
4472 38
7714 24
555 46
3998 58
3611 57
298 51
4355 73
9966 58
9234 51
320 64
8364 58
1675 48
5885 73
5440 21
4918 29
9200 66
3714 77
7643 66
4935 71
7092 45
8766 72
2790 67
5271 39
5231 72
7476 14
7230 76
619 6
6406 54
5477 63
1437 28
4391 25
322 50
886 65
3239 44
5768 43
452 2
2658 25
5469 47
9518 5
395 21
7103 17
3579 50
7225 8
576 39
5555 16
9400 42
5671 15
8523 42
3053 55
809 10
8503 32
7677 29
7241 48
8738 12
6242 9
9947 70
2288 31
6215 21
7940 20
1901 9
765 34
2144 3
6977 69
7727 32
9237 35
9541 16
3685 24
7602 18
1295 50
6769 78
1367 37
8660 78
5908 44
8721 58
3691 46
5990 62
4814 25
6663 10
5860 77
4147 39
803 7
8692 1
988 72
1933 37
9597 34
4987 40
7413 31
5875 49
1415 13
9740 20
6314 10
8696 76
8896 72
8678 68
8305 29
6510 51
8699 41
9369 18
8600 21
6760 58
8160 21
1298 15
4201 57
289 67
3581 70
7412 8
4136 76
3911 38
8635 3
9739 69
5927 23
299 8
5770 29
9676 38
406 33
4136 6
1503 46
2971 22
1158 24
2278 40
5167 74
5380 58
9372 71
7476 32
4565 79
4547 17
3104 48
5203 74
5907 54
8125 50
3820 33
8590 60
736 49
2514 50
6840 1
9806 69
374 61
1728 14
2897 1
3367 63
1636 79
1414 59
1692 44
7611 46
3024 72
911 74
8028 41
6808 32
4196 35
2874 23
4815 6
5616 60
8968 51
7407 71
2477 12
7071 69
3340 72
5023 23
1456 31
2644 39
3712 56
8026 2
4462 61
4413 70
8374 55
621 25
8334 28
4827 3
4021 65
761 26
9382 45
167 8
4853 77
9165 59
717 29
5461 40
9705 9
6349 61
322 64
4822 18
5075 18
3144 27
6618 22
7501 13
7154 43
453 74
2142 41
6837 75
8147 50
8103 9
1143 42
6294 23
5623 32
3705 16
115 8
4705 72
2030 39
7554 66
3608 42
35 62
2160 67
6080 12
7143 18
4 66
4028 60
4 5
8019 74
3164 39
7019 64
6746 78
4979 40
2025 45
2898 74
952 49
2564 11
6246 10
6112 64
3019 20
4237 45
4145 1
878 62
6905 21
8317 0
986 77
5860 29
7155 60
1600 51
7512 20
4918 32
7648 45
6806 12
473 6
7781 67
5960 53
4436 30
1406 44
7179 12
427 58
3235 50
2030 11
7332 12
9564 14
497 31
6133 49
4410 45
1996 74
6301 19
5612 4
5698 34
3006 68
6855 40
7549 40
1239 27
340 59
7466 2
4354 7
9324 64
9384 71
7582 30
6161 8
3037 3
5509 44
891 2
0 58
1363 49
1627 69
6170 33
9628 23
7348 79
5720 10
1862 70
3676 4
8547 62
265 76
9829 69
1408 13
8245 40
674 22
5204 79
5569 27
6342 50
431 59
7725 44
6653 15
5986 75
4211 60
3386 64
7964 5
7195 9
9311 1
5794 24
7391 20
289 0
2721 44
8613 76
3270 11
3440 76
2284 27
515 44
402 67
5709 67
7033 53
556 21
8131 33
4648 69
4589 73
3919 27
4335 34
7604 62
8589 68
2639 30
5004 78
9669 64
9002 73
6792 7
4482 23
3828 75
3185 24
3013 9
5622 25
1871 7
9877 41
3604 2
4095 41
2448 70
4424 16
2900 9
2331 24
1203 20
2148 25
6387 79
1445 15
7194 40
3562 58
248 16
4519 66
1873 18
639 69
2982 17
7090 47
7031 29
771 37
1664 33
3771 46
3230 44
9631 62
8666 58
6562 47
1771 30
7431 47
3442 30
8454 1
6014 27
907 16
5282 44
6327 7
7254 70
6812 6
203 74
466 34
1855 43
6266 28
6102 74
171 28
725 48
1995 58
9060 55
8371 8
6386 37
5625 79
9242 22
8763 5
5374 69
1799 8
4916 72
7267 10
5080 53
2792 41
8080 20
9337 57
6066 50
2216 32
8219 14
2431 45
3532 5
9167 38
6527 21
3260 29
7083 63
1841 79
3761 78
1672 73
9499 63
8846 39
3145 28
8081 58
4045 57
1072 20
6726 73
9935 35
5987 77
1393 72
7432 75
5369 20
8611 56
2823 14
691 66
8201 35
1391 12
4409 58
5219 70
9528 19
2519 56
6913 43
2481 75
5814 46
6251 52
2534 74
940 14
4980 76
8243 35
1850 74
4072 6
8460 60
5044 32
4111 23
1372 54
5592 40
9995 51
8652 41
7787 23
7032 51
9079 59
4555 0
3060 16
9775 75
440 20
3225 23
6782 0
3543 73
8145 16
2682 34
1462 63
5435 61
1891 79
5396 34
8454 66
1150 52
7277 9
3998 13
9011 70
6813 20
8115 47
4549 56
1365 34
7375 60
5464 63
1175 79
3572 39
7215 54
3722 79
5490 57
2055 49
7820 23
1914 63
2307 70
7369 52
8835 59
2212 57
5257 18
4193 49
4994 75
1127 18
2673 49
2335 16
755 24
9419 40
6342 19
5058 38
8250 15
6867 3
8210 31
3299 62
4012 52
4731 54
1036 73
2112 33
7589 41
9246 44
8851 13
2540 64
7683 6
4997 77
7834 3
7024 22
7608 64
3609 40
3348 59
6407 72
6698 68
4829 72
7011 16
3847 70
2484 10
5745 50
1265 71
2470 73
9333 4
7343 34
5490 46
8941 21
5392 78
8171 19
3116 31
3458 22
4773 45
3625 6
3148 60
3878 68
3539 66
3273 7
9243 50
4096 32
1095 54
5707 28
4081 8
2287 55
7669 45
7346 23
3412 46
8351 44
2231 21
9471 17
8918 1
9004 79
3346 37
5728 31
2031 67
6175 26
8702 64
460 47
411 68
3298 63
6767 17
5983 9
7285 62
9049 77
4132 63
2957 63
1768 34
4206 42
8491 8
9059 63
9091 77
9454 41
4148 39
3473 29
6594 39
6404 3
6004 31
3015 75
8057 17
202 31
4700 79
6606 20
2764 20
9609 59
1863 61
6905 10
4660 54
1610 50
362 45
7865 44
1967 37
4943 5
3961 10
2762 52
9179 27
5358 20
9870 41
7986 50
1803 74
8341 21
5375 58
5686 20
8898 31
8534 24
8169 24
6768 16
215 2
8952 11
3784 6
9202 6
5819 17
9069 65
4070 49
5928 64
5814 41
5482 59
2391 34
863 18
2198 47
3217 1
949 59
886 44
9882 65
7083 39
9952 39
8686 53
6850 55
3318 59
1946 75
152 47
7036 69
8408 50
6895 41
8406 72
6663 40
1532 48
9979 42
8817 4
2212 70
2424 63
6904 33
6628 69
2304 17
3328 20
9067 44
6667 21
9037 34
5139 31
6533 68
5347 56
1259 15
9286 57
8565 25
2438 77
3409 23
8773 37
4050 72
48 11
1167 66
8217 17
6016 71
7589 22
1728 51
2430 20
8738 69
7115 41
6210 23
8276 31
2615 44
2436 10
1594 54
7659 78
56 33
7761 11
2040 31
6276 38
9844 64
3063 5
8356 45
6102 38
3893 18
2380 76
5318 38
3092 55
2645 56
2593 0
6098 39
8975 46
7180 46
4840 39
2060 27
2498 71
6836 43
255 38
8339 19
5873 73
6814 13
3093 39
124 77
9014 54
5916 15
9465 2
4594 32
2867 25
6976 53
1045 54
1779 11
6494 7
5250 28
7050 45
5745 59
2925 65
3202 44
6791 77
7294 3
9656 78
3164 7
3473 68
6760 19
3142 51
9199 25
4036 41
5203 51
2660 44
4659 55
731 47
6764 6
3050 49
1750 34
6175 67
5714 10
881 4
5953 19
9563 59
3182 36
8268 31
1076 78
1306 38
1561 6
7051 41
4711 65
9776 16
1271 59
1969 63
2285 67
5700 60
5214 71
6106 60
4462 7
7187 58
7620 9
8066 3
8139 56
7964 49
632 25
1774 1
8911 77
5390 51
7591 44
4702 30
1670 52
3867 29
7158 77
9984 58
4814 72
7777 53
5022 20
5905 2
2813 28
6350 44
2474 0
7154 9
1546 79
8239 12
1316 14
4964 17
6807 23
2014 57
2423 17
2387 34
3664 8
8864 1
3978 57
2922 63
7234 61
9963 46
2802 47
2432 38
4319 59
8082 16
4211 20
4940 14
4324 2
9816 68
1746 55
1835 56
9751 77
8871 66
683 29
6659 47
9013 14
3419 8
6422 25
5313 74
376 37
9689 18
7167 51
9831 7
2618 8
3117 19
9290 34
4498 31
2126 25
3286 43
6321 20
6490 55
2872 5
5131 32
2665 2
4797 58
8532 33
4749 38
7947 63
4874 17
7486 61
6881 42
159 39
7382 45
6422 18
5184 0
4890 66
9775 73
474 21
3414 26
6766 32
4945 74
2817 68
5385 49
6689 43
6617 32
5292 5
7821 75
3712 58
750 68
6227 11
3462 37
9698 26
2157 74
5567 50
8435 40
3772 5
1925 30
2209 0
2077 23
8303 29
8761 24
5043 36
7972 60
5088 62
6321 26
910 25
5924 15
4534 49
4910 14
6308 49
4467 17
2047 21
417 58
7777 75
4204 74
7373 70
685 29
8511 63
21 49
2526 56
9454 65
6450 78
9067 18
7700 59
9599 73
4471 52
9009 22
3554 6
698 66
7937 56
2399 0
459 45
9 19
2931 24
6753 60
218 12
5511 78
5338 31
566 49
1786 59
8209 78
765 49
5376 77
8995 26
9773 25
9513 27
4025 13
4057 4
3113 46
7564 5
4347 52
4385 45
724 69
2124 65
3210 0
3135 22
8993 3
8629 75
9556 26
4965 21
2681 21
601 8
1553 52
9470 15
4946 33
1769 25
7689 74
6969 64
4648 10
7523 23
8936 4
7069 15
3058 75
454 6
3642 16
9140 77
496 24
302 52
4550 25
9091 68
4686 2
3771 56
5867 36
8301 57
6538 49
1291 5
5333 32
1211 11
1402 9
698 54
7764 51
643 20
4268 72
9186 1
8250 17
3822 21
2792 35
6757 54
704 38
7448 43
3893 30
4209 15
6982 40
6140 78
2199 67
6691 79
9687 56
8942 46
5672 23
4545 21
7891 15
6105 70
3403 26
3523 72
8114 3
7810 11
3835 21
3592 25
862 17
5751 44
4279 59
9498 70
1250 2
3761 49
5159 74
6355 51
9051 24
6739 13
7045 73
9013 32
5685 15
6724 13
8757 73
4172 72
1324 78
1760 56
7696 54
7202 14
8856 37
9272 63
9478 37
5393 63
8514 47
4133 60
9765 53
337 36
3571 63
1890 52
8534 48
6742 31
2808 52
3173 23
2651 56
7185 74
7102 38
9306 28
9303 76
5786 61
9032 72
2617 39
3078 50
9929 71
9523 22
234 37
8519 60
4842 17
8972 54
8899 44
173 5
8742 32
6424 57
1087 77
4139 51
1229 18
6711 24
2670 52
6667 68
8346 13
7751 72
1499 68
7840 67
2296 4
7461 56
4742 44
156 65
3099 35
7626 32
2565 54
4166 62
9377 48
5463 18
7550 53
1907 31
136 10
2987 58
8444 36
3990 39
9363 27
1095 15
5123 59
6904 32
8514 56
5633 1
2537 59
5688 16
417 45
909 11
2922 78
216 71
1488 18
3637 32
9701 26
9802 29
3421 75
8365 31
8176 44
4692 22
136 49
7001 64
6437 31
5622 47
2216 76
6098 38
8131 68
151 0
4649 10
5384 12
8713 25
9378 57
1918 22
1942 74
1837 5
1345 71
7587 36
337 64
8592 23
5904 30
9658 49
1934 39
2070 75
916 13
9359 37
1801 53
5839 22
1658 15
5692 66
9639 6
2281 71
1827 38
4148 19
9393 21
2298 22
6946 64
3733 0
7323 3
5932 7
9854 68
4212 6
653 60
8649 21
2936 35
9243 65
3401 71
2295 73
4097 25
2593 20
1737 36
4203 2
9932 42
6369 61
2955 61
5312 75
1619 39
2956 67
8803 39
8023 10
3861 25
4587 25
9161 16
7247 61
2816 66
4772 10
5339 48
8107 60
3987 17
8716 12
9558 58
3937 60
816 76
9645 63
4390 73
4025 72
1706 20
5175 45
1555 5
9970 7
9561 38
7280 9
3906 78
8378 11
1107 39
3072 18
6112 77
9339 13
4747 21
5565 63
8105 55
8096 36
5543 42
3395 49
5842 27
7425 13
2481 57
8780 54
3807 33
3222 17
7036 17
2428 2
3037 58
2317 68
6453 7
2402 5
7575 20
6599 33
7195 61
5035 58
8347 69
9443 33
4533 64
8164 35
2899 45
9218 3
937 51
572 32
93 38
7250 19
7865 54
1379 23
4508 37
8593 52
9330 51
3591 74
441 72
832 39
9595 29
3289 54
2538 39
6223 52
9960 49
9236 64
7671 36
8306 14
3255 54
8124 7
7548 45
3888 49
1422 30
6792 7
7866 7
8721 21
4561 20
42 2
1484 18
4039 9
7891 78
7885 54
9129 9
3896 26
2782 27
5596 11
1112 0
4818 60
2853 3
5124 4
462 22
5365 29
8724 27
404 59
2989 34
5266 38
6026 16
3779 22
2274 56
9615 27
2688 25
2735 6
6199 51
6712 72
7051 6
8330 37
3543 10
9342 51
748 21
6097 53
7459 28
8859 63
8686 42
1457 21
1370 70
3682 20
6080 3
5413 45
7201 57
1015 58
1186 44
2325 78
6509 22
3292 29
1904 6
4384 20
9370 20
9860 7
5161 15
8304 38
9396 37
855 43
5113 15
8879 50
3322 55
2920 37
5308 22
6741 51
9968 46
9484 29
4238 1
4210 29
5512 45
909 3
4178 20
9554 77
5501 60
8278 49
3760 63
9331 11
4926 0
5325 62
7061 59
5493 73
3230 55
6159 7
765 28
3411 50
6477 11
8851 54
8483 14
1452 78
1676 28
3551 45
1978 57
1221 42
5587 8
5722 41
577 78
625 66
8235 69
1695 33
9063 9
1021 41
5245 34
6811 69
9864 31
3350 29
8324 75
5213 1
8889 15
8939 37
6391 52
3077 57
6191 67
758 52
6453 75
69 28
2678 61
4879 69
2677 8
5078 20
6360 76
8477 62
9039 61
5464 66
5771 54
3170 47
693 55
5048 67
5938 45
8586 18
3286 45
6791 79
3246 28
5859 26
5409 62
1642 70
7830 73
9449 38
596 21
6886 51
7545 2
4267 28
5872 38
955 43
6687 66
4043 0
1768 31
3476 28
8917 26
4291 76
6947 58
2053 64
8972 10
7153 7
9510 39
6643 57
9849 7
1891 1
5546 4
6668 4
143 68
1261 34
4792 6
3962 40
8188 75
4023 64
7470 31
1072 70
2778 67
8093 55
3296 72
2604 56
5676 25
5846 32
7703 53
4748 67
3082 24
134 76
5614 38
7998 7
9513 51
1338 56
6334 18
9417 11
5166 71
8787 73
3544 11
606 35
6015 76
8993 63
8039 14
9088 28
5524 67
8505 19
5803 50
9135 12
5830 54
1497 58
9047 70
709 36
1595 60
1222 65
3192 53
3644 79
3736 20
6624 48
8204 67
2222 66
5471 39
9522 42
4649 14
5424 28
7456 40
6416 73
3268 31
917 69
2232 5
5417 35
4543 24
6951 48
4626 5
4744 41
770 54
804 58
2597 73
2218 4
7581 79
5356 74
4647 28
4271 25
8779 34
7951 33
2277 5
2484 36
9892 11
5002 41
4852 34
9558 13
5436 61
2168 8
7487 61
9342 23
2889 56
4565 44
9595 8
7507 30
7484 2
3811 13
286 65
9532 6
8726 0
8075 79
310 65
9546 17
2530 28
5899 15
5594 70
78 71
619 61
878 19
3355 30
1770 60
8465 36
8961 13
3776 62
332 47
1700 59
3907 6
4997 20
5064 55
7172 54
2809 68
7812 10
1509 54
3443 3
8546 6
9542 4
1152 8
9387 43
3966 20
6518 30
480 66
4356 0
7322 49
2353 32
8949 21
3897 63
2093 43
9443 28
6563 41
777 77
1908 71
872 44
2211 68
8725 28
4475 55
7288 22
404 19
796 68
6029 5
363 57
3077 45
5114 12
3225 23
5783 79
2865 5
1703 32
9800 11
8291 43
8031 22
9086 57
8152 41
7198 42
1807 70
4987 75
6992 6
3302 67
2751 37
4763 0
2377 45
7675 25
1155 29
2167 31
3076 53
2390 37
2074 1
2430 73
7055 64
2664 62
420 32
4628 7
38 23
413 2
9706 32
4734 31
1474 0
5274 76
2025 21
2614 14
9721 10
5819 14
1569 57
8972 62
3593 14
625 22
6882 51
7395 79
8874 29
140 74
3961 50
4392 62
3861 22
7025 29
9061 17
9331 66
970 78
3802 58
3844 2
7489 12
1875 55
6810 5
3930 37
7148 20
934 44
5541 79
92 0
4457 0
6297 65
3185 32
2396 5
3070 15
5531 69
7752 45
1141 49
4051 7
2130 64
3593 65
3864 73
371 76
6205 71
6842 69
9205 28
4485 58
8615 21
2971 41
9719 6
8264 7
644 18
1730 74
6263 56
9489 20
3178 77
4055 28
3341 51
8894 11
2232 67
7753 15
7426 12
7366 47
1293 71
5185 76
8235 22
8399 48
1740 41
6177 39
9882 13
4800 22
5817 2
389 60
20 71
9191 35
8664 67
16 3
7973 35
1608 52
6466 75
8285 61
5138 59
5200 62
3117 16
8736 54
6026 19
3687 18
8507 66
7435 35
1288 9
9528 59
6917 45
1200 3
6603 5
8021 60
2661 21
760 64
4790 8
9219 68
7288 9
258 61
277 14
6717 43
5547 34
6379 38
9577 29
7868 4
1455 3
1742 69
643 54
3142 75
1893 56
6207 25
767 17
3681 54
9504 40
5735 14
7757 2
5276 38
9635 37
7758 42
7114 8
294 20
424 73
1565 11
6126 58
8618 6
3658 57
9234 43
5651 10
3457 9
9387 19
9932 46
4330 68
7636 70
5351 16
9376 49
1999 45
3335 63
3174 68
8599 74
615 21
2082 48
9193 43
1364 44
8314 55
6223 32
6144 12
3750 33
7570 38
6919 79
9667 23
6190 64
1630 0
8920 24
3960 24
2643 6
8869 12
4507 46
3648 19
5609 30
6850 45
8745 0
3545 24
6810 27
3622 78
6485 6
3898 46
2947 58
4296 37
3225 35
4110 25
9538 51
1039 34
8525 3
3838 37
8982 23
8987 78
6927 28
9007 26
1352 0
4335 31
5060 30
1090 8
944 53
5455 32
8135 69
3534 10
3351 21
1615 43
1659 67
4924 37
9979 73
8166 48
2577 72
4516 55
7588 68
279 77
7718 44
9592 58
3307 52
3258 53
9278 65
5972 0
9368 32
2988 11
5765 67
7926 38
1359 73
256 54
2350 57
3802 51
4052 59
5620 12
1912 19
2088 55
6476 58
8243 73
7682 59
400 46
8265 23
6607 38
4554 22
7806 44
7885 75
1690 68
1819 50
796 49
482 40
5719 48
7707 71
777 68
1849 45
139 63
4325 8
5161 41
2674 48
1399 32
8904 17
4418 61
1525 3
1980 79
3320 56
664 22
4615 65
2912 13
3643 13
5382 53
5153 63
6231 27
966 59
1375 53
5422 77
298 30
2346 39
6166 59
4704 5
5499 57
8911 61
1615 5
7852 24
6597 72
2050 40
5789 13
5988 6
7350 17
8059 73
9620 21
6005 36
5616 34
6989 12
1797 75
510 20
7130 56
5026 56
5047 68
6408 67
434 52
6825 13
9009 65
4069 36
1749 53
8939 5
3250 15
4482 39
2526 2
3303 21
147 16
3626 6
6685 62
8501 75
4881 21
5012 4
5419 53
3827 15
3457 21
7731 30
269 43
6911 35
6055 20
4676 27
4544 33
3999 21
679 15
9711 78
1867 49
1202 42
3722 28
6088 48
5908 79
5825 66
9113 28
3321 56
5738 40
2792 40
5476 11
2154 36
802 35
8098 17
4573 60
8752 31
5318 68
8106 25
7058 62
4146 75
5691 22
630 11
7111 75
574 22
2061 62
8519 8
8086 6
4159 23
4813 13
7023 12
7682 42
4705 31
9142 44
8168 46
1197 47
1410 25
8583 30
49 45
6265 22
7805 44
4380 19
717 69
616 41
4321 21
3947 33
6618 58
7208 62
695 32
1929 59
791 26
3979 3
3405 46
2250 12
8349 61
4792 16
9928 29
8935 42
7647 6
591 10
7172 53
9892 37
2787 16
7576 44
1575 39
9571 70
5573 3
4418 13
1038 46
6036 3
5791 78
4802 30
9442 47
5573 71
4047 28
7826 75
9087 10
1920 44
5714 1
6369 39
5717 72
9104 34
4529 44
9431 2
6870 28
1450 54
9001 68
4056 52
6579 21
7857 62
1445 29
5479 17
4789 72
5882 26
5042 66
3697 52
1004 7
8990 66
717 10
1000 37
8397 78
9322 75
6932 20
2598 53
4512 66
8437 20
2163 60
5682 15
4443 34
2334 35
8386 54
4725 55
6875 72
2927 42
933 0
5183 60
2857 39
1201 6
7393 34
883 38
5809 75
9419 27
2996 30
2082 10
9564 46
1411 59
802 66
5132 51
2738 47
113 14
3242 18
2625 56
5946 58
4245 57
4919 32
4870 11
4012 53
3750 57
4153 38
3285 6
4190 14
5817 22
9164 72
3462 29
2364 47
3772 50
6982 69
1937 16
4665 12
367 73
7646 68
7364 39
64 66
4261 65
7368 57
8464 70
4850 39
2647 25
4350 31
1599 57
472 46
4558 11
9184 60
1974 54
2478 50
4122 11
253 18
8404 31
2857 71
4239 71
4524 74
3877 79
6396 29
1747 7
1994 56
6366 10
4794 15
3799 12
5053 28
9071 79
4934 62
4341 50
4333 61
9816 55
957 72
8820 47
700 77
9440 53
2882 37
2399 3
1611 10
1921 21
6592 21
6878 72
6449 72
9514 14
3942 37
9762 18
1170 57
7229 2
1034 9
1066 13
2485 39
6740 43
120 33
4394 67
5323 6
7945 29
9315 37
4867 53
4933 21
4301 56
5093 75
6820 15
4532 75
6758 21
3805 30
2541 6
9127 11
258 54
1719 5
7495 27
6523 66
783 8
3618 4
8956 70
9141 69
3885 1
6287 67
6699 61
4851 38
6562 20
7766 58
6488 45
6861 62
24 73
973 7
6287 45
793 33
2477 23
1028 68
3648 16
3053 31
2624 29
2591 35
5097 1
265 78
1989 66
9347 67
4421 22
246 35
2242 10
6789 26
8686 78
2536 8
4826 65
9226 10
3247 53
7512 20
4720 79
3401 62
5951 61
4802 8
2432 36
6117 11
9553 4
6178 62
1847 58
734 34
8820 35
8601 42
4001 8
3894 42
9264 27
5808 11
441 43
1148 55
7363 7
6088 72
1267 77
9067 24
2586 62
1249 20
2526 32
2289 34
2484 15
5535 76
7027 17
2157 8
1634 68
420 5
7497 7
6500 36
5720 50
1774 32
9586 50
6366 60
5887 69
9108 56
3921 78
5792 32
2225 38
4326 49
7740 0
7359 7
6594 54
4324 8
4794 21
3515 23
3547 50
2320 7
6184 7
8784 44
53 78
4341 47
9974 9
2436 62
8173 28
5620 61
431 40
8025 29
7373 68
5052 71
3490 10
7615 38
2439 43
3016 14
829 32
1907 44
9928 78
4268 12
1858 37
4947 1
9570 37
8249 53
8223 46
803 13
3625 18
3312 7
364 9
1440 51
3914 49
3427 43
8468 32
8942 65
7182 8
2505 19
6217 53
7904 77
4128 6
824 60
8060 53
9184 26
8415 37
2267 59
649 55
4515 3
90 41
7657 49
3626 12
4493 76
261 64
9372 57
1169 14
5992 6
3855 1
6132 6
6247 18
6205 42
9221 15
8720 8
3165 56
8718 10
3858 69
5710 5
3066 23
2155 36
7722 42
7795 1
3942 3
1548 0
4025 60
8602 56
2691 9
1843 47
138 6
6035 33
7517 47
7067 60
2557 43
8836 74
238 70
3012 12
2130 10
5491 48
6780 73
7976 47
4375 58
3001 70
2535 45
7057 62
2344 13
4215 10
9416 33
7203 29
8547 62
8064 53
4818 13
618 8
473 36
555 25
8721 20
7703 23
1858 47
1426 51
5977 51
7781 75
1036 24
3808 56
3320 34
2962 48
4809 50
2535 25
7202 79
3199 43
9328 29
160 1
6657 56
2822 12
6701 79
7880 3
9161 31
9222 58
4282 75
4367 14
6862 37
5892 11
6417 60
5205 26
7587 2
8113 43
1881 56
583 10
6512 72
9783 65
1040 46
2724 10
5341 5
2775 79
9926 58
7255 33
1593 63
1187 65
4963 62
1007 77
1008 39
9854 58
7508 40
844 59
2115 57
457 44
4584 65
5205 61
840 72
6909 62
5498 73
3508 4
3355 51
7229 53
6697 30
1306 5
6471 21
6634 46
2736 3
2406 5
6277 78
4049 47
7038 43
8527 32
7561 12
7517 27
338 61
1851 75
5303 55
7467 76
9432 14
3978 7
6784 46
9441 25
4755 45
4093 63
2229 44
4900 63
7555 48
344 6
3461 55
3811 74
1814 57
1795 43
46 45
1161 43
5273 20
4016 54
6143 22
7595 0
1556 8
3559 10
9855 7
4818 49
437 52
2115 67
128 43
3164 62
7422 49
6305 23
6522 25
3282 52
3681 35
2873 23
17 3
6764 7
957 73
2966 44
8104 66
6521 23
8373 75
220 44
1432 61
9367 77
467 73
6443 4
4426 32
4880 44
9847 32
2056 44
2775 71
5574 18
6250 21
7482 72
7461 2
7456 54
3519 57
1693 68
5111 16
6721 41
4222 53
3446 21
9683 54
2088 55
764 13
9640 28
9197 54
9428 5
2837 79
5388 51
8585 75
8902 2
8754 66
1206 79
2257 57
3294 23
3921 25
164 46
4315 31
4517 57
8171 64
6856 8
8990 38
2410 19
7793 27
9431 32
3101 48
3866 62
7800 75
2677 66
6565 44
8954 75
5130 10
452 4
9446 78
5969 69
3952 75
3352 70
8331 57
8989 18
3604 29
3953 20
57 6
3989 0
8689 55
8959 64
9409 44
4207 73
1463 75
1600 26
1689 40
3013 33
3993 52
9369 10
3928 35
148 68
7420 57
167 66
854 33
5192 43
6653 26
6159 62
3601 30
2156 5
853 31
2102 37
3673 33
5816 16
9729 30
3490 23
8789 42
6706 15
6124 36
1903 62
6114 5
2904 34
8216 56
776 79
9294 6
7608 35
4309 44
2980 8
5873 76
6 5
1340 61
5657 17
8981 0
3842 37
8439 64
7401 77
4754 53
8104 59
3122 69
3564 71
167 7
6190 55
5833 54
4959 71
5749 62
7685 6
7538 6
6831 13
7863 57
9717 44
4434 3
5815 34
7081 53
8214 40
1202 21
4126 43
8576 38
4228 53
2737 31
6596 55
5007 74
1000 69
7583 59
6586 78
6561 75
5795 6
5799 16
2365 49
3775 11
1455 78
177 29
5902 78
1001 70
1287 49
8183 12
3509 27
1017 21
8015 23
5655 66
6777 24
4577 56
1265 40
9790 11
5030 15
5213 40
9722 50
4228 48
5052 53
7188 61
885 14
5155 18
4323 24
7932 19
6973 64
7438 78
7374 16
7140 36
740 70
5017 40
466 16
1428 51
1774 54
6658 66
2896 51
110 29
8548 1
2131 20
5129 33
3554 55
8117 4
8570 34
9957 73
9028 36
9743 52
1399 75
8795 7
8173 78
176 79
1173 39
4338 13
7527 42
3861 63
4941 22
7484 43
3792 39
3322 55
7894 5
2815 8
8801 44
9282 37
6215 41
8138 72
7862 78
9133 49
2570 35
7767 22
5939 9
8789 26
2418 60
1764 24
8647 52
1765 77
4723 40
9005 64
5829 16
9212 63
7995 37
163 23
8698 39
7102 15
6555 26
1438 66
1922 78
4226 55
9802 58
1399 15
1041 53
9177 42
3509 0
8125 54
8240 19
8621 21
5418 34
4803 57
8677 76
273 63
2640 17
5568 22
1143 45
166 74
5959 36
7779 49
8793 28
6804 50
432 2
8371 77
1074 74
1326 26
1458 22
248 50
5701 2
8240 36
904 26
6689 69
7877 25
5674 39
1496 63
8133 21
9412 30
9242 24
8972 33
4969 73
6358 56
463 4
6217 37
5757 21
4648 77
8410 49
9754 59
4023 35
8033 7
6729 50
3865 14
337 28
8022 14
5622 2
7919 32
5233 79
1313 67
8210 5
7090 49
8172 38
4220 16
9981 76
8063 55
2875 5
9496 74
8545 15
7552 69
7089 44
8653 33
6549 2
7846 53
9414 50
3216 61
933 66
274 47
6001 57
1323 0
7169 71
1966 50
7387 31
2825 24
7918 50
7054 56
129 8
6040 59
5970 77
6864 52
4007 54
1320 10
8362 47
110 4
864 35
9399 16
8849 23
5022 64
1387 35
349 50
551 78
3376 43
8041 37
770 63
1918 71
3259 31
9257 16
1261 15
2458 32
4526 35
6012 8
1131 21
3266 32
1969 6
174 40
3454 31
9996 9
652 34
958 70
1767 18
2220 21
2147 60
2803 52
5941 48
2396 25
6728 32
4293 75
908 3
6493 22
7921 38
6161 63
8850 65
1580 69
6854 50
4600 0
4802 8
6441 41
5858 61
684 37
7899 0
2890 62
4570 47
3192 48
9019 62
5968 61
6991 22
9711 30
1440 13
6338 7
4064 29
4435 22
2500 4
3305 7
2009 8
6061 55
234 37
1318 35
3009 20
8810 44
362 73
6193 41
3181 73
7472 9
1924 6
3126 20
732 41
1213 60
9871 43
8060 69
6370 32
6889 46
5850 0
5004 12
7404 35
7930 34
6936 57
2166 62
1716 51
5921 18
508 17
2816 46
6165 25
8763 23
7677 65
8444 54
8682 25
6552 47
6857 72
7816 28
8323 17
1177 54
3876 49
5487 0
4297 40
8742 0
93 18
9651 58
1686 65
7920 74
9158 25
7996 30
106 71
284 14
8597 47
4835 9
4020 1
3185 61
8675 54
286 2
7890 13
8332 20
818 13
967 60
6165 38
8970 26
9912 72
1126 0
6266 47
8800 62
672 26
5826 21
7083 6
7529 42
5032 28
2388 74
8510 20
626 68
3008 37
5128 40
8745 58
9222 42
3741 66
3380 18
6633 51
3475 3
3109 60
9881 53
8187 22
2914 2
5148 39
9318 58
6456 19
6143 68
2048 30
7341 1
4338 67
671 78
7962 42
7201 54
7962 9
8711 1
5339 58
5776 30
4578 37
6198 24
1378 10
1460 72
2811 45
5442 22
2168 30
1524 29
9488 3
1720 27
1033 5
8142 33
6666 36
8029 77
7669 72
5573 34
3008 5
1946 49
1604 9
7198 22
4279 54
8120 65
7912 39
9035 63
2599 0
575 36
3804 54
9157 55
6839 56
2535 75
3458 41
9697 6
7404 11
8299 63
7113 74
2913 73
3482 50
5721 22
6164 13
309 58
4506 29
3766 78
8911 3
4344 44
1448 25
5239 30
9061 18
7427 46
484 44
961 41
5786 15
8526 37
3904 69
3445 43
7375 6
2255 3
2353 14
8950 60
1147 61
759 68
2274 60
7785 58
7629 55
6180 29
9017 59
6094 33
8293 61
7894 62
9231 52
5761 4
8430 36
8068 63
2801 40
7067 18
8615 27
2280 51
9921 3
1426 4
7516 59
4642 41
956 12
1898 11
685 23
2673 24
4747 33
3992 52
4708 75
723 32
4287 61
8783 21
5386 47
532 29
9924 20
7749 31
4543 19
1020 69
6211 67
9619 43
9976 18
9952 22
6777 18
4631 47
3783 1
6708 43
1795 51
9215 56
4917 14
3102 22
5746 66
7914 63
6775 67
3548 52
1377 36
58 70
3482 2
1782 78
1553 74
4381 74
1490 8
6112 36
3838 13
4847 32
6068 12
3015 33
8961 1
3193 41
3672 46
4548 44
1278 20
4263 79
2215 42
2698 19
6351 29
3269 56
6966 4
2450 15
8776 31
3985 16
887 28
7629 68
2088 37
8213 16
6160 25
3571 63
786 69
4475 43
2773 15
6496 72
1636 15
3466 45
4298 75
6171 0
3364 29
8899 12
9221 35
4054 65
2836 18
1333 57
2155 8
5162 18
5040 77
8180 13
5906 5
5739 66
1242 53
1947 14
1564 63
4747 74
5363 11
3588 41
1450 20
9757 46
7849 13
2954 7
5099 62
1481 26
960 47
312 10
4629 63
2104 70
7793 49
5177 14
3826 20
7523 67
5235 30
3227 58
5867 4
9171 13
8880 56
6242 30
1110 0
612 41
1387 15
3827 21
6924 34
3127 70
9845 57
9738 18
4588 16
813 77
817 72
7670 52
23 39
6572 67
3252 73
7350 67
5983 2
6563 68
4770 65
1599 50
7441 66
9287 71
4250 0
7634 61
7538 4
919 62
4798 47
6120 26
6716 17
4392 52
8285 35
9126 74
7637 39
8639 79
7419 41
9838 6
4336 34
6411 29
247 58
1200 36
9348 71
4247 24
9386 6
4773 17
4440 21
8875 36
3180 42
6932 53
2654 52
399 61
5533 76
4925 20
2453 7
7899 44
7202 75
6368 58
2247 43
3748 32
7422 17
5131 27
6730 23
4333 7
5420 35
4263 10
4021 12
6409 4
6127 45
4932 1
71 21
5966 24
5145 7
8205 51
9246 5
5112 43
9671 69
4214 31
1722 45
3670 65
2485 64
3140 13
7719 4
174 23
1412 79
7723 32
972 79
9009 68
8382 51
8967 20
5967 25
5574 59
5923 36
6510 30
5357 73
8572 21
2836 23
6900 49
8930 0
3520 57
3652 56
584 53
4765 58
1676 6
4060 1
5836 0
8275 10
4602 21
3831 19
6247 79
1126 32
1243 9
1700 42
2506 74
4994 68
8744 16
3975 12
7998 5
5185 73
4218 64
6400 55
3267 27
1790 77
7204 61
8405 39
3997 51
8715 5
8940 79
6633 47
8413 77
3749 67
8550 46
5914 61
970 19
6643 1
4544 40
5384 40
8684 26
8768 69
3811 6
5072 67
6826 32
2866 61
5840 61
9463 9
6710 61
2866 50
5573 72
6556 48
9735 52
3511 70
3239 16
9516 24
3867 65
8448 71
8083 38
9637 75
1140 57
9040 60
8262 21
2763 76
9736 47
8235 20
4955 18
7182 74
4349 75
4990 12
8671 13
3045 28
8602 66
7940 23
8129 16
823 67
3302 67
4047 37
887 44
7952 29
973 38
5433 47
2836 0
5689 78
5505 12
9039 6
2929 4
2515 54
2691 19
8650 73
6158 55
4942 16
6126 17
9242 45
3696 22
9513 78
7817 6
7643 52
3146 38
9068 48
1134 76
9813 41
3662 7
934 12
726 40
6432 48
1546 49
8920 36
6808 24
6592 40
7286 7
838 5
8062 20
5589 26
3480 24
6591 68
5832 30
9907 24
8832 43
779 48
5222 52
2011 65
1824 64
775 69
7558 27
3647 57
7848 35
6183 5
4587 19
758 51
2434 58
4636 46
7143 71
2444 57
2138 3
7194 56
430 11
8804 79
8666 9
4175 38
5593 30
294 21
3673 78
1098 66
4825 40
8533 52
1791 0
2224 66
9423 58
4297 29
8158 69
1120 39
6595 66
4183 15
2814 16
4158 75
577 54
7589 48
2907 44
31 0
4207 6
3054 0
9151 29
1859 21
1389 12
8080 11
6606 68
1022 34
8056 28
6545 37
1397 73
6415 72
6103 70
8372 61
8095 48
6594 67
4384 49
391 28
9081 7
4817 58
3330 32
3188 37
5789 51
2972 11
8630 14
7416 52
1034 24
884 1
8680 67
7867 17
4628 16
8907 16
8079 62
279 44
467 48
98 52
6443 26
2428 16
931 24
7747 7
331 59
938 33
1748 17
7847 58
2863 0
4989 32
6975 78
5517 73
2389 16
9349 3
1377 45
2056 57
3965 15
9299 47
1214 69
4190 27
5130 55
2057 32
3492 72
9409 56
3302 17
9963 77
6757 64
7411 20
7637 28
6068 70
3800 35
1193 29
3859 50
7693 23
1660 32
1680 10
2714 23
6855 21
1400 32
2406 14
6685 43
7920 61
2834 56
9588 68
3676 5
7168 57
2725 52
6227 50
6472 23
2228 44
583 27
5692 8
6536 78
6319 3
997 31
6182 64
2174 17
1947 51
2650 75
817 61
2233 63
7899 31
6680 21
5146 29
2161 19
8939 2
3455 59
3560 73
9528 17
6426 14
4789 71
8640 66
3249 8
3702 53
8784 77
8201 3
381 63
590 78
8936 42
4871 51
6542 41
7098 76
7598 68
1722 49
9192 67
3829 28
7227 62
5576 56
1284 67
3497 21
981 66
6264 26
5879 56
3922 23
2781 38
9911 55
7801 62
7709 78
2789 58
7363 37
7602 9
8870 79
1558 54
8278 6
4697 22
6347 39
2310 14
9256 39
4648 79
8891 33
6426 31
5461 77
563 53
5238 62
6352 65
2113 7
7619 21
2098 27
2964 4
7591 65
5100 6
4839 0
7651 5
1147 13
5936 23
9701 30
1994 56
5221 25
6036 35
5501 30
9423 45
632 61
8767 62
8116 54
2010 28
3068 12
8499 6
6441 68
7377 74
9345 64
9621 36
1352 18
3575 68
5270 63
3486 59
6790 66
3523 49
9677 42
2987 37
2942 66
7533 66
8584 26
1921 59
8649 23
710 19
7185 68
2223 75
8999 18
6751 25
9486 20
577 49
1340 64
897 67
3649 2
2715 16
1853 3
8770 26
7804 33
5092 72
2243 44
5338 67
3799 77
2439 31
1916 66
7208 9
8420 26
1354 74
7426 10
3076 53
3767 58
7764 35
3337 79
2756 56
6595 5
1215 1
8200 8
3556 29
5931 15
8579 69
3402 54
4474 25
5996 7
4187 57
1813 20
3206 29
2148 4
6614 49
3604 8
1453 48
4798 72
701 11
6396 62
8336 54
817 79
9683 48
9538 49
6329 46
7048 62
3112 34
172 20
9756 61
3193 53
240 14
5042 66
9417 69
6531 15
7673 73
4795 35
5402 3
470 47
1195 69
2310 40
6769 42
9542 19
7036 26
4176 44
7674 58
4108 50
9268 31
3649 2
686 45
5603 79
5768 32
9915 59
8916 22
2312 5
9586 55
8395 31
962 50
222 10
7602 37
1323 64
9333 56
3750 30
7867 23
4660 76
9356 58
8952 75
3523 67
1967 10
8 36
3296 36
5199 74
1267 73
9004 26
9735 7
4918 6
6670 70
840 75
6424 29
9934 74
814 20
3579 50
9947 55
7491 7
764 35
4727 65
2510 32
1439 35
4266 43
1938 53
7980 63
4592 17
981 48
8133 7
9267 35
9923 77
7226 77
5888 23
4968 55
6527 79
537 27
7441 64
7224 45
6371 37
9576 73
9218 25
9996 69
3657 26
5020 2
8948 64
4582 5
5931 68
5759 44
3788 62
6672 63
6956 63
5464 69
6827 23
4317 32
3834 36
1861 54
8946 41
4724 44
5713 38
5516 33
908 25
7835 5
7974 49
2306 37
8261 27
7391 35
2590 12
8347 70
6778 57
9314 43
3275 69
9930 23
9558 8
6921 42
2858 41
3032 65
215 8
3278 41
4852 74
5153 11
7775 18
6612 40
5626 9
5816 2
8859 41
7139 4
8034 60
2513 31
5855 28
8274 51
9444 54
3641 54
3822 32
2061 52
4064 19
9952 35
4969 71
1180 1
3469 26
4536 44
3898 77
7314 14
9757 75
3141 67
9659 39
70 57
4772 49
8298 67
3275 68
57 73
7703 31
2582 48
8832 62
1169 18
3776 68
3947 57
4560 23
9291 77
2264 40
9122 55
3227 14
2985 17
196 30
7576 61
7288 9
4509 47
1413 2
1279 23
72 26
9555 15
173 58
562 61
1303 61
6468 53
7875 55
147 15
5704 5
8947 0
5176 50
430 24
9159 20
390 7
6655 49
3510 60
9377 49
2814 76
9354 1
9822 43
2471 65
8186 58
7442 43
464 46
7594 32
4849 41
1987 1
8836 7
9746 71
7166 6
5542 47
4695 19
3051 38
4225 61
7789 28
1093 8
5126 24
4658 65
2766 40
4371 41
9340 35
6753 64
6697 62
7544 47
5286 55
523 49
5812 17
5407 47
2610 28
7615 71
5624 0
2857 24
6330 54
6705 13
7525 19
9516 3
3183 18
1215 57
3570 61
8612 3
2364 24
6086 75
4690 74
9352 4
3842 8
6464 44
7023 32
1 62
3086 15
9 17
6872 15
9769 65
2788 65
8156 56
7311 35
547 24
2969 30
6510 40
5001 78
8241 40
6675 14
6538 18
5566 16
9699 79
6905 55
7845 35
5523 17
149 55
5652 52
6121 65
9238 35
9085 2
2528 44
1649 44
6981 66
9019 13
315 19
2882 60
7722 69
2044 15
6525 17
9412 39
1932 44
3984 8
6960 62
4334 41
3962 49
9902 36
4289 8
6268 59
8175 73
4323 24
1287 25
2428 46
7144 18
6633 49
6842 35
8718 31
3552 4
7315 74
940 69
8716 35
5242 18
1444 20
926 21
7163 73
7959 8
4221 76
4093 69
458 28
4370 28
2307 74
1238 48
4328 32
833 46
1924 62
529 59
1041 2
771 9
2793 19
8819 22
7823 75
648 2
7500 78
9010 58
8432 11
7423 6
252 14
4873 27
3901 63
9650 61
1867 43
8203 69
7293 60
2967 75
9569 8
2153 49
3582 51
3803 11
7411 34
7247 62
2018 29
9330 4
6015 48
305 73
6936 63
390 38
8130 67
4095 23
4432 37
5026 43
4358 53
6025 72
2154 55
4046 24
9044 43
5842 20
4703 40
6033 75
6972 21
9880 79
5473 4
1784 12
9963 10
4716 38
4259 15
7729 46
5675 63
5181 32
7316 26
9654 12
9074 30
4159 15
3146 15
9127 46
5607 17
4134 47
2487 66
5575 67
3239 38
38 4
5687 63
2520 55
8296 73
8038 77
5898 32
7503 76
6060 79
5374 37
8678 6
5835 2
2921 55
9052 30
4002 45
5447 48
6586 73
1182 5
2545 26
1162 42
1623 56
7412 3
3659 14
5202 59
3684 34
75 8
8952 1
7980 42
2411 44
4081 48
2069 25
8340 70
5045 72
5388 63
8699 51
3249 28
7822 48
2851 22
4486 38
6565 45
4487 26
159 61
7835 21
7178 74
3161 19
4828 73
951 43
5303 42
993 22
9000 5
6114 62
9215 32
99 4
690 42
2721 62
2218 23
5014 59
7946 73
1778 68
3791 39
6597 33
6444 60
6254 53
7887 31
7844 72
6651 11
3904 15
9121 42
226 25
7872 51
9305 8
5683 44
7223 11
8254 14
2851 52
433 68
6609 58
5431 47
8867 61
7244 58
7855 50
8466 52
3995 10
2175 47
3557 19
3989 68
4730 26
3025 17
1305 43
5685 17
3499 8
4060 6
6484 2
5803 37
7079 38
2945 29
5873 39
6634 70
8854 4
8367 19
5452 53
2337 35
6879 56
568 9
1089 18
125 70
9051 20
6793 0
9730 28
7346 49
3010 52
3479 15
3510 44
3153 35
1585 79
1358 56
3022 20
9204 50
5681 20
6735 41
1370 34
5371 0
861 76
7407 38
864 77
9299 9
4058 28
1749 17
5027 68
2712 16
2332 49
2956 68
3038 52
3239 23
3153 51
7230 20
482 0
4896 5
8790 52
29 77
2748 24
1903 63
3903 64
4311 74
7884 5
7315 1
2307 61
7269 59
7822 24
6726 4
5004 26
8504 30
8967 0
1811 24
2241 33
3952 40
3840 66
7603 72
8537 54
1952 11
7085 33
214 11
6216 7
8544 48
3064 5
3778 78
7129 27
8298 28
4059 53
9636 76
5773 53
9147 12
5204 79
3796 40
8173 1
2431 42
7863 76
6327 32
6539 19
5002 7
9932 47
7266 73
1504 28
238 49
9696 68
8863 23
107 54
6042 44
39 19
3649 51
7344 69
9301 26
4311 59
8311 4
1975 69
7942 5
5966 9
8500 41
701 32
755 49
261 17
9565 75
6137 23
7771 13
8217 33
37 45
318 54
1821 16
5775 50
6453 13
397 34
8430 29
5001 40
4557 18
7576 11
9050 1
6167 47
4044 29
5404 12
7840 2
5495 46
726 10
1595 72
2014 15
797 37
3692 30
4903 77
5011 4
7452 16
456 72
6742 2
8804 4
5283 67
8124 49
7241 73
6523 47
835 77
7180 14
2742 31
8087 12
8290 7
4490 59
700 25
4826 13
3817 68
1641 63
5942 71
345 15
9351 32
8805 28
9220 51
7925 25
9468 19
7263 45
2208 0
1825 26
4692 29
2490 71
8240 28
5760 76
9098 25
6051 58
1315 16
8736 21
6237 44
8481 0
1115 12
7933 19
5163 52
6829 58
9904 14
3409 13
444 43
9922 71
4550 58
7750 38
2545 34
684 31
5724 32
1816 11
2454 72
9182 33
7970 58
3843 33
7136 35
5706 27
20 13
7569 42
8760 20
4747 16
6621 5
3035 30
5641 53
6156 48
5719 11
4159 52
985 27
5474 5
5625 48
2785 56
1432 53
8396 18
4407 17
5575 4
9000 45
602 4
1923 50
8223 73
3904 20
5823 35
2067 5
9401 20
9897 55
6871 15
5845 66
248 59
1698 46
8091 68
2080 30
2284 63
3389 57
815 72
5724 6
9987 10
33 35
8086 10
9993 18
5329 32
1009 1
8409 2
6059 20
2647 63
3911 1
8563 53
5083 56
8975 48
7266 29
2017 0
9202 68
3150 5
4022 71
9591 42
5092 39
496 59
4073 60
5407 36
6046 27
5822 71
7852 51
2551 58
4146 36
5482 43
7945 13
9764 48
8609 16
6059 31
8365 4
8508 39
8924 22
6758 74
6794 14
5375 55
4482 73
5425 40
5687 72
1672 53
3882 52
9685 18
6081 44
1118 44
981 62
3614 44
3326 46
7058 37
9798 53
3861 16
1436 8
958 33
8767 68
7470 53
2044 67
4428 42
7767 62
3141 60
2994 48
9743 56
9319 18
2323 14
6791 40
3617 56
2663 55
4170 17
3575 49
8423 52
7875 47
3946 2
4872 9
2062 31
1590 5
8824 58
5749 26
5868 7
6473 16
3017 75
4189 71
6722 52
2654 64
3632 66
56 43
4044 21
8479 78
2770 36
2547 30
2498 7
7242 13
763 2
7693 49
4018 63
10 29
343 23
7740 62
8089 76
4035 4
804 54
5416 27
2337 56
1449 37
7041 30
5418 69
6327 54
2336 59
1603 24
8328 71
8268 50
1603 28
2493 37
2609 50
6516 70
9111 23
5264 34
174 4
5867 49
1118 24
7046 5
7846 67
1942 15
3823 33
8904 62
721 17
4205 54
9006 0
6723 41
4473 71
8139 68
5200 30
4094 73
8589 11
8510 52
7569 43
2085 60
4120 12
8535 8
1685 37
9884 75
6681 50
6799 45
1457 47
3510 72
6651 64
9162 76
997 60
3502 47
2539 4
9746 21
1648 35
2947 71
681 19
6618 3
296 73
5954 16
547 31
5015 76
3483 77
9094 69
7579 35
2846 64
8411 68
2763 9
8532 18
5026 23
8283 3
7381 43
640 13
8532 21
5104 67
2535 19
5979 28
6560 39
1585 60
4073 68
8916 1
4222 21
7979 44
2787 26
7673 10
1403 16
6229 31
3555 27
8789 78
4918 18
8071 22
3940 72
312 12
5120 18
8304 33
1955 10
7665 49
2745 15
5555 56
3780 71
5095 64
4487 66
6615 11
2326 76
549 73
2186 78
8932 7
8266 2
4043 36
6173 49
1245 17
1615 26
2606 53
571 34
6260 10
9177 51
2339 7
7511 19
3732 43
6433 49
5008 19
7574 45
3629 8
7357 53
5733 24
9513 56
4745 47
5030 73
8973 65
8781 18
4958 55
9176 2
7630 52
4875 5
1975 67
78 78
2479 31
3078 35
2804 14
5192 69
3133 27
9792 11
9159 63
1001 58
7953 11
6072 67
7160 52
7883 9
4341 27
2544 61
6603 8
8596 40
5638 19
9047 20
1652 30
8183 39
6027 18
4336 14
132 53
4655 50
1274 5
5370 57
8038 4
629 75
522 47
5022 63
156 60
6929 18
1953 64
8292 68
1408 59
4976 79
9502 17
4229 68
8635 53
866 20
7999 20
4518 55
6599 27
6986 77
1366 5
7602 31
8428 53
6605 33
6081 45
9802 54
1183 25
3914 64
3674 11
5281 19
7346 20
6595 68
4281 43
4881 19
3745 29
9720 34
2742 49
7836 65
4784 22
6275 72
1412 12
5637 48
7700 44
9502 46
9648 53
4405 45
3032 20
2416 23
1637 15
4008 31
6566 78
6 46
1834 22
6466 73
7679 51
6002 59
4743 34
2162 36
5380 57
4951 46
8225 35
6377 7
3681 43
8216 16
4006 52
1489 49
9675 34
3827 22
9421 9
1816 59
6532 1
1942 31
6425 66
7063 56
4388 18
7397 51
9070 8
4439 5
4831 28
2314 20
5937 61
8344 43
1714 46
8829 14
2943 62
7313 42
2392 50
2189 23
2061 18
2858 46
8967 77
268 49
7370 9
4440 11
4296 27
2099 22
2707 47
3291 34
5210 21
835 56
3275 72
1400 60
3772 12
7690 72
6506 67
8769 75
3743 76
2001 61
8810 58
1236 77
327 44
8089 74
1573 14
7787 58
8461 75
9157 58
7056 44
5882 35
1542 18
6987 21
6270 12
187 19
2449 53
7164 11
5769 78
220 47
7115 51
9003 53
6037 45
3780 23
8675 4
5315 24
5885 30
4523 4
7326 72
261 3
3695 79
8568 26
8808 27
5005 29
2344 10
9517 5
2641 69
2333 10
3841 33
9663 29
9212 20
7388 37
4218 33
4821 36
8937 50
7145 21
3221 49
3681 4
1431 35
9313 9
9000 1
486 3
2336 37
9105 77
5874 45
7919 48
8105 31
4034 37
1500 58
4268 21
7169 52
5999 47
1002 21
4699 37
2425 79
3637 3
7652 73
9376 12
7708 22
4141 67
3057 7
8322 68
5415 26
2113 77
9319 76
9224 12
1708 50
3775 6
3448 64
2056 48
5296 69
7811 14
4770 51
3131 22
6021 46
7335 64
9333 65
5984 76
5531 55
8672 0
695 76
4609 13
54 65
7854 45
8613 70
1328 59
800 7
341 46
9662 6
2098 51
2841 1
3597 71
7445 31
6543 62
9401 28
9695 19
1741 14
8858 44
5493 4
9560 24
2267 58
1018 72
2572 11
4756 72
4480 20
8462 9
5653 33
3822 28
8150 38
942 12
7449 12
4791 9
1794 38
7040 29
2829 47
1722 44
6298 33
1313 13
6494 52
3912 31
5697 50
7424 26
6663 67
6097 52
2738 58
4696 28
5082 75
1814 54
7491 7
9240 35
567 6
4242 12
8144 15
3068 60
5141 55
8261 8
8906 51
1933 27
4522 28
27 50
4810 79
7826 48
7816 45
592 15
5321 22
1854 52
6618 29
7395 77
1982 39
2498 58
6461 6
8396 54
6110 13
9665 32
8968 15
7623 58
1116 56
4523 61
6900 71
3924 71
7038 6
9399 18
7301 40
9450 66
8331 62
2944 11
2816 38
2077 13
1632 1
1476 13
6483 64
5232 33
4308 26
3490 23
6144 43
8762 2
6217 44
7141 67
2507 60
7282 0
5447 8
2851 35
4233 12
1847 66
2620 38
2590 70
7783 35
3027 74
8429 24
4345 18
4990 31
1500 5
4000 76
9504 73
1507 11
9726 74
8025 40
1891 38
6764 43
3478 24
2346 62
2105 15
3229 12
6623 42
4740 7
2031 66
4958 22
1854 4
661 74
2954 9
2844 11
4987 52
2455 19
1216 72
6658 71
7591 67
1825 30
4738 27
5264 47
5755 4
8680 11
8376 27
4923 68
9286 2
6934 25
7332 7
6444 15
6565 51
7297 45
3374 77
3288 68
6340 24
1583 41
6125 16
2493 49
9741 60
1433 72
6908 16
9760 77
5924 3
8001 46
584 71
5061 59
7978 58
812 9
4830 40
2652 70
5371 11
6987 52
1949 48
3968 21
6933 55
2033 1
6400 23
2071 54
8843 43
8820 44
6683 45
1613 51
2321 62
545 28
5495 79
6459 66
329 63
9555 35
619 49
2950 30
8277 40
6748 11
837 34
6197 33
6206 63
9449 40
