100
10000
3580 49
2763 18
3045 47
2443 9
3972 70
6663 29
4655 12
7992 31
3742 3
609 4
1895 76
4634 78
9478 25
2444 19
7582 20
6685 28
5443 37
3429 76
5410 52
2918 27
7590 75
1828 46
8886 7
4106 20
4737 43
6075 79
8430 65
1277 29
3418 30
2021 67
9031 1
346 53
3705 24
7070 4
9841 14
4401 68
1398 5
8532 9
6796 28
2359 62
1565 29
5687 65
1328 70
3706 46
510 49
8125 71
1426 19
5002 45
8505 61
9841 77
5212 50
8574 26
209 54
738 66
5549 79
9436 32
3626 60
2083 14
5261 14
3291 5
9292 70
3672 19
8647 61
5394 23
2552 58
4429 59
8995 36
8961 47
3866 4
6813 14
6733 69
2011 15
5367 43
7897 10
4597 29
7437 21
2180 49
6634 27
399 67
261 40
3223 1
990 67
2243 54
4718 71
1700 1
6454 0
9760 65
7819 79
394 47
4794 26
7488 8
5328 51
145 38
5683 3
5086 10
5426 67
7784 24
4994 7
9341 14
1689 71
822 2
4200 76
2351 24
9969 3
1160 77
5579 0
6758 51
1339 3
2180 41
6480 16
3366 21
4792 45
8835 17
3249 45
4913 0
9414 3
6389 59
7108 38
5204 77
3173 64
9252 55
9102 34
4613 48
3193 8
9739 61
8870 68
1501 73
5191 42
1228 33
7395 55
6563 79
4316 15
2031 0
5878 34
584 36
4278 10
9731 18
4074 51
3572 21
6719 23
6462 23
6307 69
5381 57
155 45
3965 76
842 27
8945 31
9913 30
6408 69
9619 4
6674 34
2650 52
3392 2
7247 55
8126 38
4846 67
786 76
7777 22
9612 25
4966 28
6230 38
8923 12
10 53
6387 21
7362 62
5650 17
2686 26
7443 19
3598 75
7852 66
6799 6
7938 66
5426 14
8775 27
5684 46
3773 8
8890 35
3075 15
3315 36
9760 40
7440 79
5535 59
4479 49
4212 26
3707 1
1156 73
5437 9
3632 70
3422 34
37 40
4189 76
586 40
1729 7
5569 6
1445 32
1002 74
1176 59
1980 8
9353 26
3158 15
7462 55
9334 30
4118 68
3258 19
4199 28
1149 2
812 5
7090 78
6145 5
8266 39
1312 62
2090 64
3830 24
3548 43
6612 9
899 52
6827 3
405 71
8921 10
9346 46
3052 64
6088 59
7442 63
3321 15
412 67
9841 68
1578 18
1995 77
6557 24
4402 24
6781 19
1281 13
4365 56
6556 39
4703 16
7637 59
121 2
8391 41
1805 62
9840 46
8325 67
2278 35
9368 46
7532 54
6201 65
6123 20
3948 11
4954 15
1474 25
7435 49
9065 73
6999 62
4882 38
6160 15
5882 21
8603 32
5656 27
1089 71
9609 57
9395 63
8917 21
2956 33
9412 54
5345 62
8013 11
4360 76
9929 9
1205 58
6977 0
2454 1
2857 72
7405 9
8409 29
1140 5
5239 36
9883 60
6278 9
2814 37
6876 7
9211 78
435 19
548 41
5377 69
6012 52
2036 67
3441 19
7595 28
1447 60
2062 30
7775 15
8460 5
3728 32
2607 1
3292 66
3117 18
2009 66
229 51
3360 13
8676 32
8102 47
1190 53
6669 41
7731 36
4297 62
6265 2
7216 10
4453 47
9540 64
3715 17
2928 14
7613 12
3600 15
6137 16
414 29
828 14
7182 16
4555 72
9193 8
7796 37
145 67
6353 29
5436 75
5616 71
2260 47
6878 13
1649 44
9234 72
9348 8
909 78
5094 44
3559 68
497 11
1018 1
5826 51
4450 2
3885 30
6593 19
7876 53
7703 0
7309 50
4867 41
7546 65
4470 75
2570 51
7087 1
7535 30
8809 22
5264 68
6724 21
6721 77
5829 31
3552 68
3955 24
6069 60
2312 63
2514 61
6972 72
9673 15
6968 8
1849 49
2587 76
1266 39
1776 71
9788 62
1452 6
7691 12
2508 17
4258 57
4649 32
8769 4
9675 7
4963 4
2001 48
1908 76
8620 51
9223 9
558 5
627 27
9439 59
1471 61
8441 57
2012 67
9416 59
825 0
2260 62
5806 49
8329 44
6139 42
7195 67
3351 58
874 17
6324 45
6440 15
2284 30
2641 6
346 71
2619 34
5959 71
8349 33
9245 30
1809 24
3801 8
9312 35
4584 3
9687 7
2960 31
8655 54
6702 34
8237 13
8524 53
9403 61
3177 78
8593 37
3752 26
9284 8
7919 39
6422 32
1427 59
9321 47
6891 69
6468 62
203 78
8217 4
1368 75
9227 68
2047 2
796 4
9415 39
3888 69
980 66
6536 52
4561 30
3666 28
2365 16
8928 69
4092 18
8476 61
4123 75
7068 65
4686 13
1801 41
6207 59
7465 62
2968 37
1957 8
4769 1
2632 40
9703 8
250 46
3562 42
1890 8
7948 63
5868 56
2675 43
2011 1
7229 28
3752 62
6764 19
7702 63
5317 29
1490 48
8255 61
9691 8
6963 72
9553 11
8017 77
525 60
6871 31
1574 35
4137 16
343 39
6826 11
7259 56
2240 46
5099 75
215 19
1788 3
4406 57
5368 56
2492 4
5948 39
6602 61
8532 6
5933 71
786 34
4042 16
738 39
808 0
2926 59
7871 65
902 23
6057 58
3405 35
6788 10
2037 77
3844 78
5099 70
681 63
7775 41
2833 59
9809 41
2105 14
7813 54
4873 28
4989 11
7669 62
4378 55
6164 55
9604 70
2854 34
7962 59
3286 58
4229 12
6928 69
3520 74
9533 46
6606 60
3088 30
7434 23
6819 70
9438 12
66 11
6294 30
8819 30
9359 78
6782 71
130 69
5270 13
4126 29
2437 37
2629 76
3017 69
3861 78
9229 52
4636 31
1642 16
8044 34
596 42
4647 64
9974 18
3307 16
643 11
3224 79
2023 59
6930 29
7278 18
5465 20
9057 68
8490 5
3971 4
1787 16
8328 14
7955 0
2920 17
9772 34
7791 8
1758 0
8791 52
859 62
9616 8
5668 47
2101 0
4926 37
7771 14
5260 3
4641 2
4605 1
4355 54
9808 76
1109 67
5950 55
931 68
2502 34
3762 21
1859 37
2678 7
574 9
4194 67
9244 3
9010 8
5759 14
1693 51
8 20
3966 10
2982 56
8125 37
5547 35
2352 41
6474 74
2211 66
2472 56
5893 77
4570 77
5483 47
5038 66
1636 6
9405 24
2668 10
7069 29
487 46
9931 42
5065 9
1748 43
3684 28
6340 11
7620 0
2626 44
5235 45
8698 0
6339 9
436 40
2114 75
6132 54
6426 43
6138 32
9247 24
2357 68
7662 37
8570 66
7779 33
2988 43
8878 65
2284 52
673 60
9298 7
8661 67
2701 22
1749 60
3696 12
4718 42
2641 50
2966 10
5942 59
2987 59
1554 13
1261 11
4377 60
2953 75
6596 37
7577 30
7797 20
1664 3
8532 18
4252 28
2493 62
2434 59
7971 7
9326 72
8002 67
7651 1
6814 31
5819 31
2296 68
279 48
6402 2
1210 39
2255 60
6373 44
6768 63
4594 65
7089 16
1011 18
9315 17
7329 72
1555 16
1461 58
6023 45
1601 16
454 5
3737 22
8608 63
906 10
2021 3
9166 66
598 18
7701 44
4750 38
4197 52
3892 55
3199 75
2863 22
2570 42
8162 26
4592 52
8346 52
349 32
326 1
7912 59
9960 29
3999 41
8510 62
1529 4
104 52
2734 51
45 42
7708 56
1163 73
2829 70
8799 58
846 76
7513 38
3892 3
2321 76
5018 48
3572 29
528 54
8430 40
5292 11
7391 13
7207 37
9586 64
409 33
2950 61
1984 16
9804 50
1536 63
6745 61
9230 17
7870 50
5080 59
3655 9
5156 27
2159 35
4170 38
7257 39
9825 77
6995 29
6351 75
520 53
9469 30
2399 69
5928 31
5440 30
4907 64
7196 25
9262 1
2955 20
1077 30
1425 19
6002 9
5306 4
3297 15
6188 67
1294 42
5077 71
8720 35
8006 55
9364 65
1728 13
2697 66
3632 37
9420 21
775 17
6559 50
574 13
9701 55
9439 57
6017 0
9910 73
412 17
2021 69
8514 3
7676 61
5484 57
5586 13
2831 13
4858 57
1777 76
157 53
7470 11
4534 52
9911 69
5797 75
7480 34
4103 64
7653 5
4444 68
4805 34
6718 11
9793 10
2484 4
1943 52
8473 57
3167 42
3184 53
9072 13
1840 28
2302 22
313 76
6890 11
9068 14
677 57
2505 9
4269 36
3668 19
9558 9
2572 21
8269 59
1617 74
4901 34
941 35
4199 13
5588 10
8263 15
5196 65
7241 45
5107 39
6945 3
5243 70
5177 46
6043 12
5043 25
7762 67
5894 39
7521 31
6542 57
8935 52
9118 13
8885 18
3421 52
3137 78
5712 62
4945 78
1229 68
5093 16
2136 34
9937 55
1822 31
4348 3
1507 10
7191 13
8370 35
4074 60
5216 51
8796 38
789 9
6412 23
665 1
7477 23
9505 3
623 27
1251 54
3728 10
4439 15
1410 10
3369 10
6437 39
3764 3
1796 79
2096 18
2125 13
6156 65
7970 15
1215 11
3548 6
1627 34
2521 11
9733 61
6704 25
6391 60
6873 42
8046 42
3283 49
3942 46
1070 1
8584 62
2857 72
2884 48
8429 44
2342 46
7294 33
6194 70
8832 35
4344 11
7582 54
9873 43
2504 8
929 62
7050 48
4206 56
2221 37
4082 27
3028 77
2073 12
6121 33
4213 64
8444 57
7871 34
6097 41
6871 36
8489 23
2929 0
8137 72
848 58
3088 55
9374 52
1544 1
6804 29
500 64
2658 55
4643 49
6473 3
5435 20
79 44
2900 48
4276 76
3021 64
34 31
104 78
5828 2
7580 42
9702 7
3998 72
6545 40
4396 67
3208 6
9205 34
422 45
3728 21
3787 5
8757 27
4290 8
6609 4
584 27
3626 78
5584 27
7499 62
9101 5
3755 45
2248 65
558 29
480 76
9477 54
6726 17
7020 1
1702 52
2314 64
4090 11
4687 8
5066 8
7846 12
1998 71
2730 55
6502 33
9680 5
4089 75
3138 79
6012 62
157 34
3621 51
5256 11
4362 59
1140 1
9682 40
8364 14
712 60
3226 75
8418 12
8576 8
9002 32
7078 69
374 26
3552 63
1559 48
9609 26
1712 40
771 55
9473 31
8239 51
6279 5
1116 61
1097 57
7907 17
3283 61
6286 53
4434 6
9612 63
9453 66
6078 17
2564 69
6243 66
4519 18
7569 26
9505 51
9096 10
1467 70
836 70
6869 36
3806 48
7301 30
6534 34
1028 54
5422 40
696 39
2968 24
1548 2
1369 78
2469 39
5576 56
1488 12
3332 10
2537 77
821 47
9860 64
4301 78
214 51
3583 69
3837 5
8145 4
5720 13
5624 56
5303 75
2444 34
8949 42
2757 19
6597 78
3733 39
2935 63
2439 12
3068 66
8501 13
6872 65
9253 31
349 70
8409 71
785 73
6384 69
8322 19
5917 34
3480 47
1152 50
6194 60
7241 21
1793 65
9326 48
343 30
6040 50
2961 58
4895 38
260 46
7127 69
519 78
6357 20
6371 15
512 17
6445 58
3421 54
5544 75
6542 40
2078 70
2259 79
2973 7
9007 1
1054 68
8489 77
8113 33
1343 49
3292 0
4372 9
6795 67
4283 21
1450 47
6980 37
6595 31
4050 35
7080 50
1308 13
9195 66
164 14
1555 18
9194 41
3765 3
9240 65
611 51
6234 71
8967 66
2634 48
816 18
8658 18
4770 43
231 44
9179 9
4491 48
4209 19
3562 13
3486 72
3334 77
8878 55
5089 7
2315 43
835 66
6234 1
6994 40
1864 72
6926 18
7465 68
7490 5
5942 47
1568 9
13 77
429 18
140 58
6253 29
2835 50
701 57
3720 12
7651 47
1147 20
5467 15
7926 68
4658 72
9162 46
7818 52
7936 8
1723 14
9928 53
8457 33
9336 44
8790 30
997 39
3161 73
8049 42
9529 49
2704 62
986 10
5391 9
5797 57
2998 28
3419 27
3352 73
6393 34
7697 14
5873 45
7979 51
9604 67
1308 43
9058 76
8654 74
4180 44
54 52
2501 77
7064 46
9887 72
5267 35
7918 15
685 5
1755 58
3909 62
479 28
1776 33
8957 1
3254 50
3412 70
5530 79
9951 21
7684 74
2109 44
8395 4
8 73
66 39
2657 20
814 15
2161 9
5364 39
3977 16
6092 12
3105 75
3071 16
5100 27
6853 77
6085 32
2846 19
458 11
9514 64
151 17
1605 27
3048 30
9799 45
3759 67
9748 29
3949 79
2489 7
7474 69
4467 8
6981 47
1657 40
8313 31
2371 36
8084 62
3806 39
8097 67
8753 4
17 1
4250 19
2221 29
7917 37
8429 11
5879 6
1025 36
1369 15
2520 38
4371 68
6280 40
135 0
1379 72
7548 27
900 68
9916 6
446 65
2640 35
639 27
3080 67
9222 25
1033 77
3577 44
913 8
5524 52
8398 22
5803 79
5507 29
8133 63
5580 50
2184 7
7481 36
2174 2
4978 3
9972 79
4993 43
3079 45
1294 33
9064 79
1128 24
1124 61
6311 48
2961 23
7695 28
892 38
8538 31
9408 48
4180 19
9594 7
5321 5
1232 64
488 16
3683 27
4553 68
173 52
9876 51
6713 52
5350 72
3521 20
7402 36
5134 0
7203 38
854 68
4836 38
2735 54
8385 31
6540 63
1665 55
498 55
8774 44
5234 76
7469 76
2539 63
4851 65
20 11
4376 55
3173 50
3664 28
8891 22
6313 19
4334 1
6358 52
9786 66
5674 67
1019 69
9520 28
181 45
8386 40
5421 64
4241 15
6777 47
9627 42
1304 65
103 19
332 11
5486 60
2995 62
9867 56
6218 60
586 10
9882 24
3366 40
6416 10
8827 59
539 76
8707 22
2059 5
929 17
3172 79
3888 1
7795 54
8077 21
2250 15
6996 31
2634 18
2330 45
1948 54
5400 20
4324 40
3878 24
6342 40
1776 74
4498 32
1914 15
2725 17
6615 8
4493 59
712 19
7285 25
3291 14
3357 39
1911 19
84 2
4191 20
2123 26
999 20
5962 54
2963 16
846 52
2372 72
6036 11
9966 46
7368 15
8643 58
1250 16
1970 7
540 48
6349 78
8519 63
2429 77
1428 69
552 67
6473 59
185 11
640 70
1058 18
7402 65
772 54
1566 37
2460 78
5031 56
9806 64
8599 48
1480 3
5132 2
3448 17
3424 76
3141 40
3085 75
404 30
7447 25
7619 79
1710 38
2378 21
2754 34
4122 50
8158 37
622 44
1987 43
1071 69
2970 31
9753 22
158 35
836 40
4856 73
6110 15
9128 2
3358 4
2666 16
5220 45
5447 57
6240 75
55 43
2862 47
231 22
1531 9
4385 11
9515 63
9087 15
7864 23
1660 27
2134 65
9979 52
546 36
1474 66
2124 20
2934 15
9593 44
6090 29
5295 29
5250 4
5538 19
7567 72
3489 32
2204 67
948 56
1099 68
8277 57
3416 3
1144 20
353 15
3309 12
30 22
5470 58
9749 65
8379 27
7529 74
4422 39
7268 59
6231 46
8966 36
685 32
2996 55
7044 9
2868 20
7745 8
2267 44
3536 27
6859 5
1008 25
3831 25
4822 11
9300 43
2115 72
2673 55
901 75
7980 21
1569 51
1169 42
9261 71
2205 26
4426 4
3416 30
6291 20
9216 45
923 76
9356 11
9480 19
9750 75
2551 74
6298 50
8873 13
7255 10
2991 4
7542 15
2717 22
3802 58
8808 75
7178 7
8531 27
6772 21
9592 72
4003 9
543 6
6165 63
5532 19
5796 63
4509 38
7427 8
4192 56
4613 11
8691 41
9289 23
6632 33
5566 12
6712 69
2045 30
2184 49
9839 8
1129 40
266 42
3379 69
7359 65
2655 12
3510 50
5958 51
9673 2
7262 7
7456 5
9111 60
557 33
7549 36
9875 30
2960 75
6910 44
586 61
1549 17
9718 36
444 30
3388 66
8085 13
4176 56
4811 73
2651 49
3746 73
7045 14
5010 10
9561 78
831 8
9479 73
4537 25
6715 57
1586 7
4885 6
6687 24
2656 29
1945 76
3806 44
7070 50
1524 28
7988 54
5058 27
7717 43
4595 70
5616 1
7138 79
566 67
3511 33
6398 64
9218 13
4389 68
155 63
9854 67
3134 18
156 65
6087 13
4230 49
5753 41
124 56
4875 79
6577 28
6432 3
1492 62
4007 23
300 1
9294 61
4023 71
1528 30
4828 7
7423 0
8955 76
1706 6
8799 13
2414 42
2421 20
5302 0
1809 46
8475 39
9511 30
8133 49
979 62
2063 60
891 35
6221 12
2786 59
5943 71
8764 54
6165 77
4711 30
1622 66
824 53
1262 10
7912 58
2169 48
5649 7
5683 66
2377 25
3497 28
7223 29
3889 63
4148 52
7908 14
3103 50
281 53
3736 25
5499 55
2626 77
8017 66
7464 68
1205 17
3546 60
4789 14
6150 8
1985 65
9843 9
1155 26
7379 21
7598 7
455 22
5980 18
2723 49
1709 75
1366 50
7706 29
6208 17
5376 79
2482 19
1329 73
9912 31
1484 17
5700 26
4313 1
1059 34
6243 7
8536 20
9912 9
3402 11
5237 34
7177 6
1073 62
8625 68
9064 14
496 46
1201 40
3490 65
2078 46
864 70
2397 73
6323 16
4172 1
6987 66
9773 60
9556 26
5277 34
6170 78
1565 56
3227 1
7200 49
8886 2
5092 29
9875 18
807 28
1072 16
3020 36
4662 66
9714 75
1243 18
8320 65
1899 19
8636 12
258 78
3080 34
4644 13
9985 29
6246 19
7705 46
5267 55
6221 17
2570 43
3829 24
9259 29
2047 38
1675 25
1110 27
2980 57
3499 71
1830 26
4322 77
8610 76
7169 69
2859 69
555 78
3232 35
554 46
324 45
3074 39
9588 20
1865 25
8160 11
8252 14
3419 64
2880 37
6214 70
2572 62
6898 48
8497 79
9884 28
5489 65
3780 74
8276 42
2795 8
5777 71
5319 76
3336 54
5667 76
7808 14
9292 77
6345 75
5314 22
3545 42
8821 48
9475 77
6761 76
2351 11
1823 49
5435 71
3070 17
9529 27
5064 39
4963 66
18 48
1043 63
5538 19
4017 61
2710 29
9094 35
2693 13
3302 19
2940 57
7860 48
5790 28
7971 10
7068 60
3294 40
8670 76
650 48
1512 43
9894 5
2091 38
3082 30
1512 1
6259 79
8594 29
6024 71
6203 7
239 69
9862 45
5054 55
6009 62
8426 16
1696 60
9166 69
1371 16
7885 53
5024 11
1844 3
3174 69
472 49
9519 68
9959 10
3224 73
2948 60
5812 10
2983 49
6460 24
6950 41
1848 78
3820 69
237 37
2671 2
369 21
3116 31
9565 12
5369 13
2246 20
8250 3
6195 21
8353 43
1102 55
3030 45
7818 1
6220 69
262 19
2615 3
2643 44
2606 0
1405 9
6223 8
6003 43
3103 72
4998 4
1346 36
2212 77
8418 69
9762 55
1431 78
6856 44
6661 10
510 49
4947 4
7786 43
3873 51
1234 26
2532 63
9122 70
8578 52
1172 21
3045 34
1892 23
3230 30
1619 30
7558 41
2307 29
9574 27
1937 75
877 28
5702 20
4793 79
405 61
5917 11
5711 2
1608 71
5094 13
7959 1
4416 5
7061 11
7454 1
6837 50
7584 39
102 44
7559 6
1170 14
2391 76
695 72
4060 69
2571 78
4293 17
5588 35
7527 64
3786 52
7626 76
9101 46
9363 51
8169 45
8280 0
7664 2
3135 69
2015 15
8781 39
9129 35
1982 70
7281 13
1847 24
8328 30
5354 1
5505 48
7141 48
5964 45
203 73
8761 29
9904 10
5737 47
7114 77
4175 35
3881 57
6158 18
5569 53
4866 11
4360 26
1491 27
4104 4
217 8
29 37
3043 26
4568 22
4985 55
9309 59
2259 25
7028 49
4730 13
4431 70
2475 43
4547 53
2819 45
5677 13
3766 47
4160 78
5990 1
4322 63
3966 27
6200 30
4367 62
6428 5
7291 19
4663 37
4831 66
5014 2
2180 33
9526 75
2799 71
4357 52
1084 60
885 18
3434 79
4682 50
8399 19
1669 22
6776 7
9633 61
8154 65
257 14
553 70
8395 17
8734 56
8545 10
8569 13
3068 18
5292 72
513 20
1855 22
8646 33
545 6
3657 1
8266 38
396 55
3892 71
9741 31
9254 76
8413 38
3062 36
1540 22
5949 2
5996 13
6723 37
460 25
3896 73
1621 18
8637 9
510 52
4177 46
3651 55
3543 25
8910 45
3788 73
5185 55
1989 26
5134 20
292 74
878 7
5213 9
8074 68
5270 13
6192 24
396 62
5390 66
642 20
2723 17
3748 76
3722 75
5306 17
5521 54
7763 13
4284 7
151 75
5367 38
5017 71
5374 74
3537 69
2774 38
4725 75
7465 15
8528 12
8939 25
6490 66
1281 77
5570 39
3003 73
7402 64
2138 4
62 55
8541 12
3434 51
4825 14
8816 6
9333 17
5197 51
9587 64
5786 10
2071 50
342 17
3779 56
9953 32
7499 2
3114 25
3097 14
6906 3
2568 14
2301 34
6420 37
9308 36
345 77
5536 74
7441 24
5890 65
9703 18
1345 44
5714 15
938 48
3276 54
1479 43
6683 25
6412 50
5257 0
6314 6
3652 49
320 2
9009 47
3723 36
6768 12
4187 5
2684 11
5310 39
7800 55
9728 10
6548 73
6364 75
7253 26
1649 41
5951 70
6869 53
276 9
3425 53
4535 9
5511 37
6296 47
1925 76
5835 51
3924 38
9910 19
3102 67
7947 31
7428 59
867 36
650 28
6534 20
3801 18
9126 30
7485 49
1588 0
7569 2
1343 5
2362 24
6828 12
8599 29
2310 23
8877 62
1271 28
6028 64
4254 60
9698 62
2046 13
2081 48
3832 7
4034 73
7975 7
2694 29
7869 67
3538 61
7158 59
6053 33
7482 40
5550 17
309 52
7798 79
1514 69
2014 52
4328 55
9067 6
5722 37
9283 18
4005 52
4651 12
3032 76
476 33
5517 68
2134 21
259 57
4277 77
5623 59
6807 27
7654 4
5317 18
2679 53
8301 53
1556 46
6245 64
9490 10
4015 2
9284 5
5625 6
6949 59
5784 45
3292 31
5533 41
2576 20
2210 8
1381 59
3721 11
8554 58
2768 50
5378 21
4037 38
3010 44
4706 67
3966 17
9810 0
4901 68
6011 77
9741 29
3879 23
7720 21
3309 58
56 17
9532 52
7272 43
4205 2
8012 63
2007 41
2482 48
2032 67
2440 21
4016 53
1716 67
8481 25
809 23
4299 28
4350 32
4456 53
3886 23
2583 33
6430 29
7139 56
6514 15
8429 61
2171 56
2509 7
2478 67
2752 23
4110 44
4552 21
7318 2
2915 27
5344 42
8932 62
4890 51
5745 5
7081 66
6857 39
3353 10
5606 21
6326 57
5182 65
8014 50
9843 74
1843 2
1003 69
2980 65
7185 10
9911 40
7356 40
4591 57
4823 5
2696 79
9466 21
9218 3
8471 54
1339 72
4162 23
1496 35
9467 3
9783 27
118 14
8032 73
3134 58
5540 44
1958 70
7548 44
9928 4
2466 72
3799 22
3470 14
7499 20
292 39
6386 44
9834 77
8027 6
3173 57
1483 3
6140 61
6743 66
1703 11
1150 62
1476 64
7507 8
3414 65
8559 76
8213 64
7216 2
7104 27
2689 20
7880 65
3940 23
6282 33
1534 24
7439 34
1382 36
7238 9
3637 51
7440 58
1765 3
8992 14
8668 45
8937 12
6923 5
9399 8
2517 51
7588 69
853 57
1102 24
8484 33
5914 74
2542 37
8926 10
3892 58
9803 61
9894 9
8566 66
4253 43
934 55
185 65
1470 17
8784 29
24 76
4597 17
8921 48
279 50
6080 76
9630 72
8482 1
8751 69
3590 77
7224 15
3911 3
6170 76
1712 20
3869 25
7550 28
2709 7
5651 43
2494 67
6114 14
1068 0
2420 57
9319 66
238 52
637 26
4259 63
8819 57
8734 19
2597 51
9186 7
2290 34
2023 76
3525 36
9554 37
1141 34
7059 54
211 29
2303 40
2769 71
8260 70
821 75
657 55
6254 27
6728 72
4814 20
6441 69
5645 64
5755 36
4448 55
7095 15
9720 51
1264 28
7146 63
5387 26
6003 58
4717 42
1460 78
4614 72
2930 72
7975 4
8231 51
4853 33
384 6
5635 58
5169 70
3411 12
7548 25
6545 52
4036 57
2274 21
7832 0
9775 37
1864 70
568 6
4057 37
1215 44
3179 21
7461 64
4386 9
7640 64
16 52
3881 16
9293 73
9580 1
8021 15
6473 12
7243 29
1675 76
1432 39
738 21
5185 53
9718 21
7201 45
2857 5
1476 28
8358 43
4237 6
1075 64
8614 7
3596 73
665 53
9352 68
6262 53
9397 65
8916 6
7745 10
4317 29
8855 1
9777 62
8235 52
6501 52
5303 63
8613 14
2667 63
9468 39
3921 30
5441 63
433 16
3794 27
6598 73
6270 37
5379 41
1557 17
7768 21
6457 78
311 66
9240 5
8328 0
7939 50
2685 66
8495 76
4361 54
9812 34
718 69
6584 19
5978 72
7232 58
9451 36
1778 21
9568 20
3273 0
9132 50
2553 35
2440 2
9427 37
8958 11
4508 74
5671 51
5852 0
5055 22
3760 19
1245 50
9428 72
3650 34
7483 28
5654 20
1129 9
775 41
6189 1
4360 9
4466 58
7074 49
2785 23
8519 58
7548 47
8031 71
6385 13
9012 75
3353 19
727 4
6260 43
1198 40
7308 43
5580 10
662 36
5745 41
7141 55
8452 6
649 69
6975 79
6152 34
9963 77
7445 5
1955 70
7465 63
6595 32
5776 37
2097 35
1143 11
4205 58
4636 79
3320 6
9784 48
3835 78
3104 41
9637 38
3782 61
116 27
5775 64
8742 9
177 64
8686 73
6027 79
7849 59
4182 78
8718 12
6101 71
2499 51
3698 23
5653 77
5076 6
4973 67
5578 53
2 54
7299 2
4716 7
5841 11
3041 20
7542 29
7977 34
1383 23
6745 36
6503 0
4762 54
2726 50
5810 40
5222 1
9041 10
5942 60
3905 49
4906 47
8274 67
6074 18
9835 36
8927 66
1769 46
7296 26
5923 70
6567 30
1175 49
6188 35
9168 67
2173 14
8491 79
5917 56
8996 0
3553 10
6419 66
325 27
3966 14
371 51
5764 33
5930 11
388 40
2985 52
5421 73
9406 0
3538 65
7599 32
9060 38
6239 59
8413 72
321 56
6569 73
1258 25
410 37
3891 20
882 32
7709 63
675 27
9399 70
7729 35
8328 76
7954 54
1708 60
3074 66
512 43
8690 28
216 45
146 42
3581 32
3555 14
2137 40
4113 79
91 40
4637 53
7233 10
1476 1
9102 75
8539 55
8721 22
4532 41
5064 11
8062 17
4831 12
4507 10
337 20
6064 27
772 4
4623 34
6878 76
3868 57
8155 34
9092 40
3887 18
4238 55
4796 18
1624 61
2103 0
9619 10
5170 10
1963 77
5793 58
6447 3
5230 28
2824 13
4352 29
9049 28
7979 67
666 28
9468 51
5381 58
6430 19
8405 35
4292 28
2186 43
7834 75
3416 23
1573 20
9840 7
7893 19
7529 35
2924 49
1310 49
6943 16
8661 33
3696 68
3714 69
2375 77
738 15
1041 4
5016 9
8036 34
3324 60
8869 72
9079 13
3813 62
7159 58
5616 76
2520 77
8259 30
8511 58
8452 23
8920 75
6047 54
2467 70
9384 13
9657 55
2814 4
6112 63
7064 57
7393 73
2680 17
2691 69
486 64
5820 35
6206 49
5330 77
3546 66
9265 17
368 63
1630 42
5503 26
3550 26
4729 36
9166 70
8937 59
6140 14
6178 31
1504 39
3029 50
6110 55
2997 28
8064 60
5053 56
3996 26
5754 15
59 31
321 63
3936 5
2114 71
452 67
2282 2
1001 16
1576 29
7714 21
9369 39
1846 30
7852 36
3452 13
4075 78
8779 74
9464 8
9342 27
7328 16
4028 76
1367 65
5855 12
3935 34
1630 4
5961 79
9727 20
5759 2
2050 11
8517 45
3745 18
445 54
7136 70
5504 47
6517 17
8157 1
3728 52
6313 70
4839 35
2805 16
7673 13
5135 8
3718 54
2533 70
5701 66
240 10
4234 17
6855 6
6500 2
567 8
9214 5
6702 23
4683 64
7528 57
3730 29
3225 14
5595 79
3712 13
9639 64
5951 57
520 40
3007 64
8213 60
6357 0
9700 64
7940 70
5854 42
1505 21
3576 53
8712 15
9402 62
978 2
9773 31
6650 18
4175 54
8177 63
7298 33
2521 67
6493 24
6093 10
4801 6
9029 30
550 70
3019 46
6069 22
1462 11
598 26
725 15
2823 48
8894 10
5716 28
4126 42
9444 64
1575 38
9093 57
5416 7
7712 56
3353 20
5145 75
3874 24
3736 24
5499 66
2295 53
8184 25
9681 7
6952 58
4692 22
621 64
4341 25
8838 62
7260 35
4996 11
6321 73
900 11
2295 46
6115 6
6903 78
5719 24
1903 51
8979 36
7197 71
3833 37
9604 23
2931 51
8900 48
655 30
6631 41
1893 59
8965 29
8220 24
2511 67
3030 61
473 28
5773 16
6406 72
9634 53
1203 21
8578 1
2650 37
6847 57
9029 58
1871 76
3328 17
5101 57
3370 41
9527 46
5412 46
1098 47
7747 71
9477 47
5007 56
1507 62
2764 4
1756 16
3644 34
6493 5
1704 43
5954 74
5953 78
2832 59
2063 48
5710 51
1787 67
212 34
9386 66
7753 57
8542 70
2182 37
4515 40
1365 70
9355 36
3994 59
7281 38
4152 76
6319 35
265 4
9273 23
7855 72
1433 38
1938 56
1888 49
3891 18
6993 40
7656 61
2556 38
1534 40
5321 77
2301 79
3352 31
4487 39
776 22
4853 56
5892 0
7097 52
1808 27
6032 55
178 41
1182 45
8516 0
1480 58
8880 49
8982 58
8889 66
872 54
3065 26
4500 15
2929 57
3117 59
5403 66
8977 41
4044 22
3931 18
4486 77
8372 14
1314 51
4166 0
9937 30
6512 48
6837 7
2428 67
5495 60
1217 8
4869 17
7647 33
6298 15
9381 60
6611 58
9984 77
9173 50
1154 43
2278 38
9006 20
5215 31
4253 29
7885 17
985 25
497 41
8542 53
793 50
5600 30
2807 59
2898 16
4760 61
8088 77
3241 59
1476 54
4804 43
3973 72
3477 75
42 6
7190 17
6202 62
3500 52
300 43
4972 1
4735 23
6346 74
2757 27
2350 49
805 68
8055 61
1311 35
3887 39
6853 2
2757 36
4383 62
8333 78
3263 21
3718 1
2265 61
3694 15
451 79
536 17
5788 46
5804 11
2797 24
5167 27
6900 72
5124 14
8566 37
8004 78
1942 10
445 11
9566 51
211 21
3027 33
7803 19
8261 26
3782 68
7433 16
8286 32
8346 60
7680 57
50 7
4178 19
2372 69
8756 77
232 78
8654 60
5878 26
8197 67
5417 24
879 32
4623 76
4903 5
1209 51
8158 50
9002 4
2219 76
3071 4
6976 60
6512 54
1353 22
7980 77
9107 36
4866 63
6390 79
7775 73
9011 74
6870 41
8928 75
6645 28
1330 54
4742 52
2346 71
5009 69
366 76
1666 28
3275 45
4939 12
6793 9
7759 23
8235 62
5854 6
3059 20
6813 21
6509 55
3830 46
1562 64
9502 32
6269 79
3606 12
8761 22
6086 27
7786 53
2384 15
6360 29
5743 37
3688 19
3986 36
4651 36
1297 5
6097 79
7936 62
992 52
2319 77
733 71
2729 77
3913 48
5537 24
1254 34
1386 42
8916 37
8454 61
2223 51
58 6
7769 44
9585 59
3969 23
934 64
3859 37
1246 29
7615 19
9271 29
1168 44
1432 22
1294 24
6525 48
223 6
9811 3
9041 33
1326 49
5164 18
372 77
7530 1
5373 7
1542 41
7129 70
6717 56
7599 0
5677 63
6929 57
6011 28
2115 53
6964 66
5188 28
7768 50
363 25
9830 72
1358 14
3306 4
3767 8
4955 51
4337 27
4417 25
2401 10
1450 77
2816 69
2471 50
8556 31
1826 78
1175 10
6849 73
9204 33
1827 3
4806 50
5604 49
6373 39
7762 70
7665 32
9022 43
1233 46
5076 11
7670 14
2608 77
2846 16
6060 14
8765 67
4590 74
4686 31
5413 39
903 14
7722 78
6666 55
5369 23
3046 9
3069 33
153 65
1233 75
6743 72
1522 1
4978 60
5120 6
8634 9
4165 74
8818 4
6270 56
8171 36
5976 31
1543 45
6308 75
2340 58
1236 79
6449 55
9185 33
3540 8
2140 67
7419 57
189 73
1418 34
6759 60
870 55
8541 74
5374 10
2537 55
4458 61
7821 68
2434 40
5773 58
2882 51
6325 19
9093 65
681 6
1054 57
9606 29
9006 2
5750 20
5042 26
875 32
7799 51
6914 26
4382 74
9089 7
6335 70
7501 69
9525 42
7450 20
1801 22
7473 62
3117 48
1468 4
1921 43
8469 23
9294 33
7532 32
7187 19
995 61
281 25
9739 40
2245 7
4868 53
9773 63
8986 7
769 29
1174 48
4763 52
4001 4
1370 66
4807 25
837 18
1177 61
4972 78
3738 19
4577 78
4916 27
9370 49
4918 29
8133 55
3654 34
7062 10
8330 63
2727 23
300 79
7393 12
8659 76
9593 79
9126 10
5997 40
6834 16
5871 60
7215 52
5395 56
682 33
8000 70
6949 39
4792 79
2185 32
4839 61
9757 27
1174 44
5148 38
8356 60
220 76
3450 69
523 41
2164 56
9428 6
173 62
8436 22
6474 48
1428 28
8017 65
6233 6
8567 12
3849 10
4456 53
7570 59
5641 47
968 56
3203 26
1960 49
4921 38
402 39
6332 8
9248 79
2825 72
1221 19
3250 53
2855 6
1838 6
7609 17
5280 61
64 62
2571 58
4913 48
3613 10
6910 77
537 9
704 58
5040 11
8794 65
7169 3
5425 49
4099 46
7212 2
1106 63
1723 52
1831 56
8991 51
8306 49
9188 73
8394 8
3983 48
2573 6
6665 34
3984 26
5707 63
7545 4
2738 10
8346 16
2542 49
7479 60
8217 55
6857 8
6870 63
1572 26
101 23
5457 74
5864 31
5644 17
6301 36
8356 25
8714 46
8768 16
3952 18
9839 79
7548 20
93 49
2593 45
2282 19
3947 5
5986 23
7437 30
6226 52
9430 29
75 45
4692 37
8816 28
2293 65
715 59
7792 61
8555 79
3612 50
3342 18
1082 12
1219 59
1309 42
9405 60
2039 50
9852 72
4432 78
1874 47
3333 23
1942 39
6372 60
2104 24
1440 47
5489 5
8850 28
3979 66
3320 23
2844 6
5813 17
8652 14
6839 54
3150 75
8401 23
4557 26
3689 79
4998 46
6705 20
8972 76
3892 75
2046 67
5656 72
2066 38
3321 49
5177 7
8138 14
342 49
4839 16
4417 66
707 75
2045 51
3137 33
1110 6
809 76
9661 11
8191 71
580 15
4586 73
3932 49
1618 16
720 34
8469 54
5506 9
557 66
836 0
665 46
2904 46
3526 17
334 2
7227 24
5051 25
2311 37
2044 60
5904 36
516 57
8873 38
8416 75
6327 76
6159 9
6823 2
7153 73
2222 21
4081 79
5299 50
61 6
9858 77
5324 25
5741 43
7424 30
8045 76
1950 15
6481 8
1137 7
8029 53
1399 70
1383 34
8448 33
6352 68
5983 25
1060 58
5549 22
6622 30
4564 79
6827 75
6304 73
1074 38
5443 42
8064 58
5229 9
7274 4
9124 19
2509 23
9438 60
5282 29
7045 49
3120 76
7143 38
5843 64
9285 33
2134 58
6549 65
9151 21
5670 12
2714 32
4033 68
9126 61
2616 70
762 70
5275 79
2343 71
4898 42
1574 27
8688 10
5392 22
8474 33
1813 28
4848 75
8571 13
2188 74
6523 78
4014 62
5539 53
2154 33
3424 49
7796 12
2569 3
4938 73
2104 29
7885 7
7967 69
1234 3
6495 69
1487 41
3724 35
3037 55
8979 8
2706 74
7438 48
6754 24
5081 13
5370 73
4254 71
9169 50
2228 52
9936 79
4378 16
5422 77
2269 73
3380 33
2300 74
1132 72
5036 50
2459 45
3100 64
6254 16
7209 14
843 57
3262 38
7190 73
956 37
7365 8
4053 43
7072 65
8770 60
8168 22
1081 23
8975 1
2051 64
3379 73
9919 59
1378 45
743 71
6237 64
6783 21
4286 33
1117 36
5222 21
5637 59
1816 19
2196 18
8662 12
3063 77
7187 22
4505 69
1511 35
7719 5
7300 50
4484 46
8173 34
8268 23
3254 15
9280 53
872 74
1639 35
7645 73
4584 14
4178 56
3582 32
847 10
8310 39
4131 0
1795 49
1527 53
8077 38
4258 19
1235 1
172 22
1513 76
3922 60
1094 24
1788 37
9098 54
6392 60
424 69
7556 66
8174 72
6600 51
4319 67
8440 7
5570 50
8614 8
1142 38
7051 59
4629 61
739 61
1013 29
4158 27
6273 44
6843 30
2372 31
1173 1
2454 77
3678 16
7076 0
5495 47
373 23
491 52
3995 74
1612 2
135 60
2754 35
2119 70
1248 65
9978 6
3691 64
734 35
1498 76
9476 75
1889 59
9386 75
2417 31
4480 42
3062 27
5680 66
6024 78
5732 12
4126 16
264 40
3450 56
1700 6
8539 56
6128 52
7550 39
5041 4
1596 73
2106 56
8376 28
5415 13
5824 65
8016 66
5936 20
7435 19
6353 42
1059 54
3874 55
4539 1
6196 57
2435 38
4133 69
1370 77
8049 28
6818 60
9506 9
6935 21
1938 74
6052 12
6380 56
5588 35
4319 68
3857 53
3706 64
1338 59
822 56
8667 62
5658 43
8320 10
2641 26
3193 42
7055 75
6887 54
2312 26
8408 54
3725 61
7739 50
376 19
1607 24
7541 40
2481 24
5012 71
651 15
3837 61
4976 46
6803 53
1026 23
7972 54
9897 4
410 69
2028 52
7676 40
3912 18
4038 73
7399 51
5770 19
1033 12
3685 44
2163 30
6802 78
8239 31
6183 35
4112 6
6128 13
1961 67
4362 32
6807 56
1463 45
4492 72
9199 43
1123 43
5856 68
2241 59
9334 73
1689 14
5 19
223 0
9483 39
1984 76
2294 69
375 39
7140 62
9890 73
4107 79
5757 56
1206 78
167 3
4902 32
1460 25
489 68
2879 19
3800 48
4225 36
1314 22
5040 12
3683 34
3481 3
4037 3
7754 72
943 3
9103 6
6647 69
3379 64
1128 26
2752 25
2616 32
4242 50
8065 72
6342 33
9706 50
2805 74
4912 71
9414 45
1375 67
3208 43
5138 77
1589 38
4635 4
5412 5
3958 23
5355 49
8003 1
4169 63
5647 64
8822 73
8656 33
7169 11
6936 25
4676 71
6195 66
8604 6
5882 16
8576 12
8156 47
3250 70
9358 11
6137 35
4400 28
5706 44
1203 60
2228 49
2226 5
8743 2
3164 76
8032 39
6152 68
1878 28
3911 17
7209 28
2162 42
4189 56
1695 26
9344 68
5805 67
1922 15
1025 47
8262 62
1518 36
6113 52
6208 51
1068 47
5085 14
4039 49
2621 20
4058 9
711 26
4429 14
2928 39
1840 41
5688 28
8915 28
6672 62
2477 34
7968 17
5553 3
237 51
4081 68
1439 51
4761 58
3922 44
7276 25
3961 2
9614 45
9912 55
8793 20
8687 10
6773 70
5345 76
1315 66
5322 49
472 6
7112 0
710 58
285 23
1001 58
2275 14
8753 62
8451 37
2319 56
1121 13
3785 58
8406 0
3990 1
3055 79
6950 66
5776 54
1378 79
1814 13
3722 53
7620 78
3197 69
9800 13
1274 46
8307 9
4649 52
7293 78
2019 31
8434 37
341 66
300 73
2226 5
5887 22
7607 66
3735 79
8468 41
8828 76
1347 48
4316 31
4106 59
2331 17
6202 68
6767 14
6880 23
7892 10
6379 44
3696 78
4445 49
6647 19
3811 67
5738 58
7497 10
6771 69
2841 15
30 54
9909 42
8848 50
819 28
5749 48
7508 5
8607 52
8226 51
4861 51
4031 25
4900 67
8768 7
4280 49
9152 44
7194 46
9153 20
589 54
3756 79
8604 62
3432 33
4902 42
4966 47
8404 56
7407 60
2093 44
4627 0
1016 73
4158 2
9445 57
7851 50
1686 9
1133 54
1685 4
9790 30
1158 75
3627 6
7147 77
4174 72
9190 73
209 75
9294 45
7039 44
5821 57
3056 7
7632 69
5745 18
8963 76
3651 54
1776 20
2096 59
6676 27
3474 31
9693 48
8112 51
3236 10
9940 34
6121 41
5655 79
621 7
9465 58
8833 59
9158 46
1104 74
6767 42
2361 10
2696 26
1298 52
9976 33
2028 69
9368 69
2174 33
4539 72
112 21
4511 46
4894 72
5427 32
6119 29
3318 11
9693 7
1503 53
4288 73
7429 46
5726 25
6551 79
726 32
6610 67
2599 18
237 78
2131 68
5836 61
3409 78
233 76
1745 31
4446 30
4779 7
3203 28
2535 70
7377 45
7409 62
8040 78
285 71
1508 63
4901 47
8423 26
4878 59
856 48
3100 79
381 2
6035 6
8059 73
2202 79
5274 66
3350 68
2910 10
8600 24
3738 49
9138 12
643 62
4525 78
2310 63
5212 14
5201 27
2530 62
8481 7
7628 38
3055 33
4755 33
3671 12
9871 72
3293 72
3249 57
5480 45
7511 52
5716 36
5371 17
2033 34
7956 33
9185 66
9537 15
6568 14
9608 19
7238 42
4887 35
9669 77
6436 54
7322 28
1884 7
4306 5
8368 2
6650 21
383 78
3738 54
7755 39
7441 73
2533 6
4683 60
3388 32
1318 72
5975 56
7057 9
2374 18
6359 59
54 53
6940 29
8051 43
2490 37
1115 40
4518 16
1355 69
7644 4
1001 56
1784 52
8408 2
3762 78
5148 20
9205 69
315 63
8391 7
9511 71
1856 74
579 2
3043 39
1312 3
8157 67
3 14
6460 38
3897 7
9780 42
3840 44
6266 2
8341 43
5793 20
8733 65
8735 5
4543 33
7805 79
7395 13
2050 49
2128 51
401 19
9684 23
5655 5
7741 9
3617 3
6098 67
9020 23
75 34
8916 43
21 46
2779 25
5211 7
878 49
1859 78
2109 22
5035 77
9777 53
8319 52
7008 67
6860 17
4991 34
5190 75
1839 48
3372 11
4107 29
3856 8
6945 38
9994 61
7739 19
6014 73
629 41
2128 35
3210 44
6544 56
1050 53
9082 19
7887 76
3715 7
2989 19
3828 76
7562 62
4030 36
2269 34
6906 56
3675 73
1025 4
5439 63
6259 27
3500 45
1287 56
7275 48
5159 67
6213 68
6279 45
5473 50
3886 8
8289 35
3163 69
4036 16
2948 27
3648 24
4136 33
9282 13
683 56
4755 27
8681 72
9192 70
1557 53
4274 63
8971 14
4690 50
4369 35
4375 15
3524 16
7210 3
8368 42
9802 35
9290 52
4536 69
9014 62
7056 74
8764 27
3491 28
5387 46
7771 16
4434 1
6693 55
2534 33
2578 7
1003 41
8994 1
2416 73
8761 31
3207 2
5725 60
8940 17
630 15
6849 38
5645 22
1640 49
1865 75
5487 72
4677 37
1637 54
6231 62
5184 51
2425 12
7572 28
9603 63
1434 79
7034 22
9933 6
6671 78
5612 13
1717 23
3621 33
9202 5
9594 23
9226 32
1190 7
8622 72
7323 67
779 42
5283 55
8474 71
1451 79
9176 39
5203 15
7106 25
2333 51
2923 5
442 52
7161 17
9219 20
3119 76
5063 22
3599 10
6504 29
4600 29
1235 31
200 60
4166 21
1768 51
1393 18
2077 54
4699 77
6911 19
8735 13
5557 19
7280 49
2482 77
7110 41
6910 72
8453 4
9028 26
3150 23
1799 17
9290 54
6149 77
8786 2
4781 57
3345 63
783 4
1980 1
4087 48
7403 19
9910 70
962 35
593 68
4119 45
7407 37
5535 34
9819 75
3860 21
7365 43
5578 67
7713 5
7186 76
1843 78
9817 66
6044 12
351 77
7618 13
1031 56
9112 68
4572 76
467 66
2193 6
1165 29
6211 40
2934 79
1645 57
496 78
2852 25
97 3
6564 70
9117 57
7352 36
3044 52
835 60
2787 76
3584 20
8105 52
7781 39
906 11
2037 0
9691 15
3157 56
8535 73
5310 26
618 8
5527 47
3543 29
1177 28
5065 49
9368 20
5047 47
4948 26
3575 65
1877 55
9914 10
1711 52
3756 61
422 69
2277 9
2091 66
2354 50
7210 67
9418 12
2528 8
5265 70
7966 2
154 17
4820 66
5027 76
8424 59
7328 13
3876 22
6483 30
234 50
2512 2
2377 6
3133 35
721 37
6128 73
7354 61
6133 72
1531 12
7908 55
7784 31
6284 72
4524 24
9731 73
4538 11
880 70
3045 37
6802 25
4437 42
87 16
3816 26
1426 40
4218 14
9571 11
9691 5
2500 36
3193 6
1816 11
3516 17
3027 65
1340 6
4005 25
3062 33
8294 65
1597 49
6223 28
7674 4
5290 62
8344 65
6576 3
2901 33
1506 44
9413 10
9354 7
3240 10
6836 74
8107 60
5655 59
9987 10
381 47
9713 16
1395 29
6691 8
1864 30
6807 40
8239 36
5283 20
2690 4
8913 33
4118 33
680 71
3684 39
9305 1
8802 64
8446 5
600 38
4778 42
4164 70
9265 27
3496 29
1973 39
8994 2
2942 18
6796 15
1765 28
111 30
1772 76
9127 12
3693 73
8395 44
5889 68
4045 59
433 69
1169 75
8363 16
5531 78
8167 20
1198 1
5341 32
8635 34
6815 50
6190 64
9191 61
7745 62
7389 23
5653 3
1341 29
3928 49
5620 19
2192 15
9401 11
8455 5
5027 32
7187 4
8979 17
3084 64
9192 21
3451 28
3720 31
1087 0
6636 63
1226 72
4210 50
1654 12
564 72
3749 72
3151 32
8699 7
1475 18
599 65
473 56
5216 78
9149 26
1553 5
8330 53
464 38
5800 23
8027 65
2873 9
2968 1
7622 41
5711 56
2811 3
6226 7
5802 76
9345 10
8759 59
5335 79
3567 5
4282 33
6363 19
3796 5
831 1
1922 48
4387 21
9442 35
5736 26
8101 68
6089 9
6099 74
5882 35
8401 21
1976 77
8648 71
4056 57
9308 51
3499 61
4129 17
1115 34
8915 58
7149 74
9703 6
2911 79
8776 0
7283 52
7844 35
7066 27
32 4
8188 19
9841 59
1384 58
5080 62
7492 39
5377 60
6801 45
3875 52
441 29
6505 47
5959 59
6015 64
2217 26
6698 55
2298 71
8561 28
805 31
4954 46
739 46
336 40
8531 53
9735 60
7671 23
499 16
6406 0
9362 66
7775 19
2006 56
7412 30
571 40
986 60
1005 33
9429 71
8661 37
1741 71
1775 19
8441 44
8642 21
653 36
9648 67
5763 9
5129 49
8705 26
8070 12
4209 20
8315 45
605 29
6993 39
7468 45
2525 67
8723 10
4398 53
9437 78
8009 58
4639 39
2097 65
3854 75
6217 51
7541 21
3442 48
8702 48
7965 55
1804 31
3477 34
9942 71
1319 76
1071 58
5769 32
3301 65
7574 15
8190 37
9640 13
931 58
5744 25
9258 72
1548 71
9287 23
1018 44
9396 70
2970 38
704 8
7143 5
4333 44
290 9
4343 24
1863 73
1373 50
7462 13
6456 58
7673 9
6058 54
6169 39
7864 27
5598 16
4211 54
8655 70
2955 5
43 65
6656 68
1128 52
5900 23
5261 75
5736 17
4855 20
4537 31
5961 7
7241 36
3522 67
4478 34
5694 54
1896 66
8291 24
2913 16
8500 21
2319 38
2667 21
2768 67
6628 10
6852 55
361 53
3313 30
859 69
9786 6
2634 30
2456 79
8750 66
5746 15
795 78
7284 78
9089 4
8990 53
6369 64
7155 62
94 41
7636 23
6860 22
9708 9
6811 10
5103 64
9559 45
9063 70
8249 57
8575 64
2641 30
9126 20
7590 2
4198 21
7727 25
4772 30
3310 76
6333 39
7905 25
9733 22
5414 71
6491 53
1973 20
7227 43
8912 46
2282 10
4855 26
8606 53
8685 4
4497 60
1879 67
2337 21
7652 72
8944 57
9258 19
980 56
491 34
3854 25
4435 24
2718 66
2633 69
2282 49
2470 71
5820 37
9278 61
6443 28
3995 36
4706 25
8022 0
4240 49
6420 24
5910 35
7710 47
1704 50
5122 75
9297 48
7029 3
6471 40
4015 41
74 8
2483 50
8687 42
3568 46
787 77
866 57
6881 20
5277 61
5271 43
9485 65
1833 18
1630 1
5081 56
8984 27
4813 68
9798 20
1750 18
3644 54
9606 73
885 7
7468 37
6034 70
529 70
7660 4
3867 37
3351 28
6620 13
854 16
5286 61
4456 2
9279 41
8126 60
9618 56
7036 77
2834 46
7910 33
8161 22
1610 27
8492 59
8443 17
9055 19
3518 68
3328 25
1667 27
3605 69
9047 75
9669 10
3988 5
8067 61
3011 28
5213 77
3439 17
5133 50
3580 13
2790 54
5461 58
6926 11
6425 63
2197 72
2178 70
7798 19
5415 75
1875 28
8850 67
1367 20
57 70
8421 9
8483 27
1177 15
2730 79
9225 76
2550 34
3790 32
8956 46
8132 30
8726 4
5000 60
1938 53
6255 35
4999 74
6268 3
3580 48
7761 39
1685 19
338 48
7949 38
6061 0
5916 28
3774 70
142 23
4671 49
8 11
2829 2
5067 29
2135 3
3647 77
1643 77
675 77
7782 75
2876 61
7474 9
5691 21
6122 8
6791 78
7545 49
5479 77
7793 51
8707 13
2287 11
2429 8
1337 31
1775 50
7521 39
7426 50
3996 24
1416 45
534 14
5340 16
3567 6
5325 74
6065 21
8455 69
6774 56
1429 15
7550 25
108 9
3655 43
129 59
6935 3
6901 33
4082 19
3684 7
89 35
730 44
4028 14
2851 54
728 39
7858 18
7536 54
6123 37
1213 50
7015 69
1371 76
8892 29
3498 22
7576 49
7277 31
5918 30
2665 13
9654 77
6313 69
2234 20
9606 73
8564 24
5632 15
6240 52
1678 25
284 15
4625 54
4504 28
8607 69
360 35
6416 50
3047 56
9175 78
5863 69
3243 47
6078 41
5331 49
1835 60
9640 7
3453 78
5499 51
2985 43
2671 77
8897 60
5983 3
4474 14
9735 14
715 7
877 44
2723 74
3540 47
8268 25
7496 50
1184 34
525 67
1275 7
787 2
8703 62
8141 52
8307 1
6897 36
2443 67
7425 7
1276 65
2525 10
2013 16
4941 43
1790 56
5119 16
3014 12
3493 23
422 37
2971 43
5777 75
1363 48
6076 31
586 76
8681 72
597 2
8166 72
8816 76
8066 74
9943 20
4635 10
4700 47
2815 48
9489 39
9309 43
4231 51
479 23
9781 69
3962 26
8011 64
5092 16
5507 35
1665 49
3335 39
4383 28
9106 49
7235 19
7256 20
5625 2
9755 6
467 12
3183 13
435 69
9587 70
3252 6
7140 18
6043 32
5452 62
4592 32
221 45
4575 11
1161 20
6399 54
7799 1
5733 53
1039 57
3668 14
1910 61
7492 41
291 8
9644 38
495 72
3000 59
5317 6
3589 9
4676 3
4709 58
2829 50
269 9
6441 28
633 29
3869 3
2895 3
7497 7
4495 40
4165 63
3186 48
5792 69
5366 38
2726 0
5657 0
8847 78
7893 29
1210 30
290 62
5613 8
9475 31
474 42
5270 17
6653 79
6251 37
6543 14
389 38
3619 13
3086 4
5516 79
3361 41
1227 65
768 57
7454 45
8946 27
2584 25
6860 46
5185 31
5400 26
8014 42
2324 53
5678 58
908 14
6604 20
1771 25
6891 73
5872 71
4091 64
6980 50
9847 35
9764 18
5498 3
6357 47
7145 73
3275 35
5444 26
2939 75
2426 22
61 42
4043 78
1169 74
5312 15
4440 16
3450 15
7323 42
9251 3
9404 72
5730 26
3055 21
7596 42
4919 0
4770 37
5127 27
9506 39
4326 31
6438 15
9337 58
483 72
1606 54
2214 67
4193 7
7630 34
3608 1
6912 51
2166 68
7885 55
7162 37
508 62
7815 26
2676 65
9020 33
8660 76
9064 45
6169 38
9593 63
6446 14
1690 13
5768 68
9413 65
4527 33
3484 1
7874 51
2519 54
5450 41
1325 75
9374 56
1028 36
4604 24
1588 56
189 46
8206 61
4837 22
9479 79
4068 60
1788 60
1100 71
6150 15
819 36
1839 39
1325 58
8978 3
1392 63
3219 28
8883 23
5216 79
4390 35
9808 37
6509 14
1792 17
8876 79
3878 22
8780 11
786 35
3923 27
9227 43
7056 6
2614 5
1833 27
6000 45
3693 61
4918 37
4402 74
6977 59
464 74
8086 8
1890 1
3257 35
5446 1
5667 32
2751 31
2596 72
8603 63
5968 37
8251 79
5810 42
9034 78
4161 78
3617 55
5659 3
9690 62
4608 55
5588 5
1279 54
3450 59
3937 42
243 66
2789 0
7994 59
3041 40
7941 16
1313 25
4442 46
3536 46
5359 45
1503 1
592 14
3957 3
1245 0
2609 69
3454 30
118 6
1680 9
2595 25
5503 13
7991 1
7805 18
9130 77
1417 66
3211 58
1371 50
5935 57
8640 78
8696 15
6638 22
4199 34
2511 15
7149 39
1150 7
5858 37
8946 73
7942 21
8538 73
2542 73
7354 44
3188 22
4312 23
2251 47
8861 51
1401 31
2670 10
5502 3
7223 17
8483 18
5483 65
4942 25
299 35
4647 7
9652 24
7102 34
6005 66
7961 21
6010 51
5622 23
383 16
7663 56
6510 49
3898 26
3234 72
3375 58
6014 75
4061 41
8915 63
6978 12
1467 3
1334 28
5192 39
1061 27
794 24
3692 36
9548 41
6114 77
5749 14
6104 12
6130 8
5633 35
5222 56
7797 25
3659 2
8610 39
1122 16
1169 12
1056 79
9252 29
4068 10
9500 28
4449 2
3993 67
4896 39
3216 61
1338 69
9249 34
623 45
6563 45
3724 15
2278 12
4466 49
2623 4
2220 79
1373 46
6995 31
2853 33
2751 79
7642 13
8132 13
8059 65
6940 3
9064 42
3040 46
9335 9
5770 9
8733 32
390 59
1903 8
9911 41
9982 34
4327 9
4077 72
7780 52
141 47
8593 7
8263 60
7646 7
7804 32
6869 14
8082 17
9686 54
9101 6
24 17
1141 14
8569 51
4490 62
9913 44
2486 22
1585 70
1191 62
1310 71
4809 50
8523 3
2336 55
4158 34
9970 73
9148 73
3521 34
5716 8
2575 25
9752 48
7602 37
6451 62
9891 61
3649 56
6314 13
4261 50
9461 39
367 13
8947 51
9151 78
5503 4
4478 7
6356 9
3810 68
4689 77
4450 19
3812 76
2844 17
7246 66
8670 29
7714 65
424 28
1352 62
5930 72
1521 57
7665 37
4946 40
1307 50
5024 79
6181 8
9967 61
772 3
6974 22
4277 73
3162 9
2601 27
3947 61
2686 24
351 29
8290 72
5056 76
5360 28
2263 7
8438 0
9636 6
2406 25
4600 79
3212 17
6754 23
3578 76
3979 69
9373 38
6517 5
2920 11
8519 6
2729 50
4179 33
9808 71
7346 70
4116 35
9934 5
1209 75
3478 37
2041 50
2077 4
7888 12
461 44
5340 0
7937 14
3918 56
9422 46
3353 72
5414 75
904 41
5754 73
976 65
4616 61
5695 33
1887 4
4771 43
1352 64
3520 61
782 65
8064 78
7720 12
2321 20
2361 58
9038 64
1852 47
4555 23
9901 36
6753 77
7950 52
2607 48
7236 1
1992 30
7561 64
297 20
4321 55
6547 21
9331 49
4414 67
6553 12
4636 61
2592 16
8397 36
6179 11
6330 60
5627 13
5379 12
6411 62
6296 33
2776 55
7751 37
2825 20
2 8
7738 35
6082 8
6050 57
1494 19
6158 50
5023 22
7204 18
9531 48
7896 77
8039 56
9488 64
1398 71
8596 74
8218 52
3955 42
6466 59
9430 22
4040 9
5627 53
9057 70
2934 74
2987 63
7904 13
2357 78
9844 71
6584 57
7494 59
8007 52
730 12
3864 36
9043 14
4717 18
3611 29
4901 71
3223 4
483 26
8914 43
8504 3
9888 32
2381 43
2639 16
3858 35
7597 34
9899 29
6377 17
9542 42
70 52
769 33
7438 60
9762 25
185 41
397 51
56 57
2829 71
2266 78
5494 42
324 75
7163 73
7036 59
8325 4
2016 78
4901 26
5584 32
8175 12
9783 8
8712 33
2255 58
9326 22
1108 9
4504 15
2892 13
3142 47
750 76
4624 64
6629 25
8197 15
8250 22
8576 39
1119 22
2928 40
113 52
1360 68
3665 42
4456 70
5044 15
1531 79
1815 63
340 62
7309 24
603 75
4595 63
1538 65
1879 45
6392 70
8030 42
7965 40
3226 20
4695 37
9319 60
3887 7
8558 29
3156 10
5168 58
8421 11
627 2
6724 31
4646 3
111 46
6617 8
7465 10
4170 32
1716 0
3365 13
7481 73
2175 21
6217 13
8662 57
6264 21
3906 0
5406 43
5734 63
1937 64
1294 71
2660 74
9454 27
2167 56
9318 28
5749 52
2588 67
8806 20
1366 74
957 12
4846 39
1961 67
5582 6
4255 48
9781 50
6601 34
3093 64
6073 25
7756 41
3809 36
8780 1
4365 40
9535 24
1077 41
2364 13
7940 8
756 42
1499 9
2060 32
7165 0
7315 48
8785 40
3602 34
2734 64
9401 6
2694 2
7497 37
9565 32
9358 50
5594 29
3131 35
8653 54
1435 6
4994 43
247 2
9848 62
6085 11
917 71
286 49
2311 33
6265 22
4967 69
1815 10
6436 49
6626 69
994 36
7065 64
9713 24
5336 16
5818 61
2441 32
2920 30
2014 74
8066 34
6960 49
5553 50
228 62
1176 66
6521 22
9672 77
2566 36
6344 1
1925 40
2444 68
8225 27
2525 34
9204 30
8521 52
8354 14
321 63
4680 22
5124 6
7271 34
2792 12
2122 27
4195 26
3198 51
1358 73
7133 79
5175 29
8692 76
8028 15
7590 63
4057 21
3009 77
980 15
3513 20
2674 49
8291 36
7933 56
6389 62
1136 43
9141 39
6516 16
5998 72
7907 71
3967 38
2086 23
6145 73
1166 51
3127 27
5153 25
9653 31
9787 71
9064 43
3979 74
9807 3
5266 4
1053 3
9221 41
5786 9
5512 71
8933 13
5268 31
2106 78
3384 52
5273 43
7354 79
8111 26
5683 60
6926 8
4128 37
4218 78
454 25
4661 60
445 41
9048 53
4384 15
3357 22
4650 75
4293 36
5887 11
2881 1
3672 6
4976 43
6695 21
6612 49
2428 78
9610 35
5474 31
3520 69
9985 68
152 15
1229 5
6476 20
3078 30
5592 13
5497 44
8183 50
8255 17
506 20
8833 21
6483 58
6426 41
9351 69
2615 40
1346 2
6974 77
4630 44
8535 75
7737 76
9652 29
5328 14
5933 27
438 33
5387 5
6553 74
6305 63
234 5
9872 26
9900 58
5036 26
5254 72
3747 73
1661 1
5856 7
2796 65
5881 44
2293 75
7005 60
3296 18
7451 6
5305 34
8939 73
7406 73
5697 20
9972 21
1680 72
2243 42
7034 27
9358 48
3526 28
1411 71
3035 14
4494 40
6957 68
5880 42
3241 23
1859 78
2913 23
9394 71
4800 59
1589 41
6189 22
6064 77
3606 73
5789 14
6429 79
120 67
6259 72
1665 9
9263 38
7750 29
8484 30
4957 51
5128 59
1077 21
3540 53
2164 59
8625 8
2612 36
3737 37
1790 15
5465 2
5208 56
7232 62
301 50
3646 69
5419 61
9312 28
5216 53
383 10
1109 39
1780 68
2656 16
5434 19
7259 3
4384 19
4253 23
2731 27
4138 43
9900 20
8806 39
7304 71
4926 16
3761 24
7340 71
3204 57
7342 0
5445 60
9405 74
9555 9
4399 15
2331 24
1158 73
216 44
8343 15
1598 61
2007 11
1452 15
9610 58
1467 4
6103 63
8300 43
2422 68
1170 19
5206 14
1951 48
2093 11
4887 40
8706 59
9570 59
8157 41
410 13
7909 36
7542 34
2878 14
1912 52
6367 0
6187 4
9314 8
6527 11
3500 0
9590 59
6829 60
8993 71
7552 32
6956 59
2779 11
7923 73
6951 20
5589 2
413 16
9845 62
6813 13
5329 40
4863 63
8168 56
7111 36
3794 46
8655 37
6340 8
4804 27
5812 16
6603 60
5049 37
4554 49
3817 37
7874 5
3430 4
5112 76
6302 59
4863 77
1812 32
9035 62
9775 13
5335 10
3672 16
7778 50
7360 47
2698 13
1653 5
4081 29
5649 13
5961 48
5891 10
9968 31
6149 65
1397 23
4383 4
8270 49
9195 28
2699 16
6513 2
869 55
9528 74
6293 36
7171 12
3620 61
2223 32
960 38
8316 22
7210 44
4227 31
2708 16
3262 27
9854 67
8603 32
9278 11
4916 35
1574 47
8875 23
8086 21
1871 63
9985 69
3298 17
8414 10
2794 74
139 53
8775 72
1150 45
4509 71
4633 55
8293 59
810 61
1042 55
9070 30
6746 72
2817 19
1176 34
7632 41
5287 53
9692 64
7763 26
2863 47
9207 32
9443 49
4022 13
2216 32
1799 35
5338 28
8257 50
1430 8
2610 35
8157 50
1721 72
8462 77
7678 62
592 13
4227 44
7390 46
9627 43
828 65
2362 65
8917 3
6808 27
6617 76
9922 71
3305 65
4796 27
6277 55
5727 6
3371 53
3917 65
7589 20
1006 66
4192 38
8588 13
6432 32
3072 6
979 69
962 39
6019 16
1835 74
8015 29
7902 5
7813 21
5515 16
1020 21
9666 67
4047 10
1921 32
9702 58
4296 42
234 2
1508 65
5427 24
654 59
9004 12
8041 1
8004 32
6023 35
5862 33
9505 25
9929 64
6040 55
1905 2
961 75
2038 64
2400 23
9704 44
8168 69
5140 65
7308 28
5420 69
5560 46
1293 30
494 43
9773 29
3616 38
5143 44
5465 17
2317 32
3603 39
7313 27
8658 70
6063 49
7346 56
4720 68
400 76
9609 62
883 22
1546 58
6681 31
8970 0
3634 42
2451 43
5672 37
196 9
5548 40
519 30
2094 13
5551 5
223 76
3224 5
6862 33
112 59
6466 28
2560 58
4729 53
7077 76
1915 26
2428 19
8990 39
6621 48
6614 17
4330 47
2522 31
8713 61
8022 69
805 71
3009 78
1829 33
5844 69
1108 64
6177 32
1327 5
8215 58
2555 6
9184 28
9399 26
7277 23
1461 32
661 32
8056 29
5442 8
2779 64
2904 71
6203 4
4481 21
532 33
9855 37
1262 79
4346 14
9717 9
6263 70
410 10
4557 13
3879 22
1029 20
6364 7
4639 41
5521 51
2342 64
5439 70
322 31
5293 50
8842 38
59 31
5558 73
3373 48
8830 59
1102 4
613 41
6075 5
5838 48
2313 49
0 28
6556 51
1945 62
503 78
4329 56
8922 21
8844 24
399 57
3155 64
9107 79
4911 62
601 29
2205 61
7338 34
1177 22
7832 47
6131 68
1276 38
2188 3
3731 77
2233 4
1352 15
811 64
1947 79
2754 54
5515 58
6139 51
8236 72
8685 13
2265 30
1015 12
1166 4
5051 53
4884 78
6975 53
8886 57
511 70
4896 36
9146 49
8065 8
5362 32
1970 5
1441 46
4498 74
4525 62
3440 64
5595 5
7445 4
5012 5
2543 64
4971 23
8420 37
7814 3
2271 55
8904 15
4698 69
8855 66
1309 35
9900 36
4822 38
5119 36
5516 59
2391 37
2379 20
2197 6
4229 32
7897 29
8247 38
7404 47
4281 46
1232 30
7422 60
7504 63
4988 26
9949 39
7076 32
3963 66
6717 35
3026 0
7106 7
1964 45
5147 34
8165 11
4406 79
348 61
5865 76
6724 66
8578 33
6670 77
9980 28
6676 45
8197 45
1529 30
3322 43
5933 27
3012 2
9291 13
1931 74
5564 53
5145 5
1302 34
9225 20
5958 64
7816 22
6046 29
4478 15
4936 41
1858 1
7087 57
1066 41
1812 56
5621 56
3451 43
6474 44
1704 79
5976 27
7663 50
1576 60
6411 74
4812 2
7561 70
5847 69
1671 47
9544 14
8561 10
2119 15
5323 45
7373 45
1946 43
8725 60
7751 14
4315 37
2372 64
1041 6
4406 54
5975 6
6580 58
5298 35
2382 51
2653 74
2671 35
5311 19
2245 45
4222 54
6023 48
7118 13
3598 21
5020 72
8500 17
8774 71
3444 7
1167 72
8774 61
4796 29
30 9
3758 9
4184 73
7754 71
1286 60
608 54
1209 47
6365 37
820 56
7595 55
9079 73
9722 19
8132 65
234 44
1369 37
7540 71
2279 6
8393 14
9123 47
5980 16
1354 62
4024 34
4726 44
9232 39
1817 43
1694 39
3967 27
3848 63
6024 40
66 52
1130 52
2761 37
4832 45
9172 29
7092 42
9545 50
3997 71
4276 45
8452 10
9342 70
8572 34
6895 11
8275 44
1761 60
4032 17
7782 39
6167 63
3074 43
2091 17
5670 11
202 78
5746 1
7621 44
3919 28
7684 78
44 39
8603 65
7094 7
4682 79
3469 1
4337 78
1299 22
8713 25
5080 29
8101 56
6642 75
4218 62
6787 65
7956 79
8641 17
6505 76
8049 30
5780 77
759 48
6224 9
5204 1
9056 21
2842 23
3803 7
6187 62
9556 69
6438 1
4810 15
4902 53
2898 6
3576 19
7390 55
7821 31
2071 40
2629 25
9868 62
8293 0
7057 57
9339 46
3687 13
5765 52
7505 61
3225 34
1757 21
5185 67
5181 4
6390 19
8994 68
8128 78
1503 40
6031 39
5256 18
1422 33
6369 78
4699 14
8128 78
7759 49
9033 2
4010 50
5091 67
5857 14
3666 29
4212 55
8173 71
9861 79
3968 64
7147 29
3709 40
5949 74
5068 8
6849 43
4122 15
2398 11
3407 42
8883 3
8716 30
7832 73
4542 37
5193 19
9112 35
4429 70
7072 4
4132 32
7165 69
6210 61
1937 43
1936 58
7311 35
5112 20
5600 55
7308 28
7521 42
3811 41
3240 17
5545 42
9350 77
830 39
7823 73
8690 34
3132 28
2356 0
3511 12
9616 30
7508 48
3534 17
1611 79
2550 30
1404 26
7172 67
4168 19
7477 64
4493 41
9559 5
9705 33
4597 10
6973 18
3934 37
3561 77
6000 11
8069 8
6968 6
8013 69
2398 79
8117 67
460 25
9071 65
5780 74
8741 74
4696 70
673 34
9246 73
722 59
3421 1
1546 52
859 22
4626 31
1787 55
9116 62
4868 51
3521 57
9932 32
2644 78
4287 11
2023 53
5472 12
3364 79
1063 5
7635 59
4673 56
9840 68
6725 2
6593 42
2519 8
5693 76
695 60
4330 47
1795 28
5746 78
931 71
5029 78
3872 77
1483 44
452 18
8043 37
819 62
5189 65
6948 68
3854 13
4628 29
2906 36
3464 65
6182 42
894 65
7973 5
1660 67
5092 72
5971 75
6317 77
5597 67
9337 46
3902 39
1583 63
3030 15
405 60
1916 58
2970 27
210 19
7872 30
6269 35
4659 55
9268 67
8897 40
861 75
6264 54
5979 12
4091 9
7642 7
7871 67
9342 56
5829 58
1423 66
1748 52
1232 56
1976 78
2348 37
4307 57
7373 57
6029 65
673 49
6476 27
1810 18
1827 27
2519 33
5223 31
9224 50
5321 76
8216 59
1105 35
5630 20
5824 63
3891 13
4635 29
3020 59
9353 73
7678 33
6785 1
4863 56
3077 72
8646 11
899 41
1102 1
8543 22
2929 23
8932 12
9226 73
3110 36
1257 61
1703 25
204 29
5731 17
5648 31
6068 27
3641 34
4505 35
2058 55
8193 20
1754 10
6022 27
7091 75
3840 19
858 30
9505 35
2590 43
6073 16
6766 34
5653 64
1964 79
4889 45
7843 21
3663 49
6686 75
9543 36
4352 16
1218 48
6472 44
8038 61
4162 52
8920 62
2657 25
8894 54
5370 14
5299 72
9242 5
1429 27
847 69
7965 54
7097 25
3134 77
6299 8
637 24
5884 76
7038 76
9882 33
7443 41
8606 12
265 16
5191 38
6500 62
361 20
7253 9
9899 52
4383 53
87 38
4815 4
1273 68
3857 8
2562 32
8547 70
8925 25
5321 41
783 9
8591 16
8257 13
4885 21
1932 66
1643 59
3829 57
8038 3
186 70
884 59
3727 27
5772 20
2530 60
4518 78
9601 31
5549 2
5735 2
5911 76
687 8
9098 51
2251 65
5246 70
5801 53
6830 4
372 45
9824 40
9182 15
8245 15
9275 52
2395 24
7201 55
7844 24
2184 12
1039 70
6980 58
2950 41
5026 70
5960 12
3082 78
8631 27
7694 47
9161 30
2730 68
3477 31
5913 75
5832 40
5668 53
7709 62
6007 58
4996 20
3471 55
9137 78
2343 38
5726 19
274 55
1868 45
5178 32
1274 1
5479 30
1458 5
6498 7
3546 3
6862 30
7138 25
3458 2
7446 73
2151 52
3813 52
4475 51
3220 14
3227 5
2896 30
1302 36
2165 69
8651 66
3385 56
1903 59
9215 59
2427 6
3080 12
6551 71
1165 9
8408 36
4308 16
9948 50
114 17
9083 43
444 65
5190 46
2941 46
3523 20
3402 42
4269 74
2173 70
3803 16
9630 28
7761 77
7004 25
2320 60
6627 37
1946 39
6902 16
4833 78
6849 43
2544 52
2639 64
8507 71
4146 16
2925 74
1744 71
4298 32
2727 29
9487 55
1646 75
4337 63
1916 56
1284 6
7560 0
3664 49
5846 16
1516 40
7961 48
8363 31
621 13
1479 77
3442 50
5616 11
151 66
2823 74
6352 5
7198 17
8462 13
4674 34
8504 3
2916 40
6593 19
6672 48
7014 1
9015 64
6865 38
3203 24
411 27
2270 4
9290 65
1670 27
4838 58
6418 23
5841 39
4284 65
6391 31
6161 8
1640 57
2907 78
5196 39
7086 79
1458 15
5005 31
5638 70
5138 31
217 27
1914 28
2640 46
2812 52
2495 59
7334 21
3381 7
1127 20
1146 70
5340 39
1429 38
8733 48
4730 27
2284 22
7318 56
7145 49
9671 39
8028 66
1438 69
2022 29
2293 45
9603 52
1743 47
6429 33
1543 61
4430 15
7041 2
6914 38
7483 79
8700 49
6584 35
8087 78
6703 71
5823 49
6953 19
257 5
1878 16
4266 32
5423 27
9467 66
3611 35
2322 58
1329 79
7393 5
2997 47
1582 4
2054 29
5244 72
234 47
5777 13
7568 29
8107 32
5973 41
1989 63
6209 48
3629 59
6578 59
3901 44
6594 66
1088 34
4204 62
7492 19
4651 41
4229 5
2503 53
4615 42
3417 37
69 51
3978 44
2126 3
1598 64
2428 65
4804 43
7503 41
1448 14
8826 0
998 33
3438 49
2920 11
2949 57
784 11
9046 76
367 33
1569 65
4531 60
2065 49
6184 33
8254 71
5740 36
836 53
9926 39
8269 19
2200 60
5074 68
7030 40
8974 55
9144 70
9320 6
1323 68
2274 31
9779 78
5004 77
5837 38
7497 34
7302 61
1301 51
1455 65
4254 32
6079 34
40 46
1184 50
7940 19
65 25
6544 14
323 2
1079 16
9195 54
9571 43
6970 67
9772 5
7603 56
2603 41
5620 16
2378 58
2867 40
8797 5
8382 63
2174 50
1925 73
309 54
5536 15
7372 9
5753 71
2611 15
2783 60
1433 53
6185 10
3110 9
8296 56
2839 22
1651 18
5356 75
5185 1
9287 55
7359 42
7488 4
3986 64
2972 77
1598 6
3294 60
3579 37
7864 20
2862 22
8908 72
4161 45
5944 55
6102 35
8657 69
404 78
499 71
1728 15
7108 42
7826 7
2936 32
7718 23
7762 72
6144 35
2220 57
9136 50
4940 75
5811 68
7350 66
5085 32
2766 71
2209 57
6813 5
6114 61
4802 13
7600 10
5459 55
8868 13
9827 5
9294 72
4524 5
4069 47
5581 36
8773 64
4414 9
8 13
5639 5
7590 38
3866 53
5699 39
5994 49
5975 60
8553 37
6162 45
9035 25
9558 10
1386 46
9553 20
2233 40
8365 21
9175 19
8642 77
1451 3
6553 58
9882 60
3744 3
3928 58
3771 17
2143 46
5998 43
2715 6
3023 28
835 56
5296 67
5097 75
2442 55
1874 17
2526 53
415 37
9185 39
200 61
9858 51
8506 76
9575 77
6380 71
5072 10
625 49
992 2
420 38
4277 33
5123 1
6002 42
2687 74
6074 24
1651 31
3777 3
5987 61
3385 27
3143 11
7469 69
7526 67
1722 79
430 15
4972 0
4611 28
9500 65
2233 61
607 35
9815 79
7190 59
2482 20
984 1
4220 79
7899 65
5083 59
5177 75
8964 39
7534 61
5784 66
7559 43
1793 79
3821 24
4797 21
7292 20
1558 70
9592 66
6597 26
4804 37
2406 7
6074 54
3164 63
325 69
8721 54
5347 57
6301 63
3216 37
2141 34
8971 58
2725 12
1073 19
3149 50
7135 49
4400 19
159 67
5083 26
8837 17
6456 45
793 53
589 69
3783 71
7482 10
7550 4
8255 73
6651 10
7629 21
3688 3
8659 24
2515 27
5390 20
4639 31
6652 43
8040 36
4011 39
4261 17
4351 23
8174 27
5700 22
8579 27
2441 9
1913 29
6038 53
8000 56
6588 59
6886 53
3806 34
2100 46
2300 63
8692 4
7574 2
7089 45
5376 64
3342 72
7884 41
8129 30
7814 54
8119 55
7084 49
9495 38
8422 64
3359 66
8892 79
9921 50
9443 25
1018 5
9649 51
1323 11
208 53
9530 35
6763 54
1995 1
5551 18
8930 59
8495 43
6 49
7222 10
1914 56
6353 32
8117 17
7834 61
4178 74
8204 44
6349 48
6773 73
6022 47
9798 0
809 25
3817 20
8697 78
3895 24
9612 78
2277 77
6111 8
2321 9
8936 62
5936 48
9817 56
5641 2
3357 33
24 49
4239 17
6784 28
7014 72
5489 61
1479 68
8410 60
5455 0
9093 14
6465 9
610 78
5160 29
7553 37
1504 66
8149 73
3951 1
8021 16
7447 61
116 47
2032 68
5979 19
5794 16
8752 11
4537 74
5468 64
363 61
1421 50
6796 66
1060 33
1853 61
335 69
9466 51
2936 74
7859 55
3727 75
1118 48
4594 41
4905 55
4762 73
3443 34
8644 24
2325 9
208 59
6974 2
961 71
6110 13
3394 9
3376 78
347 52
2425 34
3624 53
9432 47
9674 4
4354 45
9610 9
4146 43
1714 73
3960 16
2690 28
4154 15
8389 43
760 22
9642 75
2809 51
6118 65
4442 34
1831 17
2694 24
4105 39
2430 69
2040 49
7788 26
2184 71
607 7
4270 72
3530 63
7105 2
7009 11
8437 14
8984 7
9984 54
4428 13
1425 67
1634 60
4083 71
4728 68
9340 68
329 49
1881 55
254 50
4012 5
6844 37
9431 48
5123 65
2184 5
2517 63
8296 54
1485 5
3911 47
9464 64
369 7
2148 46
6038 5
8804 54
6360 44
8138 68
362 69
6136 69
3015 7
6231 27
5828 6
6054 29
3482 69
5008 79
2939 57
8965 57
7525 59
1971 38
6485 41
4726 76
8866 75
8879 34
3583 13
3811 3
1702 13
4474 46
8524 67
2868 71
3169 40
8474 78
6175 4
8343 42
7228 8
7053 17
7912 5
3337 22
2176 55
1624 48
7791 17
9245 35
7236 22
1873 30
1946 17
4854 0
8682 66
402 23
5617 6
8291 71
1653 33
5006 51
542 43
2659 11
4472 4
6972 34
262 69
7536 26
9314 53
3553 14
8689 36
2829 12
6874 8
8969 30
2893 33
986 20
7258 27
8082 15
9177 32
5747 60
9425 39
6916 59
2934 61
8446 26
5892 46
5168 19
5740 48
8310 48
4492 29
2237 70
2998 43
1867 69
5490 57
3050 26
2427 72
2734 14
5577 35
5482 47
4358 13
4339 57
4507 22
9606 17
2201 57
7604 46
9551 69
2019 36
5680 54
6524 78
8616 63
9681 7
3397 23
322 54
3075 77
294 52
6493 9
7802 10
5431 32
2743 59
4236 67
1615 44
7906 21
6516 12
4697 55
2953 52
7751 66
9234 28
9543 64
6817 38
8646 8
4842 76
9289 36
2436 65
9523 33
7444 6
3212 34
551 12
7834 48
6614 17
2121 2
9488 57
742 37
5220 42
1969 9
3043 4
5328 56
102 11
4865 20
7059 35
1059 75
6064 70
6299 25
9104 68
4061 75
8274 72
5765 59
8627 51
4338 45
989 72
6466 53
9353 3
6184 2
3668 55
4734 59
6191 2
519 21
683 15
1338 62
7605 55
6128 57
2325 21
590 70
8088 37
6233 77
5436 72
1354 39
1632 7
7544 58
6172 65
2940 47
9772 20
8692 1
4989 68
4689 3
4659 26
9303 46
8193 75
634 55
4613 3
367 58
1285 47
5541 21
793 37
9376 2
2049 16
9083 34
5478 75
7064 19
4433 9
4417 14
3158 47
9895 15
6118 63
7008 66
5004 2
9941 38
6228 49
4902 1
8105 79
2023 16
6495 38
3595 9
9719 13
7354 79
9082 3
5372 65
9875 76
7289 0
4883 53
1677 10
4133 36
8459 40
5069 65
7862 0
7697 27
80 56
1035 24
225 56
7048 13
3174 42
2089 54
8040 65
5266 3
5636 67
3787 16
5202 37
8045 47
7964 65
1053 3
4550 70
1195 44
1041 29
3180 58
5534 19
5081 63
5585 8
371 38
3522 18
4755 42
1259 46
3871 53
5537 69
5105 38
2639 7
3955 45
2002 71
1136 38
5841 35
1471 63
3522 46
4680 24
9690 59
9303 6
1200 24
3906 52
3885 37
1234 39
9200 32
8569 45
2272 46
3180 65
1346 55
3361 29
1004 31
4674 12
4075 45
384 26
1461 42
1217 11
4128 55
6665 21
423 75
9092 44
4565 8
6123 8
1584 25
6037 4
8941 42
247 69
1095 20
3198 53
5484 19
8181 43
4516 54
1571 25
8688 35
648 18
9984 52
6684 22
4884 34
843 27
9424 44
3625 25
6350 36
8756 18
4369 38
7259 77
3448 70
9886 14
7714 5
8937 19
3543 0
2327 13
3535 21
4250 41
1843 50
204 42
6485 28
875 37
1596 25
9833 25
3475 42
7839 57
5707 73
9579 23
3707 59
5323 30
6534 49
7693 44
7373 49
9098 26
3082 76
177 42
3897 76
9454 28
890 28
9446 13
4592 20
8565 76
4202 15
5579 58
6211 10
7630 30
4044 44
9145 66
2902 45
5101 13
7092 68
9465 78
9836 48
93 49
2113 67
2061 50
5306 6
8291 43
9742 61
9239 27
9833 57
4722 6
6205 51
9932 35
8065 28
8007 6
1504 14
4655 25
6512 13
9340 25
897 0
7833 60
5161 39
4609 42
3634 8
6102 31
3864 25
6187 27
5089 28
2742 67
6662 34
2108 56
2487 29
9669 49
9335 55
3664 8
1119 8
9087 31
2283 56
4893 61
4993 18
8109 24
4944 48
5639 32
7154 9
6349 38
3568 4
1637 56
4381 23
8812 58
9632 64
570 18
3204 16
9998 79
9008 79
6184 71
9239 0
782 44
9476 50
6725 26
5003 79
5907 48
8837 69
8269 73
2515 14
7778 54
7461 79
6049 42
5300 10
9223 17
8342 31
5202 29
4889 38
4617 14
218 34
1646 45
3405 18
6540 54
393 25
199 64
1525 40
9828 27
1635 37
4314 68
2776 75
7332 7
6755 13
4604 66
9427 40
9351 66
5710 68
5483 61
1448 6
592 59
9240 5
470 65
2673 55
5198 11
3010 72
6434 22
9018 7
5600 7
2551 60
7792 75
1901 57
7712 76
9725 13
1453 77
558 63
2915 3
5943 29
8473 47
341 0
1990 60
3405 11
9756 2
7701 33
2762 36
79 33
7301 76
7758 31
5192 1
5132 48
5715 18
727 1
5572 50
5895 4
698 64
6445 72
8216 17
4622 19
912 60
33 63
3127 50
8434 63
1235 24
2498 13
9813 35
8783 1
4612 79
3169 15
1165 12
7984 14
6729 5
3018 1
8423 62
6259 3
8576 41
9297 20
9497 21
6003 58
6446 21
8633 22
9005 72
7720 69
456 9
2212 79
2895 37
5742 79
845 69
48 63
5200 55
1529 64
8764 77
9810 3
4278 18
2156 55
274 52
9887 47
8543 67
7425 47
4998 4
8869 51
96 2
9223 44
425 34
8322 8
5276 17
1316 77
5116 76
5814 66
6467 76
4216 57
8508 12
9724 29
6522 56
6122 4
8290 20
535 1
1585 54
1517 73
6801 17
8611 63
7830 14
1543 14
7026 73
8462 35
2091 54
558 69
2431 47
837 34
7811 59
2717 71
6799 60
211 43
1304 20
1754 57
7675 69
9008 8
569 20
6630 8
7983 25
3832 59
6277 38
5826 62
5245 1
7380 51
7710 64
7617 60
6913 48
289 6
7546 50
2740 0
2469 67
4885 38
4337 54
8919 30
2295 64
9515 46
7256 79
3290 8
3393 24
7615 4
8251 76
9852 72
2459 54
3251 22
8213 19
3507 66
7158 15
2315 15
750 24
8937 5
8358 33
5919 65
8270 21
4636 8
2469 22
6683 41
8945 49
3338 15
9689 64
1108 63
6986 44
2313 52
5719 76
3041 21
1526 46
3147 32
2920 17
1963 69
6145 13
567 50
4402 64
2959 38
9101 37
8425 35
7872 19
9673 53
4461 15
8733 10
2127 15
1329 61
9258 45
6832 35
5040 52
5991 49
5692 57
9853 56
7086 41
302 63
6176 75
2602 11
6835 50
8409 76
3933 34
3042 55
4213 28
3427 28
1974 23
9678 19
3703 45
2671 24
7611 31
6090 32
1605 22
7038 71
9931 23
7479 40
5872 18
9846 24
7898 72
2083 63
2267 6
8363 4
3368 66
2796 51
5634 65
6679 46
7460 50
8662 14
8235 59
1936 4
7882 62
3428 16
5942 71
3505 77
9206 5
8195 7
3222 2
3491 58
3676 1
9520 8
5197 51
6052 70
4978 6
5088 37
1067 75
2139 8
2808 66
8331 6
1137 4
7309 62
7679 13
4627 66
92 20
284 18
379 24
4507 37
7645 8
3394 70
3456 47
1308 25
6699 59
7037 41
9539 9
7159 15
780 78
7730 49
1890 68
1408 36
662 15
1738 79
3292 27
7085 31
6040 4
8843 0
2052 65
1702 47
4163 62
2005 73
8489 53
9905 14
3960 73
1039 40
2220 14
3978 2
4092 24
9501 7
2081 62
9247 57
1528 11
9316 74
6579 17
9204 10
2084 74
720 61
1614 60
6602 72
1030 8
8090 24
9593 0
8601 63
2537 18
3122 45
4490 6
5815 23
7788 48
7410 38
2727 34
8317 62
3390 33
3634 41
4629 17
7600 48
4371 64
7568 53
7578 61
7944 64
8580 19
8512 4
160 69
7076 29
1499 8
260 9
2504 7
6064 32
6193 7
7677 17
570 24
3526 42
6627 69
1680 51
725 72
4444 72
7184 45
3792 2
4076 49
2087 1
6966 22
8059 39
4125 54
4827 35
3289 34
1598 25
679 6
4166 43
5615 58
2460 22
2542 39
183 60
9722 4
8015 41
3031 45
5455 52
2542 31
7282 20
7778 34
5218 12
6248 19
7226 69
3986 45
767 6
8790 68
4711 18
1867 62
8217 47
1510 77
5186 30
2711 13
6373 60
3857 23
8806 68
4335 32
7165 78
5468 49
3281 24
3713 35
3027 16
146 23
1125 75
3048 31
3064 69
1422 12
5908 53
8874 69
7459 44
8844 1
756 75
4613 2
1532 62
636 30
7681 24
9195 75
6838 76
5153 70
7217 21
4513 15
1072 67
9182 5
76 34
7080 42
7936 73
1668 66
7316 76
7415 62
6283 63
2408 47
2408 39
7798 41
6787 46
7564 70
3177 3
3312 19
9370 28
5312 43
8285 57
9591 14
2444 54
4762 62
108 77
9196 22
7934 69
2919 40
5856 11
6024 33
2501 11
4249 26
1294 75
6398 30
4776 52
9759 35
4283 30
7738 55
2035 8
8206 9
2951 16
8761 48
140 5
9597 28
4004 54
5355 7
9256 38
1402 55
7714 63
540 52
697 48
9013 0
3470 21
5128 56
1882 65
2462 38
9178 11
1519 15
8130 18
3628 0
1731 61
2548 16
5088 20
4024 17
264 37
7953 57
4000 20
2410 24
3016 18
2064 5
661 8
1088 9
6013 0
9825 55
805 48
6974 55
8202 69
5731 78
6836 24
4690 12
2703 15
2095 33
449 66
5330 76
5888 56
8229 34
2405 15
7345 56
8336 4
6569 77
5498 68
1397 70
7156 64
2300 23
1690 70
3441 43
4032 50
8665 17
1617 49
1090 51
5462 77
240 51
8450 10
9695 5
584 11
6928 35
5154 66
8683 1
2833 3
4197 78
2921 67
695 35
1562 18
3093 75
9362 18
6556 63
6143 67
4301 77
9264 45
9657 52
6962 25
6530 63
5011 29
6043 60
3405 17
7651 23
9525 50
3370 71
5884 67
3244 21
194 59
3801 21
5076 48
6907 67
5792 61
6430 11
7716 50
8864 20
9599 41
51 42
8527 0
2890 38
67 40
862 29
3838 41
2271 50
875 64
4462 72
8851 6
3792 56
4916 14
5438 44
3696 26
1185 54
6600 74
3668 47
3826 51
2553 16
2000 56
2653 54
2303 40
8781 38
2327 67
2230 77
7060 74
4272 66
1289 34
4721 59
5908 37
6503 73
3664 69
233 33
6336 29
597 39
3611 7
5266 9
6823 51
4044 69
1108 11
138 24
1921 64
9674 5
5357 31
2595 14
7615 38
901 33
2609 30
3691 2
9028 4
8297 17
3037 55
4528 8
6883 48
8031 36
5515 73
215 77
5767 60
5559 19
3573 57
4226 39
3501 35
2764 35
8157 55
7883 55
4137 58
9748 33
9882 15
840 56
5442 66
9910 69
3446 19
8442 79
5179 34
3788 33
2664 35
3154 58
6119 78
6249 65
370 55
8404 67
5072 37
7552 75
2346 64
5581 60
943 12
7868 30
9620 29
3665 18
1391 37
3146 68
2972 33
4886 76
8355 45
6684 1
6887 47
5100 27
1875 55
5409 3
8519 49
7869 73
418 35
6555 2
2478 57
1801 76
5190 43
8786 63
545 24
7529 65
3729 66
194 22
8865 69
806 67
7855 37
2493 77
6872 67
869 3
317 75
4940 69
5694 78
5587 31
1832 23
8072 6
4114 43
2415 45
8965 66
3677 52
378 45
7054 14
3506 19
4136 62
3565 44
2684 77
8440 9
8045 75
6199 61
5955 16
8852 44
6843 77
7663 31
4909 51
5506 49
87 63
513 26
6528 1
4193 21
2799 8
4198 15
7328 13
1502 31
8085 8
1568 76
3119 66
8087 32
9463 8
9972 39
8900 56
9092 51
7732 44
9944 48
8308 32
9870 47
7939 33
9738 17
7602 52
2714 65
4728 32
743 63
5625 58
1660 69
312 43
2403 55
6725 32
1905 12
9065 29
201 67
2459 14
156 68
4577 76
1113 53
8117 73
4503 5
3192 8
5716 57
1766 44
9002 48
3814 11
5763 20
3834 62
7583 32
5630 8
1133 57
6902 48
9841 74
8677 77
9573 32
3333 30
1254 14
1463 3
4960 14
6302 43
7350 5
5394 58
5398 50
5747 71
9811 19
5673 16
7862 3
1546 42
6103 68
2812 41
7805 21
8392 39
4511 16
6913 37
979 35
3223 60
9029 8
4643 30
5366 19
1831 14
6961 8
9427 9
8080 23
9376 79
7154 21
5976 2
2066 24
6554 26
878 14
479 66
9610 43
1213 2
5373 45
1503 42
3505 45
855 24
1356 69
7632 39
7231 40
8545 52
9487 66
1089 46
9312 46
3604 9
791 62
3394 14
5543 26
8826 3
3768 24
7314 34
7091 4
1794 9
9289 12
2473 14
6157 27
2998 61
7596 32
9247 63
2186 10
2595 72
6813 66
3568 30
7482 5
8139 65
9743 29
4143 75
7876 27
1662 5
4154 18
2254 19
5025 3
7201 77
3842 49
9578 59
1582 0
8156 29
4409 63
2445 52
1126 15
1834 32
3775 47
7384 23
6644 70
8586 63
7644 44
3761 72
799 20
6312 73
306 10
8491 69
2400 5
5892 26
634 58
6233 6
8621 77
4519 38
8888 52
5061 76
3973 73
6167 44
918 28
6256 19
9414 35
4116 53
7625 63
803 33
2633 77
4495 19
8986 21
7065 71
7916 18
4324 37
8802 14
5148 77
5270 10
7739 31
2255 7
4744 71
5677 20
8490 20
1569 4
9758 36
4054 43
3469 30
7494 53
2256 27
9668 19
9802 33
5289 2
1174 30
5681 74
4090 77
7321 17
1713 40
6840 57
9388 43
7168 45
6832 32
992 19
2553 45
9723 45
9241 22
382 50
7613 79
2907 37
7939 35
6676 15
3165 74
9607 78
6559 26
4418 8
1186 77
2672 77
7256 59
3866 25
6179 20
4861 3
3381 60
7786 38
6593 19
6626 9
8671 16
4031 76
3726 73
5562 49
1912 34
7598 69
1781 64
3150 10
4258 24
9230 66
4381 24
197 42
1426 66
4584 65
9942 17
9478 67
5464 57
1218 38
6323 79
4636 64
3960 50
7473 35
7080 53
1327 38
4853 27
8754 34
2977 45
3703 6
9936 42
1292 71
6968 12
2032 71
1154 51
1027 48
8155 16
5115 62
8100 32
8698 22
143 51
4327 71
6928 40
25 44
1220 55
88 42
8375 10
6359 12
2437 9
5049 9
9733 17
9940 63
4227 0
3773 78
5430 31
8296 67
5705 76
1384 79
48 51
5212 20
1372 57
8520 44
8137 5
9633 5
4405 75
5045 61
9782 70
8649 5
7647 18
3408 53
4551 3
4993 77
5704 37
4803 3
6964 33
2067 14
9423 24
2768 30
1012 63
6765 53
4412 55
4043 38
1185 8
66 73
4649 10
1604 8
4227 0
9430 73
4356 33
309 24
6777 4
181 79
9320 39
5650 37
1497 76
9051 65
4562 17
145 42
117 27
8733 61
1908 62
4204 57
9257 11
1748 26
1631 70
5390 0
5121 66
5334 27
6240 60
2745 69
628 33
5297 12
133 61
4955 43
2571 1
2988 21
7004 64
5786 61
4547 6
5799 20
8376 69
191 48
3339 78
5450 37
2809 73
2508 66
5251 16
689 75
2749 62
8078 15
1978 31
8009 5
8018 4
7486 72
306 7
1309 44
8764 69
1661 11
5764 76
6207 65
4941 50
1954 32
8792 79
6626 17
8576 41
9054 8
9540 42
549 66
9428 48
1839 46
8609 17
2095 5
1284 8
3918 7
9660 0
3510 36
620 60
3521 67
9071 49
5460 2
9165 33
3695 59
3411 69
360 32
318 6
8632 51
14 56
8047 20
4896 19
6108 23
6436 79
370 17
2975 75
7987 15
9187 58
3030 3
8895 75
4195 60
5325 20
9080 33
960 58
8853 42
6271 64
8438 60
3750 73
6983 78
2343 75
5900 76
1121 2
160 72
2281 46
2446 23
5075 59
6807 31
9755 59
5814 43
4380 50
7503 41
9438 13
4233 1
1294 79
8567 2
3622 42
1880 42
9974 71
1688 1
6208 50
9833 19
6226 68
4306 24
3688 46
1223 66
4146 32
9813 19
5499 3
3312 40
6614 9
6535 69
7971 31
3014 14
4159 75
9243 64
5259 40
3481 26
7760 28
7657 43
487 34
430 41
2436 24
8415 43
4886 7
2610 20
683 58
2839 61
6783 30
8440 13
3544 5
2497 7
1270 38
9130 32
3191 4
2413 60
2818 25
6003 52
4860 48
8102 22
2265 44
3677 74
9068 71
1887 12
7373 43
87 42
3889 55
7435 43
4382 31
7083 58
648 19
146 15
1736 73
9753 72
8142 57
6853 73
9542 22
9893 29
5069 20
2648 39
2822 10
1775 58
3873 54
6840 49
5863 55
2857 59
1252 27
6173 39
9075 21
4610 24
6206 10
3871 70
3396 41
7112 1
4045 5
4866 66
4464 0
6194 15
8294 21
3504 43
5804 18
668 24
6971 48
9675 74
1262 65
566 41
3298 21
6558 2
1279 25
8047 59
1344 61
5891 49
7743 79
8429 32
4495 9
9524 78
9733 36
8378 52
1417 56
9595 10
6927 1
3359 30
8108 15
8165 33
1437 74
5898 30
8771 16
4276 40
1799 45
1040 46
5973 54
6769 46
4345 34
5270 4
4864 69
6095 44
1769 42
9312 12
8156 76
7545 39
6656 1
9082 31
2560 36
5065 74
832 77
4108 32
6112 47
2903 46
8399 14
2861 74
4805 11
9879 68
9812 78
6581 53
7770 79
4834 71
5696 33
6772 33
7791 27
3372 29
6545 3
3165 7
4864 25
2252 4
4901 78
6967 61
6556 0
245 23
6158 3
7298 64
5258 61
5561 39
9523 29
8703 56
1667 57
1792 20
9767 68
5768 73
2379 8
656 35
8949 69
9648 78
7811 6
7833 39
2958 44
8797 78
3727 57
2283 10
5238 43
7384 41
7978 4
9282 34
5240 2
9102 57
5082 63
8323 62
2124 7
5557 67
2174 65
854 72
560 29
5160 5
9457 56
7222 67
556 15
6647 71
3581 14
3294 28
2427 19
3081 60
7121 67
1415 27
6777 40
8172 32
4543 55
7590 48
6618 26
8909 41
1331 78
4592 72
7055 43
2107 7
5002 43
778 7
4225 41
9216 53
4762 56
8973 12
1042 77
442 24
8649 74
7637 50
1962 71
7780 61
2551 63
7603 11
7154 20
1628 76
4453 32
4544 53
3293 10
3404 9
7233 17
1243 7
81 24
6881 47
3279 78
7828 18
1261 57
7401 69
9689 46
5647 49
3519 15
9277 59
4900 1
8481 11
1523 41
4481 75
7353 19
675 14
4367 15
8512 74
5895 72
8483 19
2031 50
6954 54
4091 64
2501 46
3776 31
5627 39
1372 18
2372 29
3967 74
362 63
2275 66
144 54
6309 5
1341 28
9698 28
5429 27
8438 24
7080 51
3195 24
7874 38
1341 8
2540 20
7659 70
8676 63
155 50
9446 58
6678 65
5943 3
5483 62
8741 57
8087 14
3335 28
7115 30
4433 32
6300 11
8391 29
7366 14
9632 55
836 34
4730 36
7198 67
8028 15
1831 37
8494 73
2203 14
3722 22
5715 65
2748 11
5180 56
7403 66
2411 45
8749 71
4566 53
2558 19
6416 10
1149 50
8715 67
3473 35
8178 34
8908 59
9711 25
2944 71
5880 42
1095 76
9692 42
2224 28
1438 18
7573 8
3739 18
1889 60
4503 1
5590 76
6605 37
803 41
9057 75
9597 31
1030 68
4853 14
8746 29
5233 51
8816 57
2841 67
9567 61
4001 52
3248 23
7561 71
1830 60
117 69
737 45
6070 53
4765 21
6496 24
1767 34
9573 1
4816 45
2211 20
5996 55
5913 42
9081 50
5250 62
6962 10
4925 56
7948 46
3930 35
1498 15
2628 28
7256 19
6909 9
7088 70
7660 20
834 47
3151 51
7420 42
7995 6
741 23
2813 60
9889 46
7431 17
3651 60
8112 8
4983 15
5764 33
5693 75
49 24
6224 22
35 26
8834 70
9533 52
1424 37
9430 26
9039 14
7548 48
197 39
3018 56
9288 10
4163 73
2645 18
1828 73
2630 31
5290 7
1645 21
8941 55
2883 7
4744 43
3838 44
5174 42
6879 43
7074 31
7834 41
5042 49
7982 76
1376 74
4585 42
7802 39
6870 67
6787 11
515 24
6926 32
2635 6
618 43
8952 67
4417 59
6255 68
5722 78
5882 24
4253 79
5573 53
9082 63
4214 45
618 47
1644 60
1622 56
7151 17
7833 8
906 7
4001 74
3251 30
8717 64
8368 27
9463 47
8500 57
1134 54
7546 42
349 28
5471 46
654 54
8438 30
7986 34
9855 22
2734 20
5982 13
9376 42
7424 66
523 13
2925 21
7051 39
2105 46
4537 27
5358 14
9499 5
7166 17
4403 63
2993 29
2671 61
8727 73
5721 7
8953 61
7776 0
6919 66
6523 23
8934 21
2983 74
3723 45
3283 49
3403 70
8457 62
8381 26
4501 47
7453 76
721 45
1038 16
8869 53
8439 74
5496 49
7087 65
7154 50
1036 32
4584 11
8830 25
5701 77
9057 54
8486 27
8823 62
2074 57
4172 64
8582 6
2326 30
5493 19
1920 73
1179 63
8451 5
2008 48
5737 57
8253 48
9034 6
9980 2
7601 34
1819 63
7078 31
4862 2
432 76
497 60
7642 72
5146 4
9718 78
6881 47
250 2
6650 56
17 22
7241 60
8734 73
6131 4
4398 77
9713 32
2304 3
846 77
7398 37
2048 2
9094 32
5411 29
844 28
9155 5
2007 10
1672 59
9329 41
7504 18
4715 4
7235 56
935 27
3044 48
5331 77
7634 78
9488 79
5381 14
7206 12
4865 33
8876 8
7209 21
4956 50
6816 15
3740 22
8769 56
6885 45
7001 65
7554 2
903 52
7961 49
7857 57
641 29
9988 2
5921 46
9153 20
4411 54
2166 18
2518 63
2596 7
7701 51
1082 16
8780 22
2932 4
1126 36
3831 65
4327 3
1414 68
7250 69
998 68
1987 76
6663 59
6528 57
235 50
5927 36
9643 24
3711 2
7059 63
2874 5
2114 52
2564 70
9796 57
4116 55
2125 48
7503 24
2443 38
2166 73
7308 57
5562 23
5393 8
3108 52
804 69
5445 7
145 25
7242 77
4730 69
9800 75
1651 65
9949 66
1755 19
4794 29
5959 77
7988 41
398 67
3258 17
1811 39
7440 6
1468 35
2110 39
7553 35
4952 19
1254 12
8511 56
3649 77
6120 38
7433 48
9043 22
7125 77
6246 0
6635 44
2198 78
8882 36
9771 11
52 21
5432 6
2882 46
8968 57
6802 60
5134 1
7873 33
3066 9
4276 60
4765 55
8731 74
695 19
6611 8
8380 64
3405 52
8737 40
897 32
5778 56
9178 49
4034 5
2905 26
4475 41
7061 32
539 14
7750 58
8114 38
1768 24
6332 69
3923 76
5655 59
7536 73
7495 50
2060 6
1930 0
5912 79
4069 9
5355 73
5936 5
9992 16
7593 9
1803 63
6940 69
4356 10
8056 9
7957 59
7051 37
1232 72
2441 59
5015 14
5303 3
1147 60
3879 43
4730 30
1170 25
9612 35
6016 15
1413 78
5144 41
4721 22
1391 53
4462 10
7961 48
8376 53
7818 41
6596 57
3578 20
6546 75
5883 78
9323 11
8764 24
1051 15
3166 34
7752 27
1055 5
2111 63
1758 60
3129 44
901 48
1072 68
6002 47
4428 45
9284 41
4417 50
1140 38
2329 71
5112 7
7643 70
912 71
9411 11
4848 78
3337 8
8996 35
366 70
4271 74
3425 25
492 1
4087 30
5204 51
233 51
5406 40
6683 51
5971 42
4237 14
825 35
9327 49
9489 8
9352 6
4664 44
5910 75
616 2
2944 71
916 20
263 15
6305 73
2458 4
6328 22
4177 53
7381 68
9012 73
8625 41
7784 65
8054 70
5367 30
5592 77
911 15
7236 12
7749 68
7080 42
8070 20
4761 29
3106 71
4068 70
4862 17
435 42
6264 44
4890 61
5361 48
895 45
7313 50
2885 40
4646 55
1606 43
8801 67
9700 73
7342 34
6821 68
5590 17
9406 75
2257 58
656 15
6682 43
6021 35
2448 2
7621 48
2879 7
4011 51
3736 38
7574 68
9465 39
1833 36
7013 44
1691 17
5976 22
3699 72
498 20
2816 9
8017 58
9449 48
5044 58
2078 5
6801 33
5591 49
5240 48
2124 43
7489 37
7995 14
3052 38
2254 73
7279 26
6803 52
1455 4
357 73
6417 76
4297 54
796 28
5806 78
4953 20
4022 6
8064 10
7149 3
7499 34
3991 46
1234 69
979 64
8748 33
7438 32
5894 77
252 6
7136 23
5763 11
8149 44
9255 63
8464 4
3124 23
8767 55
3897 33
67 16
2333 53
9726 44
9755 10
7693 63
6200 49
1491 4
4055 34
5340 30
791 18
6821 47
4642 30
8720 68
2226 54
2515 76
5576 8
5546 68
5203 24
251 16
2315 26
2044 23
8407 44
3249 59
1230 34
1035 36
51 15
9800 73
3899 76
4542 10
2350 57
1589 12
7373 14
2899 50
4603 76
6393 20
8428 36
6040 31
1187 20
9765 57
239 42
418 63
2794 38
4010 29
4094 32
1265 56
735 67
3290 60
7255 69
3790 30
537 35
2081 45
3353 78
4492 25
2988 76
5056 16
1916 13
1862 65
6435 43
6741 79
8448 76
6235 68
811 24
6915 79
4723 17
9589 59
626 67
3534 78
6966 42
8078 59
4744 26
4077 36
3769 0
2560 15
2741 67
2836 3
4819 21
6709 16
7348 12
9113 73
4031 39
481 47
6688 47
3469 59
2828 45
9887 23
3959 50
9125 25
3398 6
3980 61
3936 16
2389 78
4534 63
4678 1
1294 35
4645 47
4291 27
3794 61
2237 60
1948 41
2247 42
2411 66
8359 22
443 52
4929 4
2729 47
4402 56
6028 52
5523 61
8908 12
1867 49
3370 4
1432 0
8125 8
7451 28
6305 11
3531 6
5283 0
1399 60
6619 73
8805 14
1301 73
5462 62
5980 24
4219 20
5931 19
8351 59
8462 61
1231 76
3521 6
8231 52
8808 37
4095 37
4547 21
9978 22
2933 10
6179 72
8413 15
8352 38
8944 46
4927 55
2487 43
726 52
4012 45
5276 48
3764 57
7470 9
732 28
966 10
8932 53
2947 58
2600 30
2928 5
5554 69
7175 68
6840 59
1111 75
6412 23
3660 0
1209 24
7997 67
7899 38
4083 14
8905 52
3587 74
5064 4
4982 75
1775 54
1997 25
9449 79
4718 61
5127 2
1507 36
4745 61
2008 35
3896 35
5550 39
2784 49
585 23
7103 47
1858 25
1262 38
748 61
5372 8
628 42
2830 0
3019 51
5897 23
809 6
8179 16
172 1
122 65
5267 17
2784 46
2091 56
4654 4
8610 74
2875 46
8601 52
2907 40
1166 74
9531 14
5765 28
1136 79
8336 20
9575 4
2965 30
8819 7
6964 68
2082 33
2286 37
6718 36
8856 2
8350 18
2501 5
983 56
5167 14
4226 59
130 11
2325 13
715 3
1985 76
6678 63
904 56
8475 37
6219 30
5056 3
214 5
868 68
9434 4
9776 2
2125 15
1085 9
4910 60
6269 4
8145 22
1523 38
2818 13
563 38
1818 40
2544 24
2578 9
4107 20
4567 11
1931 70
8441 26
7619 33
8100 30
2662 48
6849 70
4666 11
2686 77
3367 2
8603 28
4338 9
5336 60
1613 64
8510 53
2475 14
206 24
7477 74
2806 22
5434 5
3334 27
4009 71
7198 43
67 4
5487 7
5849 59
1144 75
3467 43
3572 71
6058 66
1 56
3703 4
9277 67
1765 36
1975 13
9067 50
3815 10
8036 65
9998 64
661 4
6780 71
3874 68
1097 15
2031 48
1900 46
889 2
1639 36
8165 74
8290 77
864 73
9484 67
8813 12
332 29
2654 51
1853 57
8042 61
3540 33
8175 34
4533 12
6540 29
6418 52
70 3
6616 47
37 52
8233 76
364 29
8383 44
1893 72
2469 27
8175 17
3798 9
317 21
2835 74
1948 73
94 54
508 68
6833 29
9315 42
6964 43
4094 7
349 68
9056 52
4003 12
1369 72
5842 37
8308 62
2781 6
9150 15
4393 53
2856 12
9111 49
3625 43
9792 14
5991 43
8054 61
7410 5
1984 71
500 33
2164 7
7945 2
2253 65
9183 63
3003 19
2070 63
5219 54
2224 32
11 49
6961 53
805 58
9578 57
3848 25
5626 36
6506 28
1626 25
9970 17
5047 73
928 51
4062 40
6360 19
8686 41
5525 50
3279 25
5672 9
4917 5
5534 6
9251 25
5322 51
9863 55
4895 52
266 32
2050 45
3108 49
1661 14
1907 12
2754 60
1674 50
9352 29
8663 75
2473 79
6292 2
7593 5
1506 47
8141 63
9304 2
5615 53
774 25
5714 17
4988 78
1651 6
7382 16
4748 48
2180 44
8606 73
6490 41
1728 53
30 61
2541 59
2239 30
1347 1
8080 57
1940 3
8572 9
6297 63
3319 4
8460 32
3145 24
5264 68
7889 29
8620 28
7248 7
1228 17
2228 27
1550 61
3636 75
1610 77
5733 0
8066 17
1221 51
7698 28
9424 72
7188 31
965 71
8035 13
4464 56
3458 26
6599 58
4487 5
1421 65
2860 63
1836 74
5359 38
4077 76
4315 35
5236 60
4730 77
2083 76
6935 39
2477 18
9525 77
9108 65
1158 6
4846 70
6358 38
8878 1
8655 19
8316 46
2787 34
2889 79
4228 78
4184 72
6953 4
6846 54
7794 61
5600 45
9926 57
7525 12
2392 52
2791 79
6356 24
330 33
8722 31
3151 76
8144 3
9403 31
7586 69
9356 74
640 38
7792 9
2906 4
3753 59
4042 37
6666 78
1730 25
4274 24
500 63
5808 52
3193 55
2481 40
4022 31
8723 79
6975 60
9633 72
8540 7
4599 9
5279 33
7065 49
5432 52
4032 9
7559 56
3013 6
2384 79
8903 47
9422 14
1019 21
1392 40
3788 67
5450 56
6525 35
4637 43
2031 59
1760 71
6384 66
8914 44
5933 19
8797 6
291 13
3334 28
9307 20
3260 24
1952 56
5225 51
8426 15
1997 28
2641 50
3519 53
10 49
3350 43
5036 20
5763 48
9139 63
5571 6
4362 64
7052 9
3770 24
7556 26
3439 36
3226 52
8876 72
750 13
81 39
8420 59
5593 33
5842 48
4462 8
4104 3
6744 17
4031 44
4372 20
3848 28
5092 16
7729 7
3016 63
1195 31
8899 32
9525 46
6432 39
4452 0
3950 45
469 10
2352 53
5732 11
1647 29
8806 45
8075 13
2014 72
535 47
7209 20
1776 74
9936 72
1843 45
4265 4
5441 5
4669 55
1760 75
6451 14
3581 61
2816 10
5279 23
3834 12
9909 46
2461 0
6184 41
4645 3
7514 44
7728 35
7820 66
4366 66
1615 22
9752 37
9083 46
1483 63
3134 53
2097 53
9757 52
9746 14
7028 44
505 9
226 2
2053 11
4998 7
9639 51
5748 19
1784 12
7401 62
