100
10000
5849 52
8843 37
2443 20
7302 76
211 44
4198 5
5641 62
6795 39
7703 20
4689 23
4077 28
1144 11
8446 20
5254 29
4360 30
6281 24
7844 32
8951 34
8416 10
1664 37
6922 53
3672 43
8330 37
249 70
8572 10
2240 74
9640 25
8358 24
5736 50
9731 55
700 46
9547 49
7557 54
5271 23
5963 51
2003 18
3245 45
9284 40
9116 66
6303 70
105 22
1388 48
8343 65
9992 18
1001 26
9390 50
7055 46
9292 21
5757 76
5802 74
7007 16
7801 23
2683 26
1570 30
2641 42
4054 27
4554 11
6362 13
7885 41
5727 78
3755 16
5634 1
6234 50
5513 7
6683 5
6925 30
2506 39
7853 7
8809 46
2123 18
5129 65
3891 24
4267 60
986 37
942 68
6827 32
9332 56
2907 72
96 63
9348 45
7165 4
127 55
5899 27
5304 71
3881 63
6133 57
3953 25
7444 66
1828 15
4128 76
1539 71
9581 27
9440 38
2694 11
3987 57
8414 24
6927 79
6963 42
6302 1
8064 43
7828 47
8580 54
9245 57
5859 13
7640 6
2764 71
9507 36
322 20
6130 61
7379 78
3656 35
9170 63
3655 8
7200 25
7533 12
8639 54
2161 51
7539 76
6317 34
717 28
475 22
7034 24
9567 18
3879 31
5789 51
8968 38
1741 65
8768 52
7660 36
4681 42
3791 32
4595 77
8434 15
9048 17
9041 10
7458 68
9693 4
4437 37
573 18
7345 63
9698 75
5575 38
5158 40
9703 12
231 71
4284 16
2692 18
5260 20
7957 23
1179 57
5121 52
2044 41
6711 2
9748 33
9964 26
4115 9
7782 72
8533 49
5746 27
763 58
8987 69
4971 15
6535 38
3823 62
5543 15
8087 22
2323 69
1107 62
7625 37
911 32
2563 30
5826 16
1011 31
5697 61
8124 78
5034 67
7935 34
303 27
9403 46
7246 0
5532 27
1179 78
772 32
8007 56
1410 49
2743 22
1388 65
5148 26
3319 69
4857 13
814 6
9969 43
3511 66
6067 40
4521 32
5237 77
7674 79
2345 3
1528 10
4477 75
9783 25
8196 7
1824 71
5392 41
2190 44
1755 22
2990 54
828 70
7916 73
9048 74
9604 32
7049 10
7360 14
2214 43
2237 70
6064 74
3725 19
2186 24
3568 69
7808 49
4000 41
5059 74
1334 67
9348 55
2693 43
5053 6
8791 33
3154 27
7314 30
2576 9
646 72
3178 58
4252 50
2957 43
5909 46
6274 71
2772 32
7520 31
425 48
5795 34
4837 27
672 31
7250 7
6258 20
9949 33
5403 33
3102 21
6941 46
7248 73
8120 38
812 55
1186 15
3694 21
2501 23
8484 34
1997 61
487 79
4306 40
1354 71
944 8
3788 28
3940 7
9336 16
5961 76
7813 30
9307 76
390 3
3398 29
3722 27
3519 40
5591 60
5162 74
4895 73
2000 56
1534 68
9470 76
4273 36
6166 32
7484 78
9992 22
751 3
402 33
6370 6
8447 36
4855 56
249 53
970 2
3193 46
2572 78
4629 64
5953 3
1962 67
4408 43
7729 63
3805 2
5032 16
3741 13
5477 10
3441 21
8167 73
2907 79
4369 18
3269 25
270 76
6862 18
8309 69
3695 7
8593 18
1878 22
4585 71
3718 65
3212 63
889 16
9239 73
908 35
6247 47
7880 67
4457 4
2507 36
1279 25
6035 10
7744 60
1932 68
8234 61
6558 41
3534 30
6458 29
8874 55
1554 48
3491 4
4520 52
7015 11
1993 42
4471 45
2401 23
2837 9
9312 56
5457 39
5778 31
680 24
5026 40
3536 55
2637 13
3622 60
6397 65
5605 29
321 61
6583 49
8727 22
202 51
3869 55
6320 47
7312 32
1800 44
7377 27
5342 6
5958 54
8597 7
6493 2
4944 17
9271 55
4534 26
8670 66
6641 21
9033 44
7727 73
6756 56
6425 32
9284 40
1931 78
3994 61
5106 12
3602 9
6684 48
2057 2
7511 43
3672 6
477 14
4993 38
9093 74
6969 48
6166 67
4325 45
2289 48
6323 67
1481 17
7440 8
5067 77
51 20
9699 39
9839 33
117 45
1868 2
3093 61
5991 77
7528 52
7747 70
6107 21
9692 74
7253 18
6635 5
4937 25
9338 48
104 14
7114 10
9497 49
1101 34
1110 12
177 78
1287 28
2592 75
7941 57
7880 34
2339 35
6051 19
4923 27
9953 33
9060 59
9862 42
1571 35
8635 65
7544 49
1051 25
8915 76
6412 16
8369 45
7799 5
1045 59
9817 40
1741 2
9347 29
9616 14
7161 77
588 10
7006 25
9661 15
6574 75
4357 59
722 43
1613 16
7142 58
7214 6
2348 47
3824 47
6026 12
5994 4
6879 28
7871 17
7489 59
2140 41
5664 66
2744 23
2796 13
9931 67
7194 43
5264 14
6053 49
8703 10
9496 76
5846 40
1290 1
7858 79
6789 66
9076 6
6162 32
3431 14
1469 8
2427 15
8872 59
2363 46
9900 45
7067 55
2688 26
5916 77
7061 64
8490 75
3391 29
1769 22
9730 38
9763 17
9637 16
7574 28
5459 63
9265 10
5249 73
3782 14
3700 6
4666 34
1211 55
5864 51
8593 47
7347 28
7246 34
1672 61
1997 57
5503 71
5518 47
3196 71
4586 76
2054 13
519 43
2908 73
5374 9
3442 49
4808 29
3789 0
3936 79
5448 46
2182 54
3177 72
8748 65
9559 44
9495 49
1082 52
1451 34
8322 60
9552 69
8588 65
1136 11
4656 9
1187 0
8687 57
3618 17
9662 54
1082 43
9781 27
7041 18
8643 4
6458 42
1441 53
6736 54
6332 43
1741 75
6275 76
1221 79
6881 61
5793 20
4563 64
8446 43
2110 56
5326 22
821 27
7444 79
8084 2
6542 62
7214 32
4023 27
9793 13
4923 16
4990 46
1839 26
3538 66
2470 76
4483 11
8190 16
48 55
6297 11
6593 59
709 44
1952 11
4272 1
3831 56
5714 53
6235 54
7847 74
328 57
6784 15
6320 28
747 14
8779 77
9134 21
3376 72
8485 30
2608 46
8782 13
3662 50
1056 54
1843 1
1360 57
6518 59
3067 11
96 66
2237 18
1623 14
6396 44
3971 58
213 29
7449 15
7080 3
4184 58
5125 7
1036 45
279 67
6510 15
5489 42
2168 16
3613 9
5991 78
7555 56
5450 61
2802 28
5261 54
6438 12
9325 79
1345 14
4336 51
3034 46
9690 77
4150 74
7672 70
7344 45
7596 25
116 6
2099 16
7101 4
4998 61
8246 64
6645 22
2492 7
8251 13
7211 67
6262 59
8012 21
3030 9
3665 49
748 43
5891 21
9567 57
5934 23
9986 75
3887 11
9289 65
6103 46
871 76
9360 65
2751 61
8831 37
2788 23
3409 64
6327 19
8233 10
9096 33
3042 23
2622 5
1089 64
1644 5
9496 16
155 14
2530 56
9661 78
5384 15
7194 2
4599 58
404 44
8519 36
8993 32
3167 58
4848 27
5330 38
5433 1
9012 5
3758 34
7419 55
3271 72
3393 19
8539 79
1926 4
1308 17
3202 36
8689 45
6280 20
2015 51
4171 5
5336 15
636 54
1020 16
7871 10
8819 20
5825 53
3289 50
6038 67
6087 35
7130 21
2327 77
6745 25
8563 62
1848 68
6165 65
6028 47
3258 16
4940 28
9975 23
7291 3
9090 33
1086 45
1107 33
1367 76
8887 46
2721 53
5847 12
8136 75
603 51
4439 9
2794 78
6202 60
6094 3
964 43
2321 58
1300 68
8476 43
3400 4
474 72
7592 18
7741 4
456 56
1977 31
3974 63
1180 32
7969 38
1153 14
2056 64
855 74
6837 23
771 12
4023 64
9915 72
9493 61
3086 29
7470 40
4299 10
6388 67
189 77
5858 41
8666 10
1787 0
7786 36
8309 46
732 59
1407 53
1047 50
4179 13
3267 27
7361 60
6673 18
9798 4
2651 51
8444 25
8400 8
5693 61
55 19
3368 58
6139 20
2291 76
1258 8
1146 56
9944 15
4496 77
8214 24
9726 38
2648 27
1296 72
9747 50
8137 14
4990 5
941 63
4535 17
8453 41
4549 52
6261 12
6292 7
2631 5
7772 8
9911 21
8171 3
1633 78
7777 13
90 74
7105 29
7687 55
799 56
1252 3
2180 55
7384 48
9705 38
190 68
328 11
1371 79
4377 49
136 42
3446 17
4096 41
5969 12
8503 76
6086 39
9190 24
6730 4
3477 44
2245 57
3625 35
6932 63
6857 6
2226 72
7272 27
8466 46
1562 30
7490 21
4542 42
7756 28
3278 19
7064 69
4446 3
5012 46
8566 0
8152 43
6332 23
2243 2
2664 39
8433 51
640 76
3674 34
1955 70
6083 18
6984 21
5658 32
5096 52
3243 57
8414 79
6042 73
3168 34
4189 49
7777 47
8061 4
764 75
9708 14
2721 22
7932 34
8679 22
2257 14
3728 31
7810 77
4460 17
3094 41
171 61
489 58
9447 53
3624 0
4302 15
7562 73
4144 54
6828 63
8370 62
1164 65
7596 66
7828 60
6811 11
6391 54
6875 15
2717 55
647 3
2229 5
8533 46
4871 58
7883 76
8988 36
461 28
314 57
6926 7
4691 4
8171 61
9090 17
1484 30
4317 32
3372 17
7312 73
7377 21
9193 13
2182 49
3260 53
1238 58
688 26
4735 1
7042 32
8375 38
2657 15
9754 29
5941 31
3665 75
1485 63
9765 77
6824 50
702 53
812 24
3887 51
8746 4
6195 60
4038 47
6461 57
6132 40
894 14
4130 53
1411 21
4164 59
8362 22
862 71
7583 54
9113 39
9127 74
4947 7
9228 6
5065 27
4529 38
5505 70
7166 55
4882 21
6834 51
3493 12
7169 24
4246 26
6806 36
6723 11
8476 79
3057 42
9319 21
4088 65
1991 47
3177 47
2060 76
8677 4
8713 65
9231 76
6362 26
8924 69
2727 59
9172 15
2980 25
4883 64
2387 62
4999 1
6767 60
8376 24
5848 33
9881 2
3130 67
4930 29
2063 25
9029 15
4349 22
1252 23
8586 19
1919 78
3599 23
325 9
5529 5
5134 30
9551 35
1050 49
3912 2
5994 10
428 15
904 20
3607 53
6235 20
4342 28
7730 4
2566 50
9261 43
9581 68
5754 59
546 42
3001 7
8048 28
7050 31
7007 53
3342 57
3112 51
6185 46
9358 71
2674 46
7873 15
2010 16
3474 77
1621 27
2548 68
2303 26
6471 47
3974 63
5079 78
5066 71
4559 13
2411 21
7615 19
3066 62
6670 36
4907 33
924 67
6895 33
4682 72
8709 32
5468 10
9050 57
7716 25
137 10
9899 74
2800 29
1546 16
4572 49
988 51
6500 74
2778 64
4481 17
4067 61
2262 9
1512 71
9068 48
4609 42
9967 61
7601 76
45 28
2641 70
1933 68
7564 48
1283 66
9020 72
4049 19
375 31
3191 67
4016 0
1532 45
7434 62
5972 45
9354 73
171 26
9322 28
8136 42
5752 6
7899 1
3540 34
8941 58
6892 22
1277 64
1529 21
7341 57
5176 17
4382 64
5682 33
4054 29
9100 74
5427 35
6727 13
3540 71
9566 13
8347 24
7378 27
3319 30
939 16
5555 35
3947 70
6582 25
2032 67
4851 71
2836 67
1745 4
8005 1
1481 30
7271 18
4343 22
8033 47
1090 28
5685 77
5972 67
1863 74
3740 65
4507 53
5900 6
21 11
926 54
975 10
9224 36
2645 19
1368 28
4275 17
8603 29
8573 17
3403 34
2851 61
6554 76
6977 40
2991 46
1966 72
4294 68
5089 43
7939 0
2318 56
3718 2
6963 20
3061 68
7619 13
320 15
8936 22
307 62
9357 31
6041 45
7060 16
5474 77
1191 66
835 71
8573 26
7709 58
349 35
9796 51
1694 6
4602 56
4327 25
3724 33
6093 66
5203 19
5367 54
93 10
2745 19
4625 3
727 70
6340 35
7652 41
3555 55
1830 61
3343 58
3235 32
5891 76
1246 10
1960 37
4214 10
8994 70
7709 8
5922 71
265 7
8960 67
1389 57
1924 13
5825 14
2074 77
2147 11
3133 10
8014 67
4222 54
2861 21
9404 17
6273 49
3144 74
1644 56
8794 57
1484 63
109 50
283 63
6822 39
5272 29
8780 46
4710 17
9797 57
9971 37
222 40
723 12
2047 71
7899 76
8040 37
2857 25
9946 3
3795 16
5228 4
5340 29
8370 23
2414 25
2010 14
2099 3
6591 59
5682 74
9610 6
3749 52
2520 45
8518 14
6899 41
8980 33
9896 24
7457 77
3078 28
5278 21
5476 64
8521 38
2275 2
6006 5
2792 34
8360 52
7466 69
3875 65
3250 70
569 60
3383 10
5016 66
1085 14
9135 10
9274 64
4255 28
6335 6
7187 57
8875 46
3109 27
1054 68
4762 25
2546 73
7278 71
533 6
698 8
6335 61
4609 17
7984 40
9713 76
4641 33
7777 5
4910 61
3692 37
1384 70
6639 8
2078 51
6777 13
9867 22
4096 26
9382 50
9596 9
9818 70
8901 3
7640 75
400 23
6414 54
4877 6
6380 74
3879 79
3140 77
3305 66
9060 53
3273 51
7592 31
9040 13
2973 60
9059 1
776 41
2812 42
4493 25
4180 29
1525 33
469 66
2949 15
692 57
2274 72
1170 12
4714 77
1372 31
7928 41
3620 70
4440 10
9788 68
4651 9
6813 11
890 40
6071 68
5332 39
3976 12
1786 50
1298 10
2075 27
6613 25
6473 63
6398 54
247 72
3986 40
9605 79
9066 70
3887 11
3476 25
3467 26
8214 64
3512 27
2379 10
9076 38
1867 4
7323 25
3266 30
3782 63
2844 28
2958 79
1471 38
4655 15
4941 76
4379 66
4251 10
3638 53
7439 36
2562 34
6871 30
8880 47
5537 59
9446 39
4769 0
4565 18
2411 35
6534 35
7680 37
3214 46
6098 26
8481 36
516 17
5023 44
2418 36
7634 32
2358 46
1245 33
1767 3
2889 8
1093 33
4358 58
1502 65
1620 7
8597 42
5158 48
5589 50
5466 34
2207 1
2322 51
625 21
3735 56
1637 28
4061 33
7799 33
8742 17
5514 38
7217 13
8441 42
6699 33
1662 39
1720 73
248 58
8522 67
9125 32
7147 63
5465 58
4819 63
6092 61
1014 33
5181 73
2738 22
3065 3
5106 62
7990 64
9274 34
8699 65
2825 62
5030 22
4980 9
7237 32
4776 2
7383 56
941 25
9492 21
3835 55
2641 29
5753 10
5400 76
1150 1
9838 58
7677 33
3404 44
6500 66
9896 73
3641 57
245 55
1538 2
3551 33
4873 9
5128 56
4829 22
1359 68
5021 67
1371 4
1878 58
9133 25
7405 48
9416 60
2147 41
5774 55
1085 22
2469 55
4705 34
3691 44
2105 4
8721 10
2126 33
1340 31
1005 18
2445 33
234 78
6739 19
743 4
1382 68
7398 39
474 37
8261 5
8606 37
1442 54
2843 27
8664 78
8343 30
9950 47
8096 36
4413 46
8005 70
1172 63
7876 60
2495 48
8683 26
6776 64
5280 70
6049 10
8452 69
247 34
5574 2
8132 26
9022 42
4778 65
6187 38
1035 9
4479 6
9674 67
9976 23
9514 73
5319 33
241 8
8821 15
9004 25
7990 27
4620 58
1302 53
1242 45
3350 0
8099 12
9402 10
1961 56
1181 6
282 61
3088 56
2666 51
6708 76
3537 68
7949 51
3857 69
3882 59
6067 34
572 9
2000 59
4126 70
7654 37
9384 52
5297 46
7337 43
6376 65
1096 4
2580 50
470 64
7382 70
1156 6
2507 2
6899 25
4065 15
7180 66
2723 71
8246 30
5855 47
885 22
4852 0
6893 71
3135 67
6047 14
1017 73
8381 18
4757 52
1650 45
6101 22
415 56
4296 20
4363 51
1939 54
7948 14
1928 78
8637 38
3479 2
2918 47
7581 8
1148 58
4944 77
9154 36
9697 65
5065 43
8869 3
9349 62
4916 21
3213 16
3780 59
4823 72
8583 22
6623 24
4967 7
9793 39
9139 66
6859 13
4129 1
9206 11
5724 33
5751 37
6709 13
2088 29
1089 54
3017 77
9236 28
666 33
9811 43
3178 62
1104 36
5006 67
6775 55
9910 59
9863 58
2170 75
2659 57
8262 78
8692 74
8678 75
2811 43
2241 15
992 59
9022 29
550 65
8510 63
9940 29
5551 7
3481 73
3828 54
3538 44
2164 56
1999 59
4775 43
7555 60
1430 58
6259 8
5665 42
625 76
4069 16
2222 13
142 12
1317 69
779 39
7860 14
3386 36
14 10
7947 54
7528 45
7701 30
4142 8
4953 15
4752 2
9527 49
9960 52
8095 77
9637 34
9174 43
422 1
7257 38
2024 9
4326 25
9773 57
2353 41
812 50
6142 62
7141 17
8095 78
2725 28
2290 24
7378 23
3680 10
6877 35
308 32
9693 5
1091 10
9199 15
4319 24
9600 29
6336 4
328 61
6462 60
9946 44
5326 11
3505 57
3929 68
6195 73
7107 10
3002 6
8434 30
4013 52
2254 53
7138 66
6041 53
7792 25
3568 13
3921 53
9360 62
8071 12
8928 74
8512 63
4020 24
3244 45
3325 48
431 31
1090 41
9981 51
1696 76
6488 72
7318 21
3164 18
6973 54
1727 43
1571 24
8420 23
6979 47
7669 66
7831 8
7443 72
2140 34
4157 16
4360 6
8571 22
4074 4
4972 3
7558 11
5985 76
8475 21
1895 68
9311 45
5962 47
8967 14
155 4
134 9
654 29
9620 50
7355 30
5664 24
6536 0
8564 15
2844 25
1248 44
3725 42
688 76
474 21
5347 33
5421 56
9858 74
1621 10
5442 62
5361 1
5495 21
8346 78
7 3
2770 38
8983 34
1003 13
1980 75
9800 1
733 48
2498 48
6732 57
7198 24
4394 41
4418 73
725 76
3629 72
8913 31
9197 67
4665 76
7685 76
400 17
2470 4
5641 12
7132 5
7086 69
7244 75
341 24
5156 0
7747 61
42 52
5609 70
3892 22
1784 52
5175 17
3690 54
2777 53
6629 64
6008 32
4628 36
3639 73
1713 47
2603 73
717 18
3377 55
4326 28
1981 31
2911 48
5858 14
7820 24
4762 28
7677 54
5291 54
7911 19
3114 70
3883 54
3092 18
3074 34
5695 47
5147 12
2693 63
780 72
1814 78
9316 63
146 52
7081 63
3180 24
8598 15
9935 2
8950 13
2404 59
6378 39
8934 68
1327 34
4204 63
7896 74
8785 77
2470 6
6784 21
9551 71
4388 78
2537 29
152 73
6235 54
9409 14
3965 4
5784 50
420 10
8206 18
1739 19
3942 14
3803 62
9553 69
1484 58
2187 40
1212 10
9892 30
4222 54
6418 68
1766 78
9826 46
2123 26
9933 63
5322 51
3170 49
7122 72
1872 65
2565 46
7215 42
1790 24
7343 44
989 14
2677 41
3837 29
7660 28
4022 27
4969 6
475 37
7990 6
4727 71
1474 52
6406 55
4310 59
9794 30
3346 1
4918 68
4289 52
5231 39
4494 66
4842 8
5089 69
6573 34
9659 25
7848 71
5460 43
7216 41
5586 65
2729 66
4803 32
8748 1
1814 61
5375 2
3721 68
9810 8
2478 46
6672 25
5526 51
2742 38
4063 60
5672 37
9003 51
9315 30
8118 25
8739 62
4535 68
5681 27
6238 19
8169 53
6830 16
4831 69
5601 65
1282 37
8158 10
2506 60
778 2
834 68
3111 48
536 9
5402 19
8260 16
1905 43
4278 33
5854 71
1897 3
4377 76
4967 67
9768 62
4883 16
2359 46
7854 6
8668 1
3887 6
5978 24
9737 30
7460 17
7252 58
1465 26
5802 54
129 77
4948 30
3250 44
6236 53
1296 58
435 47
5853 36
6353 43
8934 10
6126 48
5367 14
5112 34
9903 56
624 1
2547 3
5230 31
5464 56
2013 28
3935 5
8902 32
1107 25
9501 20
6107 30
3665 45
8478 68
8344 37
6831 70
8136 40
8045 59
8855 9
4634 44
1440 15
1162 61
6380 79
208 9
7885 39
9994 46
5935 3
1999 18
110 48
6012 65
7379 75
6664 68
75 69
8704 32
1545 6
2945 40
9217 26
8028 31
6706 44
2907 14
4557 62
6670 78
6339 34
4528 3
5100 8
2826 70
6997 5
2983 45
7712 60
8962 8
763 44
7594 75
1656 5
5690 3
7480 23
1186 71
4467 58
3716 61
4377 20
5723 37
9291 10
7917 54
240 22
518 67
3783 49
5787 42
2346 78
9288 9
2201 51
3616 45
6060 36
9421 24
8034 30
4242 46
5087 13
4439 61
3586 26
7730 6
6111 52
4041 28
3392 25
7855 24
735 50
2276 38
3998 73
4006 0
2393 55
5274 70
5575 46
4861 6
7222 64
9332 45
39 43
8166 42
4563 65
9174 75
3631 40
2984 55
9087 10
6489 71
3070 26
2589 49
1558 20
2902 51
3227 31
6206 25
4020 67
7153 59
4362 17
2281 37
6888 3
4495 52
6011 32
1445 10
1360 76
9532 63
871 42
250 36
80 47
485 69
8954 21
3433 42
973 8
3967 57
3486 16
2339 12
1759 12
1527 43
6777 23
1213 38
7063 42
7358 50
4416 14
9915 13
6147 76
8670 62
3698 19
4832 46
1973 20
1187 29
9987 29
4385 19
9844 49
3939 52
101 65
4337 47
7925 57
2706 51
1540 9
2187 47
5104 78
8070 52
4690 77
9868 56
6195 59
5616 74
9980 76
7192 30
6722 6
5137 52
8078 65
10 41
9386 77
62 73
4238 16
8313 62
2086 59
7170 26
6005 7
3228 78
5428 33
3733 69
538 0
4780 16
2221 79
1392 78
8865 75
5588 71
7157 58
549 69
9295 70
3497 32
7773 37
9801 52
9757 22
1463 34
2162 74
7890 0
6331 45
9078 61
3877 48
4944 5
7940 52
5889 77
2789 68
5423 12
2751 63
190 39
8125 33
3029 39
9717 78
7736 40
8111 74
6252 33
5808 24
7240 11
6828 44
7894 63
1177 31
958 49
635 79
3163 51
5320 0
1169 55
2551 19
7250 21
6160 66
3903 37
3498 53
412 10
822 4
4352 44
6740 73
4493 47
7371 64
1078 69
6994 79
9919 45
3809 60
9993 38
2318 0
1400 52
3113 6
8610 61
3613 63
6231 1
3140 53
2879 52
3411 10
2125 58
2593 60
7612 77
7481 71
4632 46
9244 56
8585 70
3736 42
5681 55
1024 79
2156 36
5614 27
4461 73
7576 0
4907 9
3171 66
692 50
804 55
4756 63
1310 13
6940 58
8333 55
1692 11
6326 37
1490 2
7146 0
4782 61
7873 47
5648 22
8832 24
8481 76
1449 38
3285 13
3148 36
839 61
7494 19
9248 53
8545 30
6877 59
9420 71
7794 25
6027 77
6465 61
6893 77
6913 61
4456 34
3050 4
4141 11
5829 61
1428 23
495 27
6373 15
1081 67
3861 32
8752 56
6933 35
2106 64
3527 43
3242 71
7340 27
6694 48
6760 17
9515 67
2814 19
9592 8
5490 36
5361 47
2543 19
1774 57
7810 17
9296 6
2130 77
5249 60
3037 13
356 16
163 27
1926 53
9792 74
5733 30
8198 67
4195 49
4806 64
383 59
8367 36
6524 42
1934 22
2916 42
2155 24
3890 15
1564 24
8769 28
655 66
1027 31
5827 79
7674 57
1700 63
3539 45
2382 31
6513 19
4155 22
1290 42
7851 18
9695 40
1483 42
1613 79
6418 47
9004 79
9349 52
408 1
9499 7
2315 23
5772 75
7491 62
3929 35
6410 45
6819 45
537 45
1600 41
4460 68
6197 5
4579 63
7030 54
6766 28
4444 69
8367 18
4126 19
5176 61
6483 75
5924 41
3550 19
9695 59
8873 77
2251 7
8917 0
9276 65
7207 46
7836 67
532 2
8549 8
5981 73
7759 19
4595 58
3251 47
8098 18
5403 51
7851 0
6973 33
9089 74
7897 76
6519 26
4932 20
4780 73
3610 32
9300 7
5872 38
7378 68
6046 9
5599 45
4180 48
949 70
827 47
7639 0
4992 36
5051 40
9126 65
606 28
7946 1
6264 74
4419 72
3349 55
9990 27
807 41
4129 25
7518 18
2887 21
2318 9
2878 17
3302 23
9554 40
1059 42
9936 8
8750 9
9215 43
6139 53
2923 33
3597 24
1577 59
2005 46
8894 22
3404 28
5548 1
9604 33
5178 29
1439 55
5833 49
4252 6
6663 39
2701 22
8694 23
9819 62
1342 13
1572 14
872 73
1094 53
9779 67
2032 64
9444 57
5935 32
5666 71
441 39
5931 50
7662 46
1839 65
3479 70
3293 8
7136 41
6025 2
1576 76
2802 26
5929 36
2740 70
9459 33
9054 49
1784 75
4520 68
9461 8
3338 0
3582 8
6897 42
2711 13
814 67
7987 10
517 19
7697 38
8904 34
7277 61
7718 51
5578 52
2282 29
3222 71
4717 6
3678 48
4067 15
3853 6
5637 6
7271 16
8687 12
1895 4
9586 36
9620 33
8389 4
8109 5
5101 28
1257 12
8183 64
4588 54
1794 35
7128 35
5253 50
4717 29
7044 58
5409 66
8741 23
763 29
7019 26
8525 64
5508 5
6809 16
3021 70
3139 29
5325 79
2041 61
5680 62
315 68
7773 14
1186 65
3056 40
6757 24
6773 55
5026 7
6459 7
5468 56
2383 73
7665 18
4718 22
4286 60
5881 29
4108 47
720 43
1141 71
7919 22
3867 70
981 38
7996 21
8158 1
2485 8
3912 17
923 60
7066 3
8434 47
6755 15
5636 76
5624 31
5792 2
3013 62
9546 0
985 63
8497 0
6639 7
836 61
1925 56
3143 2
1732 43
3628 32
3401 24
8870 75
7786 5
1729 66
8569 41
9666 25
126 76
3954 53
2847 29
4751 19
2156 47
7778 37
3532 49
3047 26
5846 25
2704 57
9765 60
7902 74
9262 12
7747 17
2835 30
7866 55
3440 23
1338 55
9788 68
8266 18
4462 66
3825 0
6615 16
465 52
8129 31
1721 74
707 18
1266 47
3533 40
3494 45
9510 4
574 18
208 53
1277 28
7887 23
7772 51
3208 53
9189 35
3430 8
4734 20
9931 1
9700 39
9546 47
3548 64
1207 14
7095 59
8054 44
6462 44
8758 9
959 39
4325 74
2262 24
2549 26
6874 65
608 62
5864 14
2851 19
9343 21
9119 7
186 63
1243 0
2467 14
3623 45
4326 43
9227 39
7335 45
6175 35
2204 71
8091 7
7014 14
5683 22
9985 37
3300 26
8500 40
4575 13
5955 34
6563 68
3362 75
9349 41
9328 65
7437 3
4976 65
4778 4
8694 50
8798 63
5070 79
5268 3
6609 15
3766 41
5712 51
1130 54
6078 27
5045 29
4334 21
52 53
3084 19
6900 65
9997 71
2847 2
1408 46
7222 54
5213 55
8744 74
1683 63
11 52
69 74
5985 22
1162 15
2879 15
6186 48
8219 36
6214 53
9792 38
7095 4
4570 0
8151 47
8856 48
6475 43
1455 63
4107 24
3880 79
7731 65
6269 48
1082 34
3306 14
2531 65
936 27
7400 75
7635 37
6829 44
530 3
5308 41
8820 1
425 46
7141 6
5375 63
5735 30
2777 61
7974 9
1120 56
6132 31
1897 11
4329 14
3319 57
8285 1
4431 65
6634 79
7294 0
6583 62
1605 4
3548 50
1607 9
6732 37
12 34
8262 20
3878 37
2629 20
953 35
8447 16
3490 50
8960 64
6262 41
4760 23
3735 56
4847 57
9499 2
4125 55
2440 56
4385 9
6808 51
9338 70
6105 29
702 19
5366 12
7515 70
771 76
4002 5
9898 8
1078 64
6666 53
719 8
1680 11
9713 27
4911 49
4821 29
6895 20
7781 35
2315 51
8039 31
9689 26
5929 4
9337 58
1316 69
9189 65
3434 62
2862 59
5219 46
3222 4
1085 32
7348 72
8325 36
2162 10
5941 15
5971 45
6606 44
4883 34
8562 61
8384 79
6156 2
7191 40
9076 4
5685 13
9311 79
4144 0
3049 26
5105 33
1052 20
5350 56
6713 77
9050 46
9863 46
8529 8
8888 70
6421 64
3589 50
921 66
1937 7
413 33
873 47
458 3
9406 30
538 0
8964 33
1253 50
9871 2
8095 9
1843 57
5865 78
413 2
3928 2
4108 55
5546 18
6077 43
4403 73
7167 35
3293 2
1568 32
2158 72
9526 45
7792 13
9623 49
6550 35
4197 66
5067 42
2181 23
5037 71
5289 7
5663 61
1297 19
737 74
352 77
6334 17
4342 36
4883 63
6684 45
1372 12
1129 0
6763 16
4090 11
3365 0
9743 39
1246 68
4494 5
6011 70
3320 20
2461 40
2658 35
1324 66
3299 13
5270 8
7786 70
3679 36
9824 16
8771 21
5828 42
4248 19
5463 70
9973 77
3380 22
4012 65
4614 50
5052 56
1002 56
858 27
322 16
8859 22
3288 27
8589 24
9149 40
8241 20
1749 34
241 7
3704 10
6161 38
869 60
3337 67
4991 64
8977 27
8045 64
3433 64
1806 65
6757 46
5228 32
5208 12
1124 74
122 34
6335 55
8856 33
9084 4
9792 66
3157 28
6637 47
5495 51
4145 56
9008 47
7372 20
2958 19
9562 37
3235 9
2083 37
6862 11
2531 50
105 62
3619 36
2795 75
8552 7
9542 11
5125 10
6304 47
4955 2
2338 57
3326 43
7335 75
2123 61
4556 26
3380 39
2595 14
4767 42
7796 41
6683 4
1910 65
2221 8
9535 12
989 23
7363 7
3072 13
1890 35
4059 74
5147 76
4569 59
8462 23
4081 4
3523 40
4482 45
1 14
7022 6
8401 59
9549 72
5772 51
5583 58
5680 16
4462 29
9808 31
1760 68
5214 60
4729 19
5739 5
5559 34
2128 13
3215 14
4848 63
4966 46
6923 29
8964 61
1889 4
4188 72
4272 78
985 69
4072 51
3187 46
6193 60
2591 25
5155 39
5491 21
4298 0
4763 51
6369 50
8125 14
7532 58
2318 41
8297 51
5972 52
8869 68
9417 42
7817 50
3357 75
7282 51
2983 48
8752 1
7581 64
3072 6
330 62
6019 58
6772 61
1432 55
6644 65
9803 69
3690 3
9416 39
3456 1
3841 16
6563 79
3954 51
4540 46
6701 7
875 7
8635 35
4926 69
2445 75
4844 60
3741 71
8460 57
9492 28
4407 56
348 26
4726 28
6127 50
4353 47
7917 65
1061 22
4659 77
2615 31
3827 42
45 42
249 10
9897 65
1366 79
9739 5
3443 62
6220 55
6739 66
8349 64
1298 26
9254 30
8428 16
6557 11
7583 23
6954 75
7991 48
4421 34
2754 73
1790 31
2149 19
4847 9
4869 46
3420 5
314 35
4361 65
3424 46
3367 32
1509 22
2135 51
730 10
6711 0
6857 41
3665 49
8509 46
8787 43
4365 39
228 57
8522 16
4478 21
8656 33
2102 19
844 64
566 74
4184 4
5540 64
3450 72
8885 33
1318 72
6454 75
1796 44
8165 24
1164 78
3973 73
8258 8
2140 44
6370 47
5202 10
6346 22
6776 48
861 33
4633 23
9650 55
554 34
7497 50
2202 20
39 39
2646 11
1703 76
8150 13
5877 27
9523 61
6864 50
6380 42
7267 19
3813 21
8407 47
2452 44
3146 74
6959 8
6736 11
536 47
7314 3
7664 23
7211 7
500 24
7359 59
8315 13
9732 61
5995 55
4713 44
275 29
7037 3
3098 35
4929 69
2631 70
7424 38
2815 50
2664 4
8143 48
6914 65
7304 64
4062 62
4038 78
5609 69
8832 52
8519 19
4926 76
9382 32
736 32
7989 12
7849 48
6752 56
8059 47
8184 79
5581 59
9902 63
8232 55
4966 7
9700 71
8202 14
8315 7
5012 29
5044 39
2225 11
3651 71
7729 20
9684 27
5331 69
921 76
6661 6
5159 59
3762 36
4506 66
9715 74
7076 25
2211 27
8442 18
9422 15
924 34
4817 72
919 60
8833 48
6844 59
5462 32
3550 75
8987 63
4752 37
8069 53
9538 6
6886 27
39 10
9502 66
1569 74
3255 60
8518 0
6702 10
392 18
9905 51
1188 35
1698 30
7930 18
9540 61
277 12
1985 54
2906 53
2530 14
9194 30
609 4
9162 67
493 8
1397 69
38 70
383 63
1896 67
1469 71
7719 35
9448 35
5014 20
3453 20
4133 10
3620 36
797 72
9652 8
1874 72
9996 50
8750 23
1344 21
4580 64
2156 69
6377 35
8996 27
7087 50
1498 19
5446 8
150 34
4980 6
7811 39
4824 12
9012 28
6353 0
7638 25
5600 29
9353 37
5024 43
1361 74
3443 39
5020 4
9228 48
8663 70
9213 29
559 42
431 62
6221 2
9704 45
5893 47
4531 1
9549 45
9836 47
5774 9
4727 12
6040 64
9452 68
3696 6
4043 16
3030 32
2313 56
8959 78
2669 5
1356 24
7306 33
205 36
9362 14
6056 33
3171 47
336 36
7059 23
3078 28
658 28
3630 68
8080 24
1219 68
5331 12
7388 4
132 16
7107 15
5 11
849 48
4808 60
1441 75
5286 35
1838 42
8883 31
8619 66
6747 5
2387 34
3008 41
817 56
2562 13
4150 16
6811 19
4874 41
6271 32
8850 38
4448 47
2238 78
3560 14
5632 64
3814 73
8450 38
6031 2
1105 69
5639 10
9685 63
5138 79
489 21
685 65
5817 44
4658 66
5749 42
5739 42
2971 13
5573 20
2853 41
5464 25
1845 60
1046 71
7400 48
1846 45
7257 12
4218 22
8349 7
3073 63
2781 42
8571 55
8565 33
117 34
112 30
8950 42
5352 57
6281 18
1197 8
1118 8
451 7
2029 23
5041 53
5530 22
7951 75
7108 17
9933 24
4699 49
3643 14
8738 59
9793 19
8738 50
6057 5
3215 25
1382 78
4773 73
8046 79
7304 43
5439 60
304 52
2728 68
8719 58
2067 27
2777 6
2878 5
5141 56
605 65
4693 33
2938 0
9480 18
9145 65
7535 47
573 75
6742 79
2380 6
2305 18
4060 38
8314 15
4788 5
42 25
4086 59
9312 78
4866 13
364 28
5747 63
4222 64
9056 7
8550 28
8534 16
5830 36
824 55
6509 54
7627 70
2311 4
5382 11
3347 63
3241 4
2901 33
9736 73
8912 70
607 21
6696 72
1069 18
5184 6
5432 17
1245 65
166 3
5963 19
8479 23
4360 28
4617 49
9121 10
8197 18
1612 36
7831 26
9148 51
9450 55
5192 46
9902 56
8045 16
5763 18
572 24
8617 46
4539 29
8795 62
6925 28
3415 74
7835 47
7455 44
3486 60
5050 68
4635 23
2572 24
7302 21
9195 11
9799 62
3627 40
5117 30
7806 28
4697 8
6957 46
8304 23
966 12
3143 67
3057 35
7019 28
4770 74
4006 71
8689 28
4423 2
644 64
5412 36
9620 7
4563 22
6255 33
8489 73
390 12
6411 67
3518 58
3441 25
6379 13
6177 42
1333 18
8107 69
8615 40
4953 72
3162 43
9361 7
3084 49
5217 5
5694 33
7814 18
7629 59
3179 49
8303 71
3357 5
8627 62
4748 24
5713 31
7267 23
2777 79
7542 12
3866 32
8507 9
3143 60
5360 63
5225 79
6324 9
5167 79
5224 72
2870 57
8164 11
6820 40
2339 26
1506 36
5383 32
2844 5
3543 18
6993 19
7698 0
8266 60
521 39
4084 33
1102 49
7762 77
6213 74
61 50
6602 63
3457 34
5461 21
999 71
982 35
5123 15
1599 14
7800 72
7870 31
5696 20
4265 34
2255 73
8627 78
366 24
5978 76
3148 55
3401 70
5864 61
9761 77
1054 74
9842 23
9639 1
7263 67
5423 19
7443 74
405 56
493 4
7085 76
9459 36
7185 36
2931 17
1360 28
4447 2
3966 63
5252 22
3257 18
919 29
3073 13
6846 70
1278 23
7237 69
3420 29
4918 16
7187 46
364 39
1855 54
8484 47
9232 69
1148 9
893 76
6859 51
3373 35
9580 10
5293 58
9443 74
86 26
254 21
6002 54
7555 44
7079 36
3058 44
3162 18
4253 39
9516 22
1616 62
5694 55
7973 73
3479 17
3656 51
3422 41
6876 68
5383 62
4479 76
5285 40
4897 57
204 32
7760 22
9222 58
8098 32
5170 51
2131 21
8375 20
1471 43
4988 0
7295 11
2659 48
4978 40
5044 56
2643 64
2600 6
9415 46
3174 70
4425 56
7779 69
1382 60
7558 0
4337 18
2300 72
1587 78
6447 36
9787 54
4627 51
7527 42
218 29
4486 68
2753 52
7185 29
5242 76
2448 24
715 36
8719 64
4751 49
5382 26
7835 70
89 70
1703 65
5300 8
5663 68
6795 13
2189 31
6997 12
9661 71
4410 10
1662 21
4897 58
1519 29
30 63
8686 25
5887 31
2345 2
8622 23
2855 11
227 69
3115 26
1477 54
8415 35
7733 60
1367 2
7314 58
8013 5
3876 16
5954 4
335 78
5602 46
9256 71
8273 17
6373 36
7758 69
3045 49
6339 6
5410 40
727 45
6614 40
4051 10
2536 49
6347 47
6165 79
3530 27
3433 65
5835 50
3078 37
3833 54
9148 50
9194 53
1783 17
9951 46
2685 72
2698 0
2375 20
6453 2
7202 35
5456 41
6331 12
4832 41
163 27
6885 42
6538 45
6596 70
8014 68
3289 45
7661 55
4870 22
6683 42
1784 50
5923 37
4363 14
8428 67
300 37
9602 58
1244 15
3702 33
5344 43
5244 3
707 20
7777 47
5416 18
9510 25
4272 0
8619 33
9106 6
3600 14
5511 35
2010 22
1385 8
8479 77
9436 67
1553 71
5764 39
4664 43
7491 69
3943 39
9022 25
7531 74
4753 19
3748 18
5524 31
6325 19
6122 20
2100 32
2222 38
1266 57
7763 41
7208 17
474 19
2031 58
8182 59
7427 63
7190 36
6243 46
9164 64
741 65
8006 51
6515 40
1535 6
5850 52
1484 67
6423 66
7407 4
8513 2
1651 67
5302 67
4727 61
4074 12
2937 40
6783 58
9972 29
313 17
1793 4
8779 49
8483 28
8530 23
8493 67
4099 44
9109 8
1976 62
2700 26
4755 9
4274 44
1361 34
6442 73
5728 64
6390 30
682 71
7032 72
4716 50
942 42
1522 28
9743 58
6126 28
7816 41
6990 11
9290 78
8527 18
2331 63
2057 5
5754 27
1747 70
5693 6
3878 55
5942 49
2013 64
6552 37
9711 73
5580 12
560 52
9234 29
3865 59
4445 50
3398 33
3771 55
8746 40
7576 17
6629 30
2554 73
9943 4
6048 68
2374 78
4524 64
7010 16
9500 29
3084 42
1648 53
6510 50
7467 57
9512 27
9343 74
2641 63
8387 1
2566 78
5150 75
7747 51
8681 53
1668 79
7797 32
7109 69
1288 16
365 17
4388 71
6841 6
1161 41
346 2
3206 43
9077 48
7216 29
6450 57
6704 2
8445 8
2473 24
6760 57
1417 72
7595 13
9081 43
2878 29
2645 6
4341 25
4971 20
847 76
7029 79
8895 61
1904 75
7276 36
4299 79
8707 22
1616 1
3540 32
8332 28
1909 12
3212 0
9161 3
7847 7
7350 31
4846 31
6586 43
5630 41
2761 58
2800 61
4236 33
5208 56
1852 18
7529 67
3221 54
5592 17
8393 54
8382 5
63 21
8071 29
2674 45
3254 79
4760 5
9685 62
8269 29
8918 9
2638 54
1082 48
6657 32
8967 4
5598 48
8534 74
2444 62
8700 60
8640 73
9821 28
6402 7
6928 6
8333 45
2130 65
502 72
8369 33
5800 37
2233 12
6164 35
3438 38
1651 3
5870 60
5173 9
8972 42
7413 34
1938 57
7241 1
9523 25
6231 24
7386 38
9025 47
9096 26
7411 4
6117 79
9414 32
9156 31
5187 66
6442 26
3651 42
7761 35
2838 20
7716 72
1054 14
7821 60
6667 72
6375 66
6272 7
2372 72
7213 70
657 78
584 42
969 33
8588 49
6365 9
5024 38
1465 43
4535 35
7056 27
6879 19
2277 50
1262 66
8087 8
9181 68
269 63
5566 47
5924 43
8390 7
2567 1
5506 36
6261 11
9530 17
2235 22
3787 67
5755 56
3618 20
2181 65
3880 43
9530 77
3812 10
3735 35
2405 52
2841 13
4481 41
9004 4
245 79
4129 23
1134 30
9581 40
2649 72
642 3
4515 20
3598 76
7099 6
660 52
8474 44
6298 7
8767 39
1240 5
5766 4
7083 28
3600 22
6220 30
7566 66
2658 52
699 23
7623 31
4957 8
5583 54
8651 23
8754 1
9313 79
7797 49
5861 46
6007 10
3136 61
4464 62
1712 62
4056 55
2159 33
3562 32
7148 51
323 16
2771 19
8658 37
3394 34
3035 73
4934 55
6906 67
7212 76
7864 45
4631 24
8227 77
5545 42
7361 51
3566 46
313 46
6404 32
3201 59
8714 10
3164 27
6854 75
3977 31
8207 71
4764 51
1015 69
3793 4
7081 25
1080 15
9207 14
9975 24
8292 15
6601 20
5272 34
2112 51
496 1
4047 61
4795 39
6031 24
2386 36
6832 3
9233 77
2107 18
115 19
5998 23
2571 46
5352 57
7942 5
5963 52
493 77
4088 77
6982 44
9752 31
7526 56
9788 7
2307 65
8005 24
3739 72
2421 60
3381 59
2198 73
3237 30
7692 27
6685 7
5891 35
1034 53
2975 12
8080 30
4395 5
1314 20
4380 16
8319 36
3287 39
8688 43
2923 5
5063 52
5289 40
203 18
1082 33
3944 55
3199 21
4958 47
1135 4
1086 28
9293 67
5538 14
6168 56
5807 78
3305 66
3614 56
9886 34
4686 35
9837 73
2131 63
30 32
9383 25
1425 14
523 29
3828 10
5858 9
8845 13
6458 58
7667 34
6930 38
5398 30
9594 5
6063 22
7720 44
7188 1
3081 55
7499 75
1052 67
3213 18
8134 5
3914 17
5958 10
3121 7
9371 28
663 67
4801 14
9532 62
9289 69
4494 53
7638 67
5124 50
2334 16
2249 54
41 71
6252 69
2364 10
4984 46
5460 51
9536 5
2065 41
6904 78
6197 11
6122 40
6394 28
7511 36
7689 11
5446 33
9080 61
9425 38
3499 9
6853 75
6384 0
2721 36
127 56
1247 58
4072 67
8827 8
2483 0
9186 47
1045 62
3259 54
2715 24
224 50
2730 2
1553 30
2648 63
1327 39
3815 76
8365 39
9519 44
2534 44
4052 0
2017 51
134 50
6158 22
4641 79
4748 16
1246 16
1220 9
5992 51
1686 3
2307 59
1771 15
8820 16
3579 76
6132 51
6672 29
8232 67
8775 70
9465 69
4611 3
6948 36
6484 21
255 53
9061 42
6229 5
6457 40
6949 17
2881 37
948 2
6902 54
9636 67
5528 50
9625 32
7115 2
6652 29
7722 72
1545 32
7817 57
8082 60
6093 57
1684 10
4456 33
414 70
4187 63
1379 52
7867 74
7641 62
2726 63
7742 43
2419 30
5017 29
9321 43
9370 6
8031 17
7936 8
556 57
2797 56
7091 51
3725 78
6482 15
3434 28
1204 43
9470 57
2720 9
1740 72
2453 75
614 42
8175 78
7957 60
6641 32
7415 78
9196 0
6832 18
3776 49
3925 29
8416 26
3904 77
6537 45
5903 39
2917 66
1978 60
801 31
4503 23
1855 38
7185 6
9612 27
9174 50
3291 64
7080 44
5356 0
7327 70
5704 36
2365 76
6086 5
4572 13
6976 15
6015 26
8392 45
7732 41
7757 71
8123 22
780 21
7614 23
4177 47
2201 26
4517 67
5373 62
4168 49
7100 43
7361 22
2912 47
5892 19
8845 21
4543 74
5090 20
1051 69
6243 49
5520 51
4553 34
9539 31
3817 17
8106 46
1748 73
4889 53
7406 79
3280 53
9933 16
8677 4
1242 3
3412 9
1578 11
5589 68
374 44
6462 7
7838 71
7115 37
7416 3
6942 38
6834 10
5282 36
2001 29
4694 37
4980 37
4501 53
7591 7
6815 63
5554 35
4357 55
6032 26
5120 56
3103 57
733 21
4668 38
1266 62
3950 22
7024 33
660 72
4004 58
7455 34
5497 9
9750 6
7783 79
9859 0
1862 68
1334 63
5055 55
1628 77
1121 67
9037 77
8372 59
9232 32
3074 18
5616 4
4344 41
1947 58
3126 54
1975 66
899 29
9612 21
7072 30
5689 63
2548 26
7687 39
4358 51
9667 28
124 64
2817 29
4134 74
7778 53
376 21
5354 34
6783 62
795 17
6614 78
9558 71
9381 24
5828 30
4552 69
4585 10
1871 41
5378 55
1050 17
6249 65
1112 12
5366 0
2545 35
8378 30
5957 70
5451 53
2863 69
4941 26
9860 55
9870 0
9989 59
5494 75
6548 41
8017 66
3173 35
1188 16
1196 29
6287 7
867 70
9022 33
7806 18
126 4
9567 54
8244 17
4969 16
1881 26
412 16
4004 46
6168 38
3273 66
6174 9
8086 13
2015 49
5022 32
4779 51
1475 0
3535 55
6720 1
6260 70
6796 65
2454 21
7640 79
2415 9
1045 54
9775 70
1906 57
4777 72
2424 61
5240 45
9073 29
5670 61
9140 14
1768 7
2593 33
9948 9
2083 62
3882 11
9823 18
9427 41
7347 8
3521 75
7369 13
5720 19
2497 67
5108 3
9925 4
4471 40
3574 49
7060 70
950 54
5589 66
5158 59
3034 6
7048 74
9494 52
6967 39
3063 75
1766 65
6124 47
2167 20
8472 24
2991 56
9775 41
8064 10
1160 42
5667 37
2053 5
7950 45
8334 74
2842 56
3443 47
3743 25
8655 24
4517 9
5687 78
9344 52
6101 47
4226 78
510 67
9263 16
3645 38
867 19
3866 22
5981 56
3233 43
4806 65
3783 62
3564 47
4143 71
5632 9
9198 71
6269 6
3925 14
2570 56
9131 74
7660 53
7406 78
1251 3
8950 58
5901 15
5876 60
8955 58
8754 19
9010 64
3889 60
5430 6
793 75
2925 79
1864 72
4807 76
1475 35
9753 14
5086 53
2441 9
4796 37
3369 71
8307 51
579 5
264 36
371 62
8367 75
7276 34
8521 1
4345 3
6774 16
2076 44
4517 66
9649 63
6687 0
5246 73
7467 58
8397 35
4460 51
3943 24
628 37
7949 46
7683 72
6202 19
6426 58
5228 38
4056 12
6148 78
6557 57
8117 11
5486 36
6763 55
6387 13
8959 73
2926 79
6950 6
3736 57
9173 52
8498 55
9524 12
9079 28
6920 59
9705 78
8 5
5323 62
4230 71
1442 35
1742 56
5682 2
8323 26
2693 12
4115 35
8737 36
8067 19
6232 43
4935 1
9386 42
4310 6
8372 60
1875 38
3226 53
4462 54
7655 34
1277 78
745 62
6475 29
558 15
9756 19
9158 11
5286 16
6494 58
6345 38
439 73
7174 13
5028 72
4033 35
2128 65
2796 45
1163 5
6533 15
4517 69
1596 36
2527 10
22 59
2472 17
4750 30
7549 22
6699 0
628 60
5174 34
7378 55
7251 65
7353 54
9867 16
6776 64
6109 14
8481 42
5056 68
4795 2
4096 45
3494 11
9770 50
6750 5
2209 65
7553 56
1475 57
3987 61
1031 5
2284 9
9439 51
5768 23
5772 47
1793 17
5458 48
3970 59
8440 31
338 28
8941 48
7515 41
4630 31
5201 0
6851 8
8959 62
1017 66
7444 77
2853 57
256 62
4510 22
4047 47
5112 78
1620 41
1783 68
6338 40
3094 11
7601 39
226 45
7251 40
1916 33
3348 30
4902 76
690 39
9209 38
4018 56
280 8
936 23
3475 15
4903 63
548 48
4470 4
6777 56
9509 36
4098 30
2635 21
2994 24
6284 16
9167 55
4536 26
4112 16
7936 59
4731 55
4601 61
1946 26
3104 35
8145 39
3060 3
8137 59
5350 18
8621 9
1418 26
7133 35
8660 26
8480 39
1424 42
400 41
9771 10
8146 57
5820 38
8285 1
249 56
7351 30
2911 74
2809 24
3333 5
9334 47
3992 60
2912 68
2294 30
4426 65
4552 76
8513 54
7493 40
4922 49
6134 69
6059 57
8881 33
7619 39
973 76
4641 34
1314 19
6503 53
2690 78
6142 63
53 50
2642 71
8223 19
7275 26
9103 74
1933 19
7619 15
8962 69
2580 67
4415 8
1248 29
420 45
1961 79
4160 0
6709 68
6123 73
964 24
3473 15
7421 36
9046 42
7015 20
543 51
1547 55
5986 10
3807 51
3991 52
8516 50
9845 47
7142 29
4798 19
5270 51
1526 70
6286 70
4256 28
6409 34
1062 58
4184 26
6802 69
4669 66
4568 28
6828 3
2829 79
933 30
7930 10
8093 16
6805 34
4035 62
1013 42
1572 14
2964 66
4966 65
120 77
114 49
2143 46
731 50
9396 31
5467 24
8867 61
3800 38
2142 35
2157 78
3881 17
1404 58
2478 8
6592 5
8746 53
992 38
2383 40
8031 74
1678 0
8529 78
9134 70
8515 54
6307 66
6456 61
7723 61
2203 73
353 52
5908 10
2269 21
8596 47
5972 26
2898 68
1787 63
3541 28
8317 33
7853 8
9875 37
1055 1
2718 35
9832 71
5669 13
3126 22
5818 31
4570 50
1954 53
8687 0
7763 3
9383 16
7793 53
9175 42
8674 52
8819 52
4426 2
8182 29
3455 18
9716 41
3638 39
8866 74
5185 39
2354 7
1405 59
7857 43
1455 70
2160 13
9096 15
2012 8
2688 29
4322 54
4080 47
414 78
5712 53
8600 38
1593 78
6067 23
8036 62
6756 28
5754 12
4561 38
9362 70
5552 64
3005 17
7198 9
3461 1
1146 51
7299 32
6230 7
6732 63
4816 3
7220 7
8198 50
3383 10
3567 22
7077 75
366 52
407 7
4306 27
2360 30
6613 19
2902 2
4765 46
6140 43
7376 46
4808 20
7090 19
8742 6
1056 31
7429 30
7685 40
8881 45
6627 72
710 45
5105 21
210 27
8198 40
3400 38
7476 60
7998 34
8648 21
9189 56
9551 75
2747 62
1388 49
5129 14
2523 70
1649 70
3431 24
6124 60
1548 31
6780 60
5164 77
7905 47
6047 0
3519 9
2019 66
3293 0
4247 46
6762 20
8990 46
5331 15
1301 5
7003 26
9045 22
70 41
235 31
7352 52
1120 6
5533 51
7449 31
5651 6
6319 55
9468 30
8345 64
2675 27
4007 57
7565 67
7431 8
8124 44
6384 23
2730 6
4502 25
862 72
3502 55
1904 5
7203 60
1131 27
9113 9
4418 56
949 69
3298 73
365 37
3992 64
7368 52
2014 17
4163 31
8209 9
5590 64
4659 60
6088 68
9181 41
9036 11
516 28
2609 76
912 49
8763 3
1881 0
4418 24
8825 41
388 44
6934 28
2472 34
4641 69
6706 24
1572 67
9803 1
1925 20
1331 1
4316 63
6435 4
9648 13
6179 27
1099 52
2312 52
5508 2
1918 21
7453 50
383 4
5922 62
2438 70
1035 34
1035 18
7891 56
3808 33
9766 38
7136 5
3688 32
7327 67
7067 58
6295 62
4017 79
2210 17
9986 71
7459 73
4310 40
4737 29
8288 76
6660 11
985 11
6320 0
7429 53
7673 67
1504 14
2538 78
2331 70
3929 42
6432 20
3309 39
6951 14
9397 21
3570 56
8992 18
1887 23
2908 47
2822 0
8891 65
6289 49
993 18
3615 44
5754 17
5461 60
992 76
3709 69
1873 57
6161 45
736 60
2480 64
1931 7
4515 36
3022 20
1697 43
5446 40
3930 14
7854 69
4177 60
2125 47
6973 31
5697 24
3312 39
3456 27
2015 5
9597 1
5723 38
4858 35
4222 26
6667 60
738 16
3029 26
5258 64
4467 34
9819 36
6538 61
6594 68
2935 66
3870 13
552 33
1907 77
7361 10
5134 61
9299 24
5276 27
8651 77
6558 35
4143 10
2594 26
7051 75
9262 71
759 62
1088 78
339 46
3858 42
6272 0
1269 39
5674 57
8331 57
4246 42
7356 28
7293 25
2930 73
7237 77
6380 49
9883 21
4357 57
5743 6
8121 19
697 16
5153 5
5528 75
3851 55
5730 67
6126 46
8456 13
3292 49
2110 69
1271 36
3476 54
7326 57
266 5
327 15
1485 10
2842 68
1448 27
8017 79
4944 55
2197 67
3327 76
8901 17
9620 54
381 45
6404 21
2424 10
2165 41
7021 53
8546 61
1167 43
2544 61
4154 72
16 5
4124 77
6097 23
1781 13
7241 9
1757 68
4906 41
838 68
749 45
571 78
2456 11
9982 10
3506 34
4173 51
3256 52
7895 49
3563 48
1512 68
5905 48
3259 57
4407 28
4962 45
2038 72
6828 12
6636 33
5777 52
6374 79
5247 11
7528 56
719 41
2807 34
6612 52
9335 50
1255 6
8763 21
5712 45
8988 25
4191 31
179 26
7790 55
3159 21
7084 0
5462 58
3062 77
6053 35
1967 35
4726 27
3563 36
2088 29
6632 73
8992 58
2758 11
3999 38
6622 78
7672 32
3435 42
9056 76
7403 71
7153 63
4808 20
2657 22
8691 4
4674 4
680 38
8357 70
1357 0
3949 68
1236 55
3154 54
5246 62
9583 16
3196 40
1534 60
5289 75
7439 51
3827 20
4158 7
780 64
2643 0
1317 46
5230 65
2387 47
123 54
2251 55
5271 29
5312 19
8943 30
8767 54
2007 55
589 18
5347 25
1574 16
7682 41
6659 44
4522 3
624 16
2789 66
6038 26
5141 69
5805 13
7320 78
7441 65
1461 76
8854 56
9655 35
659 47
3699 21
443 60
930 15
8675 42
4349 2
8066 31
4720 13
267 22
2752 36
955 29
8433 79
9734 29
6585 49
682 49
2464 66
7851 22
121 44
8802 78
6470 31
5801 32
4916 65
6540 15
2106 69
2840 53
6895 23
3288 45
2568 18
9643 42
4144 46
6938 7
3399 73
8082 75
9063 1
3728 56
5581 59
4386 33
635 67
473 22
7457 32
9926 13
7664 51
6278 79
47 44
3309 76
5232 57
4668 43
8844 28
9080 2
917 40
7523 15
2957 56
2558 17
2939 76
6788 6
1930 33
8986 1
7437 59
4206 23
8249 65
1506 55
1263 54
7524 36
8993 47
3385 16
3714 6
4590 70
942 10
6349 52
9025 65
9671 19
7026 59
7331 37
479 36
30 58
1186 5
4070 31
4695 71
7355 20
5247 38
1612 71
349 14
1528 2
9392 37
7879 62
4706 21
7620 35
7329 20
2902 61
4796 1
9501 28
6128 60
4656 8
9488 35
8592 31
9572 21
9373 45
8384 5
9728 55
8738 77
6346 36
7436 76
7962 72
7210 14
8058 62
646 22
2398 1
7546 26
6579 71
2673 11
9882 75
8209 0
8652 37
1697 14
8543 40
249 38
8415 8
7135 27
3743 54
9651 78
5076 42
4945 56
3654 76
7025 67
577 15
6211 21
1688 58
9485 43
8144 35
2068 46
6194 58
2657 36
9326 64
6660 69
3249 35
4797 56
6236 71
1330 58
540 50
1560 27
9455 35
487 69
7961 16
8577 73
6981 60
7339 72
2343 17
1253 10
7067 79
86 15
9312 1
2202 48
9298 24
8722 17
7149 6
6252 69
441 73
1247 62
2204 19
9545 16
4256 66
5351 48
9974 32
2827 46
8344 9
1139 60
1261 36
726 26
729 49
9199 32
3851 78
6963 71
2817 37
5001 68
2360 5
2220 66
6672 75
7544 43
4709 12
4088 18
6548 50
4181 64
5048 34
2618 42
5894 22
1277 27
5638 59
7882 3
6435 9
2639 76
7419 10
8965 52
2001 57
8908 76
9753 25
6507 44
3087 79
6430 32
7627 13
1595 20
9099 11
3510 7
1764 36
121 79
5017 26
5151 41
6597 71
4773 74
662 50
1275 7
5678 42
8304 46
3888 50
3738 64
11 57
5093 11
83 5
5596 55
4784 11
7309 29
9226 13
5494 15
8075 0
3492 72
2029 41
1868 33
2623 36
1787 13
2433 65
262 66
5634 76
8940 21
1937 22
361 32
9306 21
1718 18
4560 37
7814 51
6638 57
1064 66
4184 66
8941 14
4208 27
8397 45
1626 79
8536 28
4259 23
3037 4
1256 52
5338 5
2299 69
3141 66
5328 70
3317 8
7209 53
1293 76
4660 66
2110 49
7558 34
5384 2
9031 32
5527 50
2756 1
2612 13
770 18
2067 75
7778 64
961 49
7117 4
8806 3
953 57
9059 10
6211 59
6081 46
3954 30
5999 32
6773 8
1220 23
3511 60
3672 69
5795 68
7070 21
4654 10
8967 51
1682 3
8143 71
2012 73
5047 32
2559 51
7004 9
9830 51
4484 43
8978 11
6314 31
7627 45
6093 14
8434 14
1126 7
7933 71
4387 28
7150 72
2706 25
1007 72
5839 65
183 77
6394 7
496 4
3511 7
5458 78
9852 47
7333 72
412 61
8733 37
719 6
8838 26
1302 31
7494 5
2669 60
9214 75
8625 3
6416 77
7163 28
8944 54
4822 7
854 68
1192 74
2111 0
4343 54
4117 11
8291 69
4616 7
1372 50
476 16
4637 68
5786 53
8166 8
9907 7
5143 43
2647 77
3410 33
8434 16
5602 69
9848 74
4579 45
5265 54
2597 40
3021 68
45 55
8023 76
4333 22
4063 76
8891 6
4741 79
5307 40
8588 28
1726 39
4612 72
19 18
5894 9
3068 70
9759 73
2587 52
2315 51
8468 4
1928 77
2982 69
3076 49
2914 15
74 26
4561 71
8381 24
1097 31
8105 15
1854 40
5045 2
6984 20
5285 8
6655 12
682 9
894 75
372 7
3498 22
1248 27
1090 8
7682 74
9228 61
615 52
9503 43
4573 74
6950 41
6186 9
2105 61
1149 7
5424 37
7425 25
5703 1
5041 46
8278 43
4268 12
5261 53
786 53
5949 46
4283 37
244 16
4315 27
2679 41
365 34
8862 67
9372 11
5134 2
4157 56
8179 10
6477 7
6231 59
426 41
9853 74
772 78
939 29
2621 63
9602 18
2268 56
697 28
1520 64
9154 76
4607 22
9320 72
9849 42
5388 42
4181 37
5142 56
2193 37
8337 11
9946 25
1643 62
2258 22
1177 21
1083 36
2237 7
8054 56
4238 74
3610 14
2178 58
7468 34
3315 69
4959 27
620 22
2686 53
635 28
7448 74
9353 70
2212 13
2368 77
4399 18
1992 30
8572 61
6041 2
6211 21
6473 76
7628 69
7114 79
267 63
8792 9
6212 77
6954 0
5420 38
7388 56
9270 41
3857 30
32 8
7701 67
622 52
6904 8
4768 1
8960 35
2753 7
6847 76
2806 20
3504 6
4779 65
7836 61
9354 15
3392 8
7965 29
9668 43
715 26
6734 13
430 33
7482 64
8773 38
3525 18
2502 75
9437 31
4769 31
7761 17
1345 4
1703 37
5035 75
8773 27
2187 62
5467 58
8981 10
3131 45
8236 55
9913 14
3269 70
9162 46
209 70
5605 62
5352 34
754 61
6877 26
5956 78
5976 61
3868 52
313 0
5862 29
8018 78
3732 25
9446 43
8642 54
5519 22
428 26
2166 27
4090 75
5151 51
1217 30
8902 57
3487 26
4292 9
5978 72
4635 54
2603 26
6672 24
1093 21
223 1
5434 76
3397 27
2227 74
4242 32
796 76
6675 5
1626 72
1267 3
7999 62
7317 35
8968 74
3798 22
9124 19
921 62
3897 68
4219 61
1532 20
3110 40
1245 35
3456 23
3200 3
1235 59
7712 32
4822 77
4737 14
9243 31
992 79
2636 49
4398 29
576 51
2579 26
89 34
9774 17
7557 49
2797 56
5280 68
1198 5
8776 28
9826 58
1975 10
9511 14
6418 18
5350 10
5587 30
544 28
7712 27
7195 11
3233 4
9675 9
4029 58
4315 62
6983 28
1127 54
4602 57
1211 9
1090 79
3656 34
8158 30
8415 31
4345 31
9174 52
318 75
9422 44
7308 41
874 46
7284 23
4760 24
377 67
8881 26
4859 55
2343 49
2668 64
939 46
7564 41
9662 3
9594 73
2576 41
838 5
2630 33
9969 3
2146 5
8809 76
3340 26
1106 13
896 37
9422 27
1137 39
1705 0
9393 70
6771 38
9791 41
1222 31
3618 47
3616 63
5001 29
5224 22
9365 34
4615 62
3061 25
6329 61
1110 27
376 7
9197 30
6000 20
2453 29
9601 9
5184 37
9956 6
7344 74
5137 27
7569 36
3676 8
2690 9
2883 15
8339 40
9444 24
6820 47
5806 65
2352 10
1728 32
246 57
7579 23
4128 44
5394 34
2873 30
6832 47
9538 27
8878 59
4772 62
9651 5
2203 60
6890 1
6845 55
6023 44
8322 64
211 71
7611 44
8603 50
7803 66
2285 38
9051 30
5441 46
609 21
4 3
9295 37
8017 35
9621 56
6723 62
1730 6
9845 44
6000 35
3529 78
4870 12
6386 32
930 41
6372 71
9431 0
4861 45
2672 54
9530 22
2614 66
2215 45
2023 48
7189 16
9947 31
5907 54
1369 8
6095 9
50 59
3561 3
1363 7
4256 57
1995 38
6112 62
8014 35
3083 38
5703 73
4700 8
1104 9
743 62
5632 55
4592 76
5528 34
5553 27
4953 30
8212 1
8342 16
9703 47
862 21
2977 23
1631 63
9538 7
3479 14
204 22
5398 22
149 58
8059 66
3418 68
5696 22
2819 41
1605 57
3005 61
3353 39
4996 14
95 49
1008 26
7382 31
6950 30
3842 20
4372 61
6660 28
1107 9
5321 21
4054 1
1483 38
9355 38
1457 48
3556 11
6981 48
813 74
7393 78
5938 29
3019 22
1913 15
2006 49
2544 64
67 30
116 62
8172 34
1774 39
4638 25
4093 56
6627 71
6741 0
2626 0
6467 38
4126 48
8565 19
5377 25
6321 30
882 71
4688 51
1076 49
4638 78
8573 78
219 26
3577 0
3910 65
6993 2
6672 46
2537 26
1280 7
8856 27
115 0
4946 59
7572 30
412 59
7828 58
6618 8
4817 29
7888 12
8591 78
3456 2
9525 37
4066 53
1680 75
5384 67
3132 64
448 35
8315 41
8510 0
7739 68
6132 17
8868 25
8757 55
5408 79
6633 2
9419 55
5778 0
269 41
4959 67
9468 58
5143 46
5561 23
5148 28
7055 0
4851 13
1447 52
3517 13
153 36
28 3
6614 7
5448 51
1400 26
8809 32
6843 33
2572 18
2779 63
7850 47
6221 46
2195 58
2574 75
1673 21
4301 49
6799 67
5427 0
736 79
6198 73
6042 18
1738 74
1753 53
5076 17
105 4
567 30
7513 75
3882 25
2380 16
3239 61
7177 76
1600 32
9399 71
8541 16
26 63
5761 27
1780 5
7246 58
753 68
6123 28
7042 63
7582 11
965 53
1027 13
9307 35
4264 10
6534 71
7596 4
7761 29
1475 71
7332 8
1970 31
1404 14
8664 17
1822 0
6026 23
4217 5
6323 11
6118 2
3922 46
6790 8
4439 22
2490 42
8211 50
460 25
3577 59
4997 77
8268 10
9236 19
4755 64
4583 30
5460 5
9263 11
8454 32
3850 53
5120 32
5253 49
4642 5
6127 39
1644 78
6535 78
3239 0
5953 67
1047 15
95 70
1201 12
9201 1
2999 59
647 37
9609 64
5940 50
6087 70
7445 67
7843 43
3854 69
6658 12
8030 18
781 8
1569 61
7297 67
8606 60
2442 10
5207 77
6497 61
2082 39
3163 62
2964 78
8024 53
1016 18
9825 45
8781 21
7200 15
1756 71
667 24
6639 64
7799 26
4238 73
8317 12
6672 71
4310 47
782 69
1615 46
2430 77
3894 64
2530 66
4047 62
1997 77
8865 43
3160 18
4869 53
7711 63
1811 71
8140 33
8394 8
9782 18
4055 68
7673 67
5310 36
9521 49
3893 12
3118 55
4569 2
5077 48
7000 6
4689 56
8224 66
8552 30
2521 79
9371 40
3185 49
4682 35
1800 65
4615 36
916 69
8076 16
540 29
3906 37
6292 29
2478 35
9268 18
3084 27
4430 51
6284 66
1929 54
1354 33
6216 43
6542 77
9280 57
8831 62
3558 19
7856 62
1969 71
1563 79
9575 67
3083 9
5093 68
1167 48
298 28
8412 62
6993 63
2461 2
8247 10
9319 52
6297 33
4345 35
6579 68
5719 30
1661 13
3630 75
9009 40
8473 55
8544 31
9640 75
1215 1
9436 71
6785 63
509 77
1827 3
8233 13
69 61
8540 57
763 27
3640 36
4807 4
3394 76
8154 17
848 32
8630 56
7557 48
122 7
4107 32
3574 10
7693 8
8000 56
5951 43
4003 64
6237 34
6438 60
6413 37
2692 79
378 21
7348 48
8744 56
3521 3
7038 34
4527 32
6103 13
9089 3
9958 37
9117 47
4894 3
262 31
5215 51
1893 43
1444 4
29 67
354 11
8563 59
2422 52
8001 67
7165 71
3880 18
6001 35
4718 31
2623 74
8026 11
3240 56
2239 30
2923 64
5732 60
2463 69
834 52
9917 66
6501 21
7537 8
8535 61
552 66
4468 64
8278 21
7451 1
9351 41
7042 32
1245 30
8764 64
9391 45
1308 52
9004 61
7245 5
7981 31
7224 34
6399 54
3646 69
4900 54
3597 78
2923 40
2858 15
2662 55
6470 50
739 74
5040 26
1316 46
1428 5
5060 63
3209 43
1255 36
9375 71
683 52
2977 78
3504 40
3958 16
5566 63
1223 74
8832 24
8149 54
4440 63
4796 64
5524 7
1463 53
3494 0
5858 26
4059 6
6594 70
9059 38
4832 62
9725 13
9365 75
2175 30
5962 9
1188 16
4881 30
8949 34
3364 69
947 44
1652 39
3871 51
1196 38
2632 72
4108 5
4204 31
8174 54
5675 71
4351 1
8068 42
451 14
3040 50
3301 64
4905 22
1463 14
4210 48
4140 63
239 29
8028 50
6924 48
9174 55
2623 3
1501 12
8534 43
943 72
5744 54
8212 30
3747 36
4719 79
6132 15
1480 79
7415 73
799 18
7048 17
9882 34
8474 65
6707 16
8039 22
6243 4
570 77
8245 19
1723 71
2017 13
2861 25
2067 15
1715 18
8130 27
9524 9
4697 66
6623 35
3592 28
4704 62
9845 68
5513 14
2248 50
4136 17
9187 22
1676 32
7936 46
537 52
567 4
7062 3
7960 55
9943 6
9760 69
3187 8
1109 66
9850 77
4107 55
2279 60
5676 73
3034 11
6401 37
913 5
9875 22
8130 27
8748 50
9474 4
44 55
4127 2
3011 13
4762 51
9076 8
8087 16
161 61
1405 70
1145 46
8847 78
5279 68
8407 59
9072 56
4560 16
8446 46
1135 75
781 78
4033 2
8658 32
8969 73
5289 52
8532 44
4431 27
1673 47
7808 69
983 32
7164 24
7756 21
4071 73
3344 40
8814 59
6074 60
6231 17
2130 10
5350 17
6194 45
6577 56
5102 22
7234 4
3944 28
3912 33
9597 3
9788 3
3775 24
403 29
3323 39
5642 76
337 74
4861 4
5055 62
6278 68
5074 67
1004 72
5089 64
5590 59
7413 0
8459 23
8560 29
6763 43
7091 23
4931 7
3229 1
8369 23
7192 41
2012 74
8672 50
8773 14
3765 16
4064 73
7839 15
1477 6
9757 31
3946 59
7062 64
2173 19
1219 71
7300 45
6195 58
6640 79
4467 78
1114 40
9620 10
8345 49
6697 71
7112 15
572 23
4752 9
6101 78
8354 16
2326 66
4277 31
1302 59
4464 32
7671 38
7147 9
1171 76
7687 17
1997 10
7460 19
2362 28
1379 78
3784 11
6785 38
5544 17
1886 11
4148 53
9568 51
79 39
3338 39
6895 9
2673 71
6737 71
2694 11
5210 69
1420 7
6587 68
4714 41
3812 17
3492 18
9154 58
3972 31
1535 30
2217 4
269 64
1843 36
5994 6
3514 31
4823 68
8165 8
3302 17
1573 65
4757 19
1335 69
7565 60
7492 66
3960 64
1920 66
1746 17
3914 52
9429 9
5418 28
3738 19
1105 67
290 55
2181 44
2839 64
1963 21
1608 12
3721 22
8651 15
8617 73
8896 4
8757 69
366 66
4878 57
4906 70
1922 2
4756 19
8252 9
3839 18
4538 60
124 7
5960 71
1549 35
1760 15
2010 0
5669 27
4672 12
1638 47
8513 68
7347 54
3915 60
418 11
2399 41
9434 20
8824 28
1782 12
1724 43
5766 28
6564 77
2454 5
8862 17
3877 44
4005 59
16 50
2671 45
6043 47
2641 14
1519 27
2823 10
358 24
6220 38
4496 16
3812 30
2973 70
7796 13
8970 59
3843 23
5702 0
2613 6
1726 19
7413 48
9556 72
9956 49
9524 5
3790 26
9154 26
2841 54
6051 27
1661 69
6741 75
1555 7
8163 71
9840 38
1572 44
1652 0
5662 53
2901 64
2871 21
2254 56
5550 62
1541 29
6862 76
3482 79
6273 34
32 52
382 46
585 16
7434 10
5534 66
7642 50
5079 14
8187 78
1038 35
3467 75
4470 56
3013 10
4451 56
6862 68
9469 22
4975 72
63 31
5045 35
6593 43
2161 59
2229 31
6638 24
3228 3
7158 15
1644 11
6480 61
147 20
6200 60
5853 28
9428 53
126 62
1440 50
5449 41
232 46
9620 61
5622 12
7044 1
9409 1
3943 35
2329 79
7863 29
8120 78
5022 48
8034 25
471 0
8913 67
8994 44
9064 36
8296 72
5080 20
6583 41
6900 18
8068 12
5888 17
952 51
7054 16
9435 61
5046 4
7557 65
4083 53
8431 23
1290 66
3549 3
3310 1
2692 15
9137 39
839 19
8048 0
6368 68
3592 60
5627 22
4275 71
6276 63
9334 35
6178 74
1016 51
6575 53
5415 6
1244 55
4809 78
1603 49
9665 29
3569 16
1391 75
6802 44
2371 55
6475 1
4303 7
3087 39
1504 61
784 48
5546 72
8410 77
3559 52
9559 61
8941 15
997 20
6342 9
4622 3
832 39
6258 58
7776 20
2024 23
6907 53
36 73
1285 55
3620 22
5167 24
4519 37
1999 46
2392 56
5821 56
963 42
7242 47
412 17
9061 72
631 0
9589 9
9350 12
9422 53
3450 25
2695 70
1275 16
6207 6
1062 47
6127 74
6748 77
4664 12
1957 56
7973 3
9697 13
7184 1
9793 19
2144 41
4929 5
8594 58
8343 10
1120 77
8111 67
4747 71
2961 48
8278 27
5809 79
660 15
2232 34
3171 25
5917 44
4482 39
9725 8
1394 72
6940 53
7437 9
2537 66
3109 47
5069 34
6955 30
4668 76
7924 21
7541 50
960 7
6212 76
9561 22
2651 65
5859 61
1564 65
3760 58
9332 1
1589 6
2101 67
3426 51
7245 66
7029 33
8224 23
3571 44
9665 27
1598 6
5635 26
1391 12
892 64
8343 8
5209 51
1739 3
1587 60
8584 68
8909 67
7985 74
1585 70
7716 50
2055 53
3864 69
1779 46
3525 64
7904 32
2667 17
2614 46
1094 60
871 50
4954 7
8648 26
3460 72
7928 52
5626 57
4948 2
5782 21
226 26
6151 18
1726 61
9572 43
4107 2
4933 24
893 14
3384 60
4658 34
7459 11
3400 16
8873 38
849 59
1017 53
9103 27
6392 79
1929 10
1150 25
1728 78
8948 73
7914 35
6612 69
3154 36
7676 29
5282 6
492 34
882 18
1537 65
474 60
7986 16
9271 4
353 4
7185 73
5018 29
1418 5
4247 14
9906 25
1537 61
4655 5
7003 51
1631 4
1977 16
5054 50
1590 46
7278 27
323 64
8019 18
762 56
1202 26
6506 2
5373 5
3904 32
8603 6
9061 50
4584 5
4274 65
1457 62
3074 73
4144 54
5128 1
7219 60
3482 72
1109 40
7276 14
7598 67
9937 60
167 34
9751 1
5839 0
3362 26
7639 70
7975 76
9870 26
7287 49
3278 66
2318 13
1723 67
6951 76
285 26
3460 59
7121 6
5357 47
135 49
2691 21
4674 41
2216 23
9813 31
4037 8
2663 10
2885 28
7282 25
7597 55
1579 52
7005 49
4350 77
8069 18
8906 73
4001 32
7926 53
3449 2
4241 70
7074 63
8081 1
1438 8
2048 4
6879 63
9696 31
7556 3
864 34
9551 9
8191 37
4170 72
7223 78
9856 49
5362 2
389 41
7125 75
2602 37
4281 2
1883 49
8804 10
1227 29
4605 25
7789 52
6919 3
9189 74
3818 52
3208 17
7095 26
6041 24
5889 13
9806 65
5833 12
9097 77
2910 53
63 7
8421 17
6927 26
9944 42
8956 31
4538 9
9426 71
6699 64
5897 65
5410 17
8854 72
522 57
2199 12
6483 29
5966 60
9432 63
7977 77
9981 77
343 74
463 70
9221 8
8862 10
9572 35
7792 29
9636 11
4568 7
819 37
2218 59
9446 15
1077 2
8067 52
1433 51
4590 24
2702 34
3166 65
5305 2
7982 18
1416 40
2327 37
9844 46
7440 3
4788 16
3552 3
3225 22
4795 78
6473 47
8367 27
5029 38
5309 76
482 52
3102 19
8437 17
7561 2
4847 56
8555 14
1987 39
287 47
2122 0
643 71
298 47
5904 12
4560 55
2966 20
2037 59
5786 60
5176 38
9710 69
7357 40
938 43
6625 30
2202 3
4930 13
6228 33
7199 58
3010 35
5038 57
6963 14
7028 64
8187 67
6577 54
2883 29
1546 46
5201 57
3050 74
2694 2
888 30
6106 25
2871 19
5536 46
7613 68
6354 29
7354 24
7043 7
6080 60
1113 60
6667 76
6275 18
2522 78
395 69
911 12
7582 59
3472 60
4804 67
5493 45
6320 41
9438 16
4263 72
3477 65
162 29
8180 0
6936 19
7354 32
4082 33
2979 60
886 60
1821 65
9648 26
7188 28
830 4
2435 32
8778 23
2395 52
1318 72
1907 71
7353 17
7395 65
3927 29
5155 55
4365 11
8565 58
4706 34
2614 45
622 66
5025 65
139 34
2607 48
3106 28
6235 2
4950 49
2270 62
3113 42
1777 33
9971 44
6124 36
153 55
9881 13
690 59
7770 5
1966 24
3600 65
8393 1
2300 15
7088 43
7100 63
5281 40
1089 27
7503 58
8840 69
2542 22
5235 12
7173 7
4884 73
3086 28
1005 28
9861 15
8206 15
4771 35
228 35
3121 57
7769 15
3140 31
2559 34
1575 38
906 65
8090 46
3627 1
5113 48
1883 51
3208 39
3348 39
7082 60
4439 14
4553 61
9279 0
4414 10
2544 22
240 76
9400 22
3756 17
5299 41
7527 56
1338 10
5251 53
2351 61
996 34
1673 9
904 35
9836 19
7660 52
960 57
4281 17
3446 56
2341 50
8710 27
2147 16
6579 64
1130 72
2659 40
7941 60
9077 75
455 16
4737 54
7898 56
6835 34
4371 11
5531 34
9369 67
7880 9
4008 52
1570 37
1474 71
4114 12
6875 51
6972 33
2821 54
957 51
1333 21
2843 3
600 78
3103 64
7503 70
3768 64
4392 68
9696 13
3190 57
7140 57
8077 58
2196 16
3514 43
3781 25
8276 74
3639 72
8344 53
2907 3
1548 73
2662 15
6025 73
8073 54
4467 71
710 55
6876 2
5767 59
9001 12
9752 15
182 38
1152 3
540 74
7387 13
7712 69
7663 75
7618 63
5975 68
8279 40
5793 9
9527 17
1880 13
5011 20
1325 45
1774 49
3100 78
230 39
4604 3
1482 75
4961 40
181 71
8193 30
4917 66
4507 18
9241 24
8147 44
4702 38
7611 49
3885 20
5161 6
8795 15
937 2
5846 50
1568 30
9186 64
3553 59
4506 1
4248 64
2355 71
8972 79
8969 75
7185 3
9654 73
6043 57
1466 5
1427 23
1913 72
1832 13
1579 11
6285 7
9890 78
5734 44
7421 70
7907 22
8959 1
2077 62
1988 7
6775 19
4409 31
3464 7
8028 43
856 38
8426 65
1349 68
7624 54
8132 66
3716 73
8632 45
7245 26
9263 3
6707 21
5446 34
6221 31
543 79
7799 60
6873 0
4480 42
8512 23
4645 45
8488 27
453 40
8863 52
2329 69
537 67
2378 17
3294 12
7090 7
8447 1
2347 39
9664 76
5061 51
6434 56
5984 54
7400 13
4590 1
2296 38
8948 35
5870 48
2996 37
5222 18
3954 63
1421 4
6365 42
5387 61
2199 35
3373 45
8559 73
9733 67
5941 19
8129 28
2011 17
2009 41
540 77
1202 11
4059 13
6876 62
8692 25
2670 79
8203 3
923 11
8092 24
391 70
2406 1
2835 37
5776 6
4432 72
1226 16
6302 72
6027 57
2415 8
8892 51
8501 27
1096 65
2685 50
9787 70
178 0
5952 72
8323 76
7550 16
3079 50
7163 2
5827 7
5513 19
7656 38
6471 43
9706 76
3936 73
2490 60
2745 61
6011 64
3202 22
9669 46
3026 57
6089 34
9235 74
2911 45
3799 10
7146 42
9578 30
3726 57
875 7
1694 74
4139 51
5262 39
9365 0
4654 78
9705 40
351 74
8894 78
4852 45
9630 67
1793 12
5042 20
7851 71
73 68
4350 67
8076 18
3813 6
4063 71
8754 15
9664 14
4141 47
5130 48
9869 8
3 11
9853 16
2808 46
4898 65
9099 20
6646 17
773 26
7139 42
3615 30
630 21
7466 23
5453 23
5172 59
5299 56
1311 1
2712 43
5382 20
1828 79
2309 64
6215 18
2318 76
7457 13
3646 4
8192 64
813 33
243 58
397 71
2954 4
2868 28
5682 59
1248 32
636 73
653 45
2468 15
6821 12
25 49
114 17
1211 78
9327 37
8741 58
3139 46
5204 74
4920 45
8321 27
7226 3
6139 31
6123 33
4150 53
8974 11
9993 36
7925 71
5198 35
9264 72
8480 56
5639 18
87 60
2902 73
2943 24
6866 11
3055 62
7703 54
3372 69
9710 71
6378 34
5021 0
3507 32
1722 5
1033 77
6576 68
1093 0
7030 78
785 74
8618 54
3201 56
1037 5
8927 2
9317 40
3445 20
9394 71
1128 70
3815 2
2200 25
9931 42
1170 49
5247 57
358 42
6816 47
555 8
6554 74
8142 15
5184 49
4939 11
762 45
9144 45
3508 4
181 67
9422 36
9115 51
5377 57
5874 68
6538 59
6918 72
907 7
6934 10
5697 23
1058 16
9872 49
7740 77
352 9
7779 38
4768 4
2702 62
5349 26
1904 65
3779 39
3480 25
9122 62
7739 64
3754 74
8151 35
4305 19
8246 16
6597 9
7972 12
5327 0
5984 18
30 41
9122 75
38 72
9148 39
7843 55
3865 6
6416 6
8943 70
548 13
8745 73
4056 17
571 66
8052 62
4772 11
5261 7
5491 38
7723 23
9224 63
3569 19
2106 42
4498 30
9509 30
5251 24
3135 77
4792 68
8238 63
2617 53
9769 10
5649 68
2517 32
1480 1
6964 69
7372 3
3696 44
6301 61
7329 13
6000 0
7008 20
8289 23
6241 57
8961 67
9397 8
8058 51
1787 13
8675 47
478 46
8999 65
1644 36
2611 49
9314 6
289 44
3064 36
1540 0
7226 46
1522 39
4157 31
6866 61
7444 41
2177 31
9605 62
9053 66
3640 56
6573 45
9976 6
7863 53
7090 3
1057 3
2343 52
1194 3
102 78
4413 44
9919 18
4360 7
4123 71
935 30
7336 34
9898 18
8587 3
8238 40
5461 15
4798 50
8280 6
9504 6
7773 65
8728 29
2331 10
7239 10
9611 39
3833 52
7968 20
9624 66
81 12
4421 35
7324 52
7148 39
9149 36
4084 29
8559 18
4225 57
4035 13
4157 17
3359 52
3725 21
3603 1
2878 9
3659 69
5651 1
2446 0
8057 8
6217 61
6159 12
5124 8
9510 41
8537 77
8628 16
6300 30
5149 20
7937 1
6116 18
6459 4
5667 74
3344 30
8134 30
6517 35
1513 54
8640 67
8109 77
366 47
2673 43
2424 25
6911 48
5303 72
7116 58
2802 5
8728 19
8517 21
3239 59
3379 19
9370 61
6894 24
7543 32
4328 58
3356 12
2932 46
4259 7
2489 12
5395 60
4142 62
2723 22
934 4
2854 46
8785 7
4927 63
9867 55
8358 34
4667 52
7576 59
7166 6
7008 15
8214 25
7982 48
3812 8
3214 71
9082 68
4752 45
8927 2
2796 22
5271 47
7103 43
5949 48
8282 34
2654 26
4211 75
8623 26
1833 9
7726 51
7965 28
8998 66
4132 23
7344 47
5802 19
7698 50
6935 15
1376 64
7819 18
3141 65
299 47
645 62
8819 4
2276 60
9271 31
9649 32
3506 76
7942 78
6700 31
7864 18
5013 11
6305 26
4675 30
1309 30
850 73
9675 45
1781 63
3479 69
4460 41
9224 15
5122 19
8751 68
2037 55
8632 16
5544 68
77 2
3205 42
8089 44
3665 53
9980 30
8287 4
2391 9
6123 37
4402 51
2872 62
1446 70
3271 58
8057 68
1576 31
4006 76
7247 24
1475 2
1373 52
3037 30
8163 26
1907 19
3555 38
5618 58
2829 53
8076 42
3111 41
773 70
3069 57
964 68
2932 25
2511 6
7442 17
7376 6
7019 76
9864 18
1914 47
937 34
3540 36
2545 66
6497 67
3624 32
8956 44
1074 68
3179 67
871 23
6662 8
8395 17
4577 34
8961 51
9177 55
9568 45
4247 58
1581 62
1654 18
9894 6
4511 67
487 73
3275 28
7639 18
5906 12
2844 49
4027 33
6763 67
9569 30
8259 60
7012 41
7133 52
4374 14
140 59
3678 3
6175 10
7862 26
6407 40
5322 44
9253 69
9577 24
190 39
4784 8
2549 78
6959 60
7170 70
8700 21
5769 41
8398 64
1122 30
4035 28
9497 34
6442 74
4557 49
9763 1
8496 17
3498 27
2496 28
9486 48
8999 72
868 13
6092 4
7058 0
5570 33
6092 66
8701 74
6428 1
9535 50
635 25
1202 25
4953 79
550 26
6772 42
8586 36
6017 46
7478 3
3455 38
8673 74
9113 77
5281 64
4578 26
6636 36
2245 37
9564 45
530 42
6186 3
3431 41
2318 20
212 40
8344 4
7987 54
8304 36
5101 12
2493 77
3505 50
1650 57
2348 74
6387 63
5985 13
8963 25
6196 1
5027 67
1700 52
6391 3
7362 24
4702 79
7354 27
8725 47
4421 17
1134 32
9163 64
4978 18
7511 40
3699 63
3713 45
7899 9
1334 18
9092 62
8529 36
569 42
6531 16
5514 10
4729 50
1425 24
9994 59
2167 8
4483 46
3910 62
7982 7
9144 41
6950 72
874 0
7472 50
9459 40
5710 28
9061 63
343 35
4584 24
180 31
4851 67
5617 13
4448 56
5110 14
7441 48
2219 11
9273 32
5912 3
9869 51
9462 35
7855 51
3099 33
333 4
3135 6
9409 13
9114 5
3054 36
7818 27
5507 4
6976 69
9312 62
9234 73
2248 73
3962 50
7370 23
6204 27
4383 6
8766 7
795 15
5387 75
9658 62
7089 73
7361 79
6343 10
4063 49
7437 6
7544 42
1833 51
4568 71
377 56
3721 62
9556 45
7635 18
8696 33
4129 50
1727 55
2881 79
5454 47
8055 39
3229 60
7893 51
585 71
538 57
7523 15
1791 63
3268 74
699 13
5328 13
3693 77
9997 36
7478 2
7569 15
4109 18
3319 58
1061 34
1169 71
7328 60
5913 41
7298 15
1591 63
6668 20
9231 12
6257 40
3964 15
4843 27
9996 36
5917 19
9897 6
3766 77
5622 63
959 18
6232 13
9924 18
6977 19
9982 32
2081 73
200 10
7888 33
730 3
6537 72
6173 46
938 68
6960 25
2940 32
6809 52
1188 33
6352 12
445 36
2858 73
2347 7
8482 0
7444 65
8518 70
4 62
8955 18
5701 10
9233 12
5309 57
2781 40
9580 33
4932 42
46 69
8974 53
1320 16
6994 52
9696 10
9425 51
7691 25
2189 59
6816 54
707 56
8199 27
5147 25
8354 71
1453 4
2964 62
9997 3
2323 47
9306 79
2825 67
9252 55
6947 31
9863 45
6099 38
8178 77
3455 31
6522 43
7661 62
7451 24
8553 33
9067 49
9041 41
8938 36
9566 35
701 31
2802 66
823 71
728 11
9558 65
3366 77
2649 17
3061 59
2354 45
2627 23
2236 61
607 76
1885 2
9876 56
3073 48
1309 36
9500 73
1819 50
5258 7
7695 34
9031 53
3900 17
4846 75
7087 78
1708 52
9025 58
3834 77
4240 76
3606 13
1048 62
7288 27
2477 55
4677 1
1070 5
5082 43
3189 39
7791 60
2456 69
4971 61
6297 61
8748 18
4791 11
7806 60
2340 68
7929 52
2415 47
7319 58
5539 47
874 11
2274 17
7694 72
4828 15
5669 41
9756 31
1569 13
604 28
4659 44
3108 79
9993 76
232 57
9389 44
1970 79
1132 33
8753 50
6217 74
3969 57
8787 2
1853 14
3318 33
8954 51
1315 47
2205 31
217 39
8295 40
5513 35
2138 46
4735 26
5641 50
4161 51
4405 17
8781 4
7716 34
3983 59
4171 23
3668 72
8492 19
4649 54
7044 9
4282 53
4057 44
6417 53
5104 40
7342 32
6005 12
9733 68
6303 19
7834 43
5944 46
9554 73
5047 79
3623 18
1563 36
7479 70
1163 79
6922 59
6967 30
5126 52
4851 11
3741 19
628 66
2261 40
5187 58
58 53
8129 50
4545 0
837 26
2534 67
1963 75
1895 68
619 4
4209 44
8652 2
8094 55
6441 59
2612 71
1396 7
6706 4
9150 11
541 68
8110 3
5125 51
2799 11
7683 79
6041 11
8204 19
7878 45
1884 78
41 76
6277 15
2694 59
3868 0
9814 15
2896 44
1459 57
856 61
2330 68
7698 22
177 71
1872 58
1045 56
728 56
212 46
3873 52
5887 17
1647 2
7912 32
3311 49
5946 78
6110 2
3399 57
1892 52
6612 9
6901 30
5861 66
4844 40
8481 38
8082 70
6119 58
9096 17
6122 67
499 20
2539 13
1042 0
1163 8
5186 13
1349 79
2762 61
712 22
7593 30
8596 47
6246 13
8621 9
6145 17
1684 6
6854 59
1139 72
3335 56
1524 71
2344 32
4039 17
7896 46
8873 31
7572 76
320 79
5432 11
1988 3
8816 44
3193 6
9744 78
5969 6
7853 36
744 51
1015 18
5722 2
8588 68
1135 78
3342 27
8314 44
9334 69
6326 41
8827 8
8980 50
1467 59
2365 31
1209 32
2166 46
7489 34
8120 40
4322 7
3902 33
1687 50
4015 49
4790 24
6372 42
5993 12
9974 54
2083 25
9987 15
2089 76
2025 10
3472 12
7775 65
8491 55
9542 75
1896 10
4543 10
1730 60
2804 32
6352 39
5455 79
8263 5
6835 12
4661 51
9129 31
6569 4
2178 26
7375 5
7892 35
8930 40
686 0
7384 47
2502 78
5513 7
6995 62
5366 63
8518 13
6997 3
1938 14
3220 57
975 70
4384 39
1458 35
9844 63
3352 42
3829 41
274 28
5483 75
4950 68
7751 23
1210 31
8109 65
744 41
9203 60
8467 64
6100 48
4302 55
4058 25
103 57
1028 79
4551 40
5298 46
2403 49
6122 34
9522 62
8 64
6124 72
4889 35
4138 54
8832 50
4451 70
9508 75
2703 55
3121 14
5882 65
6473 40
9142 65
456 75
8360 53
6001 54
3325 1
1802 54
5925 27
2134 25
3207 25
7806 10
1426 21
7736 46
116 9
6345 74
4312 77
932 47
4316 27
3692 67
5476 59
2974 13
5734 32
7288 45
4606 78
2848 6
3566 70
9728 56
594 63
4560 62
8443 35
2152 33
7570 3
8779 71
6629 72
3553 60
4450 23
5686 59
5214 48
3102 9
7209 52
1411 30
7367 64
2760 17
3557 42
3946 46
7462 38
8373 55
4045 22
6060 53
5408 60
9224 41
1625 61
806 19
6768 53
8097 13
989 48
4081 22
2239 76
3582 55
4261 57
7678 67
4200 73
5105 15
240 74
8595 59
6287 77
8470 61
7587 2
6021 73
6572 18
2611 15
7272 25
743 65
5971 14
9531 14
4965 48
7616 0
3039 62
4838 15
9648 3
7007 0
4667 61
7824 61
4956 24
3286 34
6158 60
9679 17
2739 48
4445 51
9957 25
4409 44
4988 35
2220 58
1036 74
4915 9
320 69
9407 37
2457 0
6333 46
4069 21
6751 17
1198 71
2624 9
1400 26
8453 1
6302 18
9284 36
5642 6
3461 67
8214 48
444 67
390 53
933 32
1575 28
8385 2
9960 76
2531 11
5582 22
5593 41
1243 60
4314 78
2099 12
1237 42
4716 14
2808 2
3583 54
7951 15
1308 37
1003 5
5996 3
4833 46
5649 65
4235 67
6439 78
6300 22
6333 24
35 31
2116 13
3911 1
2451 61
1209 72
7188 13
9495 34
3200 27
7941 23
1621 25
39 6
947 8
9758 29
7616 3
1720 20
8825 20
6110 23
1257 23
9681 47
2333 73
7138 11
9998 28
7510 32
2162 58
4987 10
5204 35
9876 14
6523 38
1248 46
3006 56
9640 71
1685 51
5900 11
4412 14
483 70
5965 21
6547 31
5067 21
6948 45
4951 54
4736 35
2691 21
1924 42
8729 45
7901 73
7850 66
4779 19
3475 41
1197 78
2918 71
2882 27
1237 37
2400 39
7599 77
7657 61
4528 20
2323 37
4514 51
5586 45
2331 51
2966 51
9879 36
2310 60
3284 59
5314 20
496 38
8667 50
7170 61
4592 23
8396 55
9296 19
405 70
4949 5
7647 16
2836 77
9271 27
9385 15
2100 20
4384 22
1391 27
6107 66
2638 79
3865 31
5735 34
5219 36
7271 24
6999 5
1926 18
8051 37
4116 65
7815 28
5838 9
1229 1
1748 52
8820 20
6962 63
1768 43
6043 21
147 6
6165 22
552 49
861 68
9067 6
3195 74
7254 76
1510 73
4953 32
4844 17
4277 30
7727 56
7602 60
9341 42
1809 67
2508 13
2530 75
1490 79
3615 50
3062 30
160 41
937 4
1201 44
3118 14
9115 75
8817 7
2390 25
1046 53
9645 64
7444 64
8216 47
2866 74
4218 34
9659 32
8731 60
4612 43
8598 36
3492 67
3332 73
8494 1
1107 2
2949 16
943 23
3235 79
2869 70
4837 37
1236 19
8047 50
384 79
6383 29
2483 67
5804 79
6009 41
8008 11
3470 71
5213 73
2541 25
6949 14
2878 59
8266 10
5279 32
4501 29
1146 1
5440 54
104 5
9389 58
2405 9
5176 46
570 45
4519 17
1514 43
6316 8
2974 37
8769 23
3406 25
7207 9
4273 67
7188 61
8832 63
1285 77
3063 10
9658 43
8425 21
5581 11
7844 20
5113 71
7266 41
2118 3
1075 71
7226 30
6253 70
3205 65
4972 67
1558 39
6605 1
1040 73
1758 64
5149 69
8867 72
8315 10
3650 2
9430 3
2377 67
855 45
3886 22
6476 23
4377 5
5532 5
6258 36
4232 17
9387 26
5780 15
7951 76
8836 27
2363 56
388 1
4499 27
6831 8
1005 64
543 60
641 69
7324 38
5894 59
811 58
9504 26
8968 78
7160 14
7063 2
6216 51
7167 0
8006 40
4657 34
6413 3
2288 42
3176 1
8083 33
9396 8
883 16
8152 27
2210 36
3444 41
6835 18
8363 66
8916 23
7488 71
9646 42
5658 61
6724 1
9727 78
3638 45
2110 12
8004 19
8236 2
3802 55
6513 25
3228 7
9629 4
1829 17
3455 9
5626 50
5530 45
3598 76
7071 26
3672 51
9602 47
8387 37
1070 53
1106 68
4543 41
1121 65
4940 58
4708 54
1376 65
89 15
1021 40
884 22
3912 25
2146 43
6680 4
2723 76
2025 44
1868 55
9441 78
5332 9
3075 31
7001 1
9212 2
8520 54
7544 18
883 1
375 34
6422 41
5902 79
2107 9
6364 62
9094 48
9759 39
1785 5
1505 46
2881 37
6798 58
3094 11
7711 3
2395 26
8717 13
2269 74
2460 43
2499 44
9116 66
9864 12
2473 12
8518 2
8468 70
953 5
7085 6
2196 29
3421 28
5294 67
7472 3
6669 71
9806 68
4288 13
6236 24
2113 54
2503 40
4482 70
8469 19
2112 39
2276 59
8001 42
9069 44
4048 5
5701 74
9193 77
2577 6
6929 65
9296 28
3153 16
7537 28
5490 41
2841 4
1464 13
8193 38
7504 35
581 11
5766 72
2819 68
6733 64
3778 24
7609 78
4065 63
2254 11
2758 57
4565 39
9747 44
8811 9
9393 41
2680 20
2651 10
2824 41
5316 58
1829 3
3506 32
5365 35
5521 42
1544 8
4336 18
5661 42
9332 15
6937 20
1700 11
9531 60
6994 28
1176 48
6410 2
8008 78
3714 76
4648 15
7446 39
8701 2
5676 4
8476 49
8338 68
1749 34
9894 66
2741 76
1563 78
9100 36
3051 50
1068 67
5377 66
1066 5
3085 69
6588 1
4515 42
570 16
8343 73
4092 60
1318 40
721 7
777 70
7100 20
3269 39
1221 37
8303 29
6000 3
3661 63
9574 52
3700 57
6213 76
2977 63
1483 18
7746 79
6082 45
6020 50
1745 12
2839 31
2921 47
2035 45
4890 37
3584 34
6422 34
7089 12
2895 61
9523 43
7473 52
6983 74
4858 76
5938 24
5060 24
5388 23
1633 21
1422 33
9606 33
6656 1
4000 70
6087 21
8519 38
542 14
2268 52
3863 17
9745 77
8572 62
6024 33
456 42
8614 66
6275 43
192 40
9496 31
1972 62
5652 25
1222 12
633 58
961 50
6687 56
4798 46
1303 61
4761 75
4994 63
4299 70
9399 23
8244 61
246 1
4119 55
6437 31
5402 42
9102 9
7926 13
4621 69
6970 26
2724 31
4250 63
7714 5
5968 50
2114 50
5721 15
1725 69
2604 31
4889 29
5927 6
7905 19
5392 73
5912 52
1507 75
5377 9
3136 67
1174 21
7304 75
2308 27
41 7
7842 58
4091 47
1295 54
6264 59
9558 67
7744 27
3445 32
1238 32
1526 62
376 42
8534 60
2021 31
259 33
9792 21
3082 4
8732 28
1687 27
2736 75
1381 15
567 69
5291 8
708 24
8354 74
4111 50
5804 60
5789 63
4059 49
6708 52
7261 36
3143 66
2161 21
4959 23
3261 10
7688 22
6100 52
7898 17
6052 16
760 17
4851 37
9284 3
5541 33
2938 62
2301 75
6047 52
2546 52
1312 21
855 64
7651 59
5847 10
1579 22
2304 57
1722 4
8853 29
7435 11
9601 5
9573 7
6629 1
6772 59
282 47
751 37
8644 53
7409 19
8849 74
3492 44
9475 32
9522 29
9974 49
37 64
9931 54
7470 74
3202 78
7679 18
7190 65
7092 25
9587 2
3867 26
9 58
9751 64
3065 54
9510 30
3242 31
8308 15
7258 50
1998 59
4045 76
5075 2
1785 4
6581 72
6120 37
2043 61
8746 54
2677 56
3647 7
2337 79
694 42
4650 6
8716 12
9164 33
7236 31
9483 40
845 21
4941 70
4816 27
7252 14
7 47
4548 59
7712 32
8061 17
3531 49
7416 21
6092 57
4853 22
5253 10
1740 71
6089 59
805 11
7020 69
9252 27
5521 54
748 6
4884 6
6138 22
5755 36
7452 59
6455 11
8756 54
3434 6
3955 20
573 45
2172 37
7262 12
952 40
2356 62
4828 5
5927 59
1287 70
9024 27
5800 51
7283 6
7331 40
6919 41
5976 21
7960 39
1765 3
1149 42
5018 62
173 4
9738 3
5233 7
3212 7
8769 12
3718 33
6892 4
6727 53
5822 41
1415 30
7136 64
84 40
9830 30
7445 39
7872 52
6625 55
7006 72
5982 1
6279 1
876 22
278 79
6710 43
8313 36
2844 65
2189 19
5782 0
5551 36
3256 16
1822 17
3757 52
8354 64
780 19
5147 76
4320 52
8813 18
3958 69
6726 38
5083 24
8302 0
4305 27
9804 55
9117 67
5748 23
4566 20
7539 66
8183 62
9252 65
4772 71
8689 52
6988 2
5851 78
4700 42
1303 38
4131 45
4192 43
105 71
5790 72
8898 73
7534 0
5703 6
9806 70
8583 42
2073 43
8771 23
4583 36
4571 78
6560 40
2419 6
1059 3
3138 44
3990 42
4414 72
218 60
4769 71
9483 16
59 26
4250 65
9973 75
7409 35
351 7
3111 16
8546 44
9785 36
4591 0
513 17
1915 43
5136 32
6865 3
4868 5
8373 50
2078 45
716 54
5210 7
1090 52
2667 76
8644 26
1920 60
7541 64
3359 70
4051 42
5842 36
4423 77
7158 1
4465 27
5912 72
6197 13
2821 58
1815 28
8438 12
6249 27
9291 74
4186 69
1797 44
2227 63
7816 36
8407 25
2056 32
3849 70
2621 66
6392 69
2931 41
2542 44
1439 44
5150 32
8711 67
5986 68
6076 34
6267 27
172 51
9180 11
131 63
4541 32
7590 24
3688 42
1414 54
5164 37
7680 12
2338 3
3878 70
8555 8
6884 2
4574 17
8312 56
1237 49
9018 71
9192 74
287 61
3176 68
306 18
7172 30
234 66
1756 62
1794 5
7255 22
7992 29
29 6
283 75
2570 71
2500 31
4655 27
9412 74
3990 15
2042 33
9615 41
8815 17
5812 52
88 73
3375 37
3720 40
4823 10
8519 20
7889 46
7793 4
3162 11
7419 59
3307 60
8400 49
6888 14
253 0
868 35
8887 8
4195 18
8477 31
8903 14
6181 73
9764 1
4319 63
5089 53
9359 79
877 32
2342 32
8986 73
5687 33
1354 43
9747 45
1540 69
3598 44
1810 43
2268 73
2761 29
8121 59
1005 1
4333 67
7408 47
4356 33
9334 10
5262 51
6880 54
477 44
7681 26
1259 76
3527 68
8550 49
4791 3
4672 58
8019 53
4010 36
6142 77
8971 67
7444 48
3868 31
360 29
7273 56
9906 54
1373 23
2311 0
7891 34
4969 35
8769 28
4703 14
824 23
9016 26
289 38
11 25
788 20
8247 27
3417 11
5242 29
6383 2
1887 30
7433 6
1605 79
7577 51
1427 39
7488 79
5646 0
635 3
4230 2
3361 71
709 57
7354 73
94 69
4863 10
7913 46
3806 69
6679 18
5962 76
350 13
807 17
5818 36
7115 31
3160 78
6567 18
4466 47
4214 9
9719 2
327 54
3803 2
1906 16
3954 37
2352 70
3483 69
4111 63
5786 77
1194 34
1079 13
3173 47
9865 74
9706 73
6582 53
9319 49
5824 6
372 48
1877 21
1596 64
1514 52
3560 56
7601 60
2467 66
8967 67
4974 74
6327 39
4091 5
8154 42
1822 12
9340 26
5527 35
3610 59
896 74
3578 51
1042 16
9641 1
663 79
5283 59
5629 8
2721 19
749 76
4177 22
1881 68
691 17
475 45
6382 64
5975 19
7361 4
6098 73
8356 31
1691 3
2205 63
6047 48
285 37
6334 39
4844 50
2346 12
6300 29
742 63
8978 67
5371 2
835 27
3149 69
9033 5
2012 32
3199 78
401 44
8701 66
1400 30
6678 47
7598 49
7337 18
8241 79
5893 49
8150 60
3477 52
3009 31
6458 1
6139 77
2120 50
5543 36
2568 52
7005 65
9600 63
9731 30
7035 13
6882 43
8277 9
4107 40
7381 38
2286 29
7530 41
8905 71
4674 51
3959 15
2762 63
9153 71
5377 53
1326 52
1229 56
5857 67
5277 66
867 10
6564 74
5084 28
3536 15
1435 71
1781 52
8117 30
7625 40
977 62
3589 33
372 64
9857 4
9847 26
7260 67
8763 50
6999 35
3840 64
9807 57
5356 30
1921 1
7075 47
7202 27
5424 41
214 50
6824 0
4804 74
3786 48
5976 22
8106 55
8189 51
7159 29
272 68
3021 2
3006 26
8019 34
892 0
6852 7
5388 1
8052 11
3492 38
8422 55
2240 16
7874 61
6252 62
8050 47
3729 60
8508 11
7592 72
4832 20
365 34
9086 45
9620 31
9648 52
2206 74
3816 8
9628 24
4898 9
8919 54
5886 59
7850 1
9532 54
6855 34
9664 13
408 20
7098 73
1067 3
2803 18
1911 35
5796 74
2442 74
8135 53
881 75
948 8
4164 16
6313 45
7765 51
9888 0
282 57
3069 58
4269 44
7961 7
7107 19
4828 38
5615 48
3638 28
919 53
9627 69
3810 4
2019 57
1970 66
9501 7
358 7
4025 33
1919 53
7217 51
1819 19
2293 33
2996 21
2491 60
6352 9
9058 16
9338 0
8250 77
7512 38
5843 32
4824 33
3852 46
5887 50
8865 44
5925 75
4769 46
4323 14
7992 10
7523 29
4491 24
6322 67
8784 73
1759 29
3605 48
3925 7
4215 65
9975 15
6072 37
831 72
1471 71
6983 46
8094 78
9953 0
6619 72
8968 79
5586 31
9511 49
3485 58
5732 2
524 19
4801 9
4280 48
3729 2
6271 16
2933 77
1010 69
9601 2
9304 56
617 30
4984 77
6056 31
4396 52
8316 25
9890 25
4732 2
8507 25
6522 32
3737 1
3509 45
778 52
2220 20
4911 25
1719 11
7711 31
6615 28
3670 14
2340 50
3028 60
3400 60
4305 72
482 49
4763 54
4748 17
3972 72
4226 20
7199 5
9906 49
5195 8
6489 13
2851 72
8262 78
1261 79
7420 42
2984 58
4967 17
1454 28
4929 36
1602 31
9555 48
1350 72
1378 11
5065 69
8013 10
7910 38
469 28
5944 38
9516 7
1320 20
514 61
801 50
7269 10
490 25
2189 45
5349 7
8270 1
3771 71
8977 54
4525 43
4224 65
3319 55
8397 29
9588 77
7553 44
9254 33
851 30
8891 9
4527 60
581 51
9043 66
5939 67
9351 7
7481 23
3139 74
9046 72
1180 10
7037 79
7038 50
5881 66
4857 64
7186 26
9918 65
7711 34
4832 74
5221 78
7516 37
7466 6
6563 70
6042 77
541 41
6679 66
8870 43
6160 2
2954 33
8021 56
4099 24
4522 19
2628 10
4703 2
5976 74
3995 46
5482 28
6806 52
4773 52
7402 14
5659 41
7978 28
4621 6
8438 36
2507 29
6683 36
8177 8
3376 48
322 78
5631 12
7161 77
5198 39
7776 58
1623 2
8633 3
9967 28
9209 45
9835 59
5667 15
1181 73
3712 74
4041 9
3562 67
5449 52
5866 47
3729 5
7898 42
665 61
5342 35
5371 3
1304 40
5250 12
4843 57
7033 34
7748 60
7952 21
7643 61
1547 75
5634 79
9576 69
7428 35
2807 15
698 19
9809 51
1707 12
9087 60
5036 54
1544 18
2814 34
1815 22
8381 63
9180 75
4366 40
6952 79
3657 45
2825 69
662 77
3479 65
8286 61
5930 79
5407 39
9602 16
2835 66
4240 17
9310 10
661 58
6141 60
3218 33
9421 17
9764 72
905 52
1756 9
1665 65
4891 44
9364 27
6992 51
5509 10
367 35
4618 16
4513 47
3766 55
3251 50
7287 9
9722 25
163 10
6503 27
6515 6
8245 70
9930 19
2717 54
3131 50
2834 36
4152 72
7122 58
3383 3
6734 79
8166 27
2892 35
493 7
6665 8
1566 41
9157 43
4086 39
1296 78
9982 71
4811 35
199 38
1108 71
5341 37
8268 72
624 0
9571 52
3319 44
9114 0
988 45
6994 50
4485 65
7608 44
6729 29
8147 54
5092 66
980 38
3346 59
8054 46
9705 5
4823 34
4410 27
8916 36
7057 13
7498 78
3902 45
1586 43
5027 71
6837 19
4134 42
9234 2
4927 6
1990 19
6252 20
6428 46
4982 12
8748 59
8236 71
2416 49
8903 67
9084 0
5429 44
5522 39
2639 29
3927 35
833 67
4591 37
7948 73
8518 31
8896 21
1934 27
4563 79
3025 23
1005 9
8483 33
7235 64
4337 26
3190 14
657 26
7228 40
849 33
5395 75
9859 21
4572 46
1932 61
7771 20
1050 9
3352 16
26 75
3557 21
5837 38
6009 58
1455 49
4930 38
999 72
1317 29
9712 16
8231 71
3245 5
8746 9
4511 34
2272 35
1538 59
2754 53
7462 10
3159 30
1192 21
1900 35
7137 8
650 41
8563 53
3835 63
641 52
7668 26
7323 8
7131 30
3072 49
9552 38
2254 55
8734 1
4214 9
3525 57
139 34
2075 65
4294 4
6743 58
4700 52
9504 18
4178 2
4636 26
8633 36
5681 66
9383 62
4485 3
8813 15
9017 56
7397 27
2736 58
3009 33
2889 55
127 24
4074 46
3973 11
7215 58
8997 30
5111 41
29 11
4846 7
6642 62
8162 76
6968 41
2338 46
8813 53
2013 4
7599 38
1307 9
5389 73
3379 25
6687 60
5570 76
9391 58
3781 59
4491 50
6913 67
4317 4
3006 53
767 55
3092 40
2070 73
7633 12
6373 36
3062 76
286 25
4542 47
291 29
8998 42
3307 44
3929 54
4867 46
9890 57
4820 52
9588 36
1082 63
7545 40
5969 62
4211 54
4196 65
381 2
2624 15
9025 19
1518 0
7379 26
8593 8
6907 44
5060 33
7699 45
4361 35
3802 75
2088 35
4930 36
4344 69
5868 5
8963 31
5370 17
3687 28
2493 58
9495 10
8819 46
8776 65
5234 49
3984 64
2225 19
2974 69
4083 46
5447 56
9526 63
9495 52
350 46
9093 52
7212 27
2620 7
4763 71
8572 79
182 44
3307 75
6851 74
2561 46
38 48
5061 60
9561 51
2445 50
9785 29
6881 47
7363 21
4417 66
9191 54
5942 1
7886 79
5784 35
8683 39
6832 75
1945 11
6639 17
6282 22
5430 79
3521 44
9656 5
4200 50
7022 9
5617 45
1337 62
6940 37
2411 16
7860 38
5391 74
7509 52
6114 4
6737 24
1371 12
3750 11
31 31
4611 77
8320 20
4217 51
7649 70
8829 59
2400 29
3861 45
9844 7
1816 79
7029 71
6738 37
5958 58
9276 20
8346 3
1198 34
4840 18
6538 59
8832 69
3384 34
6224 11
9932 66
6462 65
4090 16
463 11
2016 0
370 64
8274 16
4884 66
9603 52
4197 73
2174 15
3122 60
3930 10
17 27
8797 21
3719 11
6339 72
9604 79
1056 20
1857 79
9550 10
7122 24
9266 23
7718 16
4007 28
5108 52
5123 6
3996 31
6677 78
9781 9
875 62
2502 11
8651 46
5559 10
8836 11
7552 24
1123 68
564 18
5295 48
6345 54
6812 79
7550 38
7205 27
4128 66
8860 74
3782 37
6498 3
1242 78
1508 43
5871 40
1770 43
6874 24
2932 48
