100
10000
1112 28
4153 5
5901 33
5726 63
3913 74
4995 68
3458 26
3280 4
3448 75
4031 31
267 2
6301 24
5669 77
8332 69
4750 12
8811 21
1196 74
933 14
1690 70
9887 18
9278 34
7849 61
1373 71
2067 30
3323 35
1697 31
3492 16
9088 35
9296 34
5688 76
6806 29
8917 54
4843 65
8318 19
736 19
8882 51
7394 25
150 79
2721 49
3814 34
5891 79
1908 70
8543 65
701 39
4174 0
1542 37
9795 5
9027 43
1871 54
7975 23
3848 28
8723 6
8769 18
8303 13
1521 76
9230 54
868 49
5941 69
1406 7
7581 6
5379 42
3176 70
9958 24
6615 74
5051 12
2885 63
8460 21
1696 47
6705 18
7170 61
7493 28
5366 45
4696 0
9405 19
7609 39
5751 22
9463 68
3975 49
3811 58
5194 54
8569 40
4229 79
5124 17
391 66
2817 28
1786 32
7118 21
9306 75
9620 78
8819 66
5643 70
5577 42
2463 51
9149 10
717 15
1996 67
7876 77
1561 10
8058 6
8616 4
6739 4
7831 13
5787 27
7894 52
5531 63
8761 71
9603 38
2147 70
5699 10
6434 55
4337 42
1974 21
4808 15
6061 5
5866 23
7260 40
8160 63
8002 22
7175 1
6796 29
7001 71
9291 69
5527 59
8930 47
5849 30
2510 58
5325 33
7969 49
6186 35
757 4
1051 39
8061 33
3058 65
5548 64
1054 77
4013 72
1000 27
2347 65
2721 43
8695 23
4885 34
210 7
8206 22
879 73
4019 76
9076 27
8104 75
4982 70
2248 28
3202 78
7812 1
9060 27
5058 47
1590 79
5105 9
3984 68
7464 26
4061 3
5776 15
5977 35
768 47
1443 77
7253 7
3491 72
3636 54
5040 69
8260 18
266 25
7178 22
3304 34
207 41
3253 72
7670 27
8179 34
8763 14
321 66
1465 31
7537 46
9928 64
2707 28
452 19
8477 25
3804 52
8812 6
379 20
1828 15
9187 62
812 57
551 40
5164 40
9331 8
9410 26
7723 32
7695 52
3049 8
5435 22
527 38
272 45
4567 44
9823 22
60 46
6036 74
848 30
7694 10
3006 22
1524 40
2446 1
8161 63
4439 39
8374 49
810 51
4248 75
8453 51
2 54
6810 76
3361 77
9671 23
9781 22
9823 11
9983 0
6874 8
9921 7
571 77
8978 54
2546 55
4099 41
2672 7
7034 30
1892 15
7560 56
6199 41
2457 32
3953 3
8712 8
8764 74
2815 77
1321 18
6875 25
7308 16
7301 65
6053 5
7723 34
2535 71
675 3
6577 77
1281 71
9299 70
4229 33
7305 23
9960 36
6291 16
3433 54
628 9
952 1
3799 78
2174 6
1465 36
334 46
9362 7
3688 62
8637 49
7986 22
6747 73
6447 22
1321 54
5056 13
1525 15
1999 48
2314 0
6985 20
3556 59
7946 72
9895 8
7315 49
5316 26
2256 35
3469 0
9440 9
1986 37
4020 2
2193 37
9941 40
4454 76
7275 14
2753 12
9707 37
9555 10
2592 27
3155 70
7786 33
609 38
468 71
1978 30
1795 70
4832 61
7765 57
3042 71
6060 57
728 75
2669 68
5252 16
7080 25
6025 17
7148 19
3028 1
2304 48
7429 45
3437 12
1227 45
5103 63
5374 7
500 47
358 16
2796 51
708 63
6628 38
6148 49
9367 52
974 50
8611 36
2449 62
2842 66
5345 4
9895 40
7196 36
7418 24
3196 21
9607 57
9036 37
5724 27
9834 14
246 24
5456 17
9489 10
4429 66
3452 19
6183 0
1617 61
9452 79
7660 14
1451 36
8957 7
1165 60
583 41
4696 10
5140 5
3706 59
9213 15
5525 7
9115 46
5832 22
6666 2
6007 28
1624 66
9988 51
8568 18
5669 3
2433 46
7155 49
9204 37
9833 33
1983 20
2944 25
2473 61
7990 20
2878 21
4546 64
383 23
8056 21
4993 24
2613 1
7876 56
1161 5
9771 65
2994 6
2038 32
2012 32
5614 61
1194 46
6231 56
243 30
5162 34
8956 21
8056 5
997 63
411 49
7495 32
6798 68
3085 28
1278 70
9743 16
7643 46
2729 27
75 20
3927 76
8915 35
1274 57
7665 74
6089 25
7651 16
5792 15
447 18
5395 3
2161 75
4900 31
6497 78
5471 35
3526 35
9894 69
1626 28
4103 8
9913 34
1792 40
6887 33
8733 64
4092 77
7374 40
6418 79
3624 46
6540 64
8597 79
7515 32
4111 66
9548 67
981 34
5836 10
9657 38
6077 58
9463 15
2381 74
4682 45
4927 14
571 46
1024 27
20 36
267 6
9347 2
239 14
7298 35
4999 67
1378 7
710 49
8920 74
441 61
3746 19
9169 26
6633 70
3692 73
2611 38
3755 43
4700 11
240 67
5411 28
7086 45
7882 9
2119 22
7088 55
1446 38
6274 24
6610 49
4202 39
5122 69
5782 62
8571 32
8883 52
3063 66
6176 5
3198 27
3552 79
7661 33
1090 55
626 63
5782 71
1234 13
9416 52
5873 56
551 79
5640 47
2929 40
5080 25
3687 58
1827 38
4156 8
9547 48
2811 50
2939 77
4767 3
4018 52
1700 9
8434 74
3197 2
6305 72
6210 32
4378 43
2187 9
5639 55
8409 14
4812 24
3036 38
5807 71
7509 70
5326 38
2538 63
9976 72
6246 36
1377 0
3471 6
9855 52
7749 78
7054 13
687 38
3669 46
3689 20
7343 79
5262 4
1294 5
9130 17
2753 15
9699 64
9946 32
852 74
8461 68
2271 67
7760 0
8901 75
9187 27
5580 33
8812 35
5838 63
1237 13
4284 22
5574 77
2679 55
3383 46
9442 74
3325 62
2940 79
3796 41
8758 47
2342 49
497 14
3764 55
1767 15
7707 8
1428 51
6675 71
1632 48
7496 35
4571 58
9102 68
9664 65
7160 40
1993 55
4461 36
5739 76
1324 57
9693 40
6003 53
1676 20
6439 67
6703 53
5020 0
924 22
3911 75
5521 17
4879 56
1167 41
2042 0
4560 71
2233 73
1949 64
175 14
9317 31
6459 43
8944 68
7468 23
2499 72
5484 77
3905 76
2127 57
6534 29
8479 60
9629 70
9251 76
7777 51
3783 44
4085 61
1649 51
5987 22
6483 43
2552 35
1927 40
8739 1
71 2
1843 53
7818 33
6726 36
6570 5
5791 12
1519 79
9168 77
9052 0
433 8
6519 60
7830 34
6260 73
9036 20
8520 42
6017 67
5041 67
9454 7
8240 24
8495 58
8576 54
9411 63
8708 30
787 60
8046 57
7397 37
2588 61
2021 70
3053 27
5741 45
910 17
9348 50
2230 35
9503 68
8814 33
3957 50
9016 53
3527 66
5525 75
3306 49
6886 45
5483 72
649 42
6134 7
9423 51
8973 65
4360 34
8563 3
9479 38
8288 2
7617 15
2960 64
9679 51
8312 59
9404 27
9701 34
1255 14
329 69
6122 39
2988 8
1667 5
7367 35
357 47
6579 57
8327 18
7625 51
8552 72
3954 9
6608 7
996 76
8335 67
3631 3
7470 17
8440 47
255 41
2483 61
1893 22
3897 24
9408 14
6453 73
2906 73
7214 12
273 48
617 64
4838 51
3284 26
2035 6
5319 71
8343 25
3746 60
4883 3
5332 27
2402 26
947 5
7596 2
1057 38
7676 0
4502 33
119 25
7151 25
8450 60
9603 26
5132 24
1568 2
6165 43
7830 63
8358 41
7469 69
7957 53
8263 76
7681 31
472 20
1116 26
2859 70
3303 8
4599 73
3626 69
9101 62
8975 61
3842 40
417 11
3077 75
1869 31
582 48
6678 26
806 18
5479 9
1994 24
5587 28
3566 15
1279 66
4240 52
2848 67
1695 11
8089 41
7822 14
4244 12
6336 6
81 41
8576 15
7182 14
9981 75
813 5
1029 5
5820 58
8211 0
9602 58
427 76
7851 74
5734 69
2100 17
528 56
9847 3
8659 50
7434 59
2770 38
739 69
5351 43
4279 5
7250 48
8824 39
1733 29
235 68
5247 55
8479 45
9712 32
5982 72
7827 41
9456 52
7132 4
5090 74
8318 10
7525 50
9149 70
6450 79
1592 76
5577 24
6937 42
3836 20
2636 57
5030 33
1405 15
514 65
601 21
9471 66
6462 48
872 25
8306 78
7896 10
6021 47
7136 70
142 14
1491 1
6519 74
7578 46
4802 37
178 26
5234 8
9479 2
1792 17
4363 50
5315 10
2001 27
2743 55
8313 64
9815 12
740 30
8304 56
6059 53
3878 3
866 71
2355 15
1221 27
1823 61
8656 30
8440 0
1644 72
9738 70
8694 70
1032 24
6981 25
6602 31
4846 27
8196 49
6528 57
3598 71
1255 49
5674 44
7730 73
7341 36
3133 10
6191 70
4522 55
2936 40
8448 62
7205 70
6804 57
2668 62
8577 65
1046 26
6518 1
157 59
7263 34
6303 63
3704 24
2958 47
6918 24
6121 40
5051 36
8440 20
2269 69
786 3
6460 52
8220 59
5252 53
8096 26
9230 0
7365 35
1392 77
8000 29
5109 75
1936 52
3542 46
1446 9
3945 35
8064 77
1021 48
9329 6
7213 13
2339 27
3732 25
1752 18
2945 59
4465 67
2111 22
8323 9
4606 39
5816 5
7363 14
5476 62
6148 71
8500 25
6378 4
8179 48
2595 25
7366 18
7245 3
1560 24
5860 21
8203 47
9228 1
8864 71
8987 32
1414 23
3210 78
7362 74
7245 53
2698 26
6638 20
8738 23
2242 59
8224 68
1973 70
8351 47
8475 4
5802 59
8228 34
6515 12
8046 41
3165 62
3055 65
92 2
8855 0
4131 37
4482 4
285 79
684 40
6928 69
950 70
1068 12
3211 26
5431 75
4310 46
3895 27
5592 55
3187 62
8431 43
23 73
1637 78
3692 63
2766 8
5553 27
3460 68
4163 41
8308 23
3885 2
513 27
2385 51
8003 8
1883 41
7712 14
2444 43
1403 65
7084 51
3102 17
8969 10
1744 36
3028 63
843 18
1841 4
7761 78
3376 54
6431 60
3771 70
1044 3
6059 9
7929 1
6474 72
3931 53
9604 5
4621 13
387 11
3253 76
3000 64
9392 56
1122 10
6166 61
5974 11
4018 33
6249 42
2753 69
1013 63
2710 21
8028 11
1619 61
8301 18
5325 71
2837 70
2659 5
9259 1
8462 55
4079 46
1332 58
1287 69
9374 62
2342 49
5104 66
6466 0
3931 29
8454 38
1041 76
143 14
9947 3
7906 63
4595 66
5125 70
8271 38
5005 6
7000 24
401 25
998 6
7137 17
9349 76
4433 47
5362 47
2840 79
3101 22
5552 14
8308 53
7351 58
8044 55
4025 4
7104 39
2766 36
3141 11
4276 58
6384 30
4580 28
3947 40
283 65
5544 28
2357 8
8891 31
2888 70
6084 48
330 26
2056 8
4932 15
1660 62
140 29
8677 23
6626 44
6170 25
1050 71
9860 43
6413 25
3669 43
326 6
2094 75
6773 24
1962 25
1386 53
7126 57
6586 41
2346 33
7869 38
9522 32
9480 20
5520 60
3780 6
9255 56
2501 59
3435 62
5472 30
1285 30
5282 27
1899 67
1613 29
5641 14
9728 57
1667 18
9447 17
4299 43
3235 54
5661 43
7581 29
6309 51
946 60
3574 26
538 50
1372 77
2053 0
6045 19
1141 72
8481 12
5983 64
1291 69
1608 19
6452 43
5202 68
9554 58
5390 48
5082 48
8891 47
30 67
4876 71
2352 43
3524 45
5415 29
1637 72
3346 5
6891 68
3782 64
311 0
2961 3
6330 69
8721 12
5534 3
4270 35
6014 73
5883 44
300 32
7691 76
1663 21
4901 20
1146 50
2922 47
4856 24
2455 21
7685 43
5777 9
594 26
2643 54
8087 41
7415 16
4648 77
2922 26
6739 35
8964 68
5495 61
8695 62
2675 26
4756 45
4743 17
4878 8
3954 10
3030 49
9444 41
1952 43
8443 24
1587 28
1439 63
5142 32
9002 35
5426 23
4959 40
7805 76
8790 4
5731 67
5292 2
8162 31
1903 0
5543 61
5214 22
7877 32
542 34
9944 58
2967 36
6044 3
750 35
4018 9
1467 27
7900 21
2555 52
1914 69
9621 48
4748 76
7346 32
8447 34
3804 35
7066 9
7823 61
8014 61
7603 64
6783 7
1657 25
7980 79
1301 25
4492 27
2954 46
1416 8
3440 46
3131 19
4279 16
2270 53
6337 23
4745 73
9606 11
8095 27
2395 21
1783 63
8632 23
4887 59
2053 22
8456 3
9261 38
5299 79
8623 32
666 58
4962 2
4380 73
4274 19
5914 69
3660 65
3138 72
6187 9
4701 0
8133 3
5883 51
5559 55
4709 48
1984 48
405 29
9814 59
9744 35
4689 11
5736 18
2463 77
6966 17
5215 35
1910 22
6703 64
5025 14
7782 63
5411 74
3376 48
1158 55
4891 15
7069 56
3222 18
4452 18
3060 16
3236 36
2511 41
3773 64
9012 69
6810 58
7590 45
2356 77
9093 0
5826 4
2421 67
4540 44
7296 9
1424 35
1038 42
2183 12
9952 67
4710 51
9835 41
9669 7
8860 75
7709 9
7779 4
9231 16
4242 74
5649 54
7906 6
4961 18
3698 0
4664 34
2296 6
2575 5
5899 73
9018 19
6863 68
5675 74
8646 25
2614 54
9292 42
3230 11
6026 33
2719 2
2192 61
3077 14
5307 25
3739 26
6184 58
9316 49
6597 69
1447 73
5161 59
8017 76
6114 67
8603 69
1542 66
4439 68
5042 25
6234 78
8330 10
5461 52
9442 72
6926 45
3374 43
2937 35
3976 45
5717 23
4223 52
3653 66
1258 60
8006 26
5652 65
9047 45
7966 5
7931 77
1132 52
544 23
8156 34
826 1
2982 28
8046 16
8734 4
5042 35
1341 35
9925 16
2735 74
8521 25
3202 41
4627 11
7221 27
5254 50
7590 12
8477 76
8972 57
2738 41
1710 2
5251 75
2614 78
6626 64
9643 27
693 73
5227 15
4903 71
2311 33
3117 17
9155 46
2142 52
4891 72
3170 39
100 65
6057 41
4448 0
8573 74
5287 78
7803 51
971 32
5472 50
9560 33
3518 22
2395 27
1266 20
7790 33
2319 36
8802 28
6153 43
1434 64
5275 53
8642 11
717 78
3081 9
9354 14
7400 55
3518 15
50 2
9037 12
5198 27
9338 8
8142 41
4371 39
7552 43
4191 45
4274 57
2932 49
2712 69
6942 62
4981 68
1479 70
4456 35
9338 51
4658 39
6593 28
9227 21
9882 16
3549 43
6229 18
6094 73
4499 33
2081 32
3015 2
8806 5
17 76
1467 49
8021 0
7725 40
5749 35
6557 20
1327 10
475 46
2664 17
6226 9
2453 23
7939 43
3185 26
7797 56
7877 74
6950 28
7945 29
9623 21
8092 15
9555 59
7339 19
5341 45
294 26
1784 74
2826 46
8165 8
2499 76
8464 20
796 77
186 71
9528 15
3529 48
6443 4
7925 4
636 55
5500 48
1991 54
718 6
3284 32
8005 11
4154 61
7350 12
9701 68
9451 8
522 61
2993 63
2852 4
7495 37
8449 22
9882 50
4872 76
1861 73
2811 65
4778 51
240 1
3472 56
6623 16
3293 73
2824 68
6676 12
4578 47
1551 5
7374 29
7747 78
8866 39
7930 19
5765 18
1449 60
1271 23
9395 40
9170 64
2086 18
5897 59
2591 51
4081 30
4000 52
4830 71
1699 29
6283 47
9810 15
2679 43
4607 59
4299 45
3555 45
9191 46
6384 40
3260 16
7645 47
3946 4
4859 61
4473 23
4740 50
4755 41
4553 11
1839 44
5781 45
1975 69
4971 45
3858 2
9533 79
8756 40
5450 41
6947 23
454 67
3188 12
6097 61
4585 20
550 45
1409 72
2027 51
697 25
7813 59
6334 57
3732 47
5076 68
4688 6
9290 25
4893 29
7473 57
7330 0
1765 10
7626 54
7380 56
5505 38
9808 9
3444 73
2457 43
629 77
41 45
6769 51
7873 55
2612 39
489 22
9030 74
1726 8
9483 13
5490 48
3026 59
4368 71
346 19
8898 15
3976 17
4958 69
8639 56
7912 67
8385 63
6134 47
7972 5
9736 51
9447 2
1210 25
5883 27
942 19
3293 49
6421 37
8193 39
3607 0
3101 31
9132 11
5775 32
4784 64
8768 5
5906 32
3783 69
8551 52
5052 58
6999 1
3982 64
4150 39
9944 29
5823 22
7830 55
1646 45
8054 54
1108 1
8335 39
3621 55
8764 26
482 62
5597 58
4701 28
2300 38
6546 19
2769 32
9920 63
5333 17
369 63
6867 22
8490 29
3623 60
9695 76
6869 68
6767 45
9053 34
2094 46
3350 40
8683 32
4205 58
981 67
1598 30
6245 16
2483 18
8683 50
9826 73
844 34
605 51
3720 14
1092 56
7912 38
855 65
6326 2
6398 52
7978 3
4784 26
9522 21
1339 46
8782 29
9472 36
211 53
3503 51
5041 1
7452 32
6313 77
4323 57
7209 21
7885 75
5793 32
2025 65
1490 58
9129 42
3875 61
8150 4
3086 59
6016 27
3803 75
9335 72
7682 61
3227 56
8041 44
7304 58
5510 31
3516 4
4886 27
3972 35
3835 57
3138 29
6558 47
2228 38
5309 62
9827 42
9410 72
5156 13
9622 43
7931 45
9594 79
1025 16
4924 40
8667 0
4359 23
9195 63
1925 51
7803 73
4498 0
4922 37
4344 10
7278 23
8880 16
3424 69
4775 15
5215 20
3302 42
9928 14
4825 35
3332 66
6478 73
3056 41
8792 29
6839 64
8117 67
7183 71
8248 34
6497 53
9340 23
2011 53
1276 45
883 17
541 33
2065 25
3102 37
4592 16
3109 67
8500 52
7052 59
9429 8
5181 27
4778 63
1535 11
3175 23
6202 18
8311 16
9532 72
9026 56
4809 72
676 68
7609 65
8821 76
1775 11
1083 20
1190 1
7318 35
2749 30
9582 2
2583 72
9331 2
6662 20
1661 26
2140 4
7122 28
188 36
8494 67
8110 29
910 60
4650 35
1634 61
4231 18
6526 22
9688 16
8156 35
835 14
9516 11
4407 64
9640 56
2198 23
346 51
1723 24
1900 43
2658 43
7658 18
2360 49
2700 53
3753 50
7081 21
5727 35
4303 22
5174 1
3151 4
6894 44
9532 77
9882 51
1668 48
9686 8
8346 47
5491 31
283 67
717 40
3637 77
6502 71
6860 20
8398 60
493 16
7360 68
9042 34
5435 44
6262 78
6853 13
4347 22
9936 72
6756 36
3598 62
6924 67
4356 13
538 27
4453 35
3957 7
4444 32
9032 53
2402 60
8636 9
2585 66
7630 62
8913 8
7038 42
3401 60
8589 77
1637 76
2673 38
9120 2
2238 2
9980 10
6324 66
2271 34
4250 71
872 45
941 61
7090 51
8636 17
9168 25
8129 1
650 72
5548 62
2867 29
4290 32
6604 77
3169 55
3037 34
4689 25
3607 6
7019 13
7103 10
7256 66
5577 20
7328 44
7276 20
96 29
1863 1
2701 60
3744 4
414 5
4794 0
3939 13
3203 13
1668 15
7238 64
8212 24
327 56
6504 76
776 72
4997 3
9270 28
7770 3
4036 58
5090 74
3970 38
2728 25
1927 49
7684 56
9000 79
1552 74
4587 36
3414 46
174 59
9285 46
8068 19
2078 8
3401 22
879 55
9334 38
3413 29
8610 6
7875 31
5956 3
5726 77
4232 14
4158 28
8962 71
5555 2
2467 70
6275 14
1177 73
5287 33
3960 22
6806 45
5440 59
9016 40
3085 26
2481 29
8746 10
1102 47
9419 12
6735 11
9818 11
7731 9
6203 30
1102 30
7245 46
6236 34
4291 79
8650 73
7045 77
8984 48
2305 35
1508 21
4360 59
2457 35
3450 45
9943 57
4852 22
9188 38
5581 39
5982 68
7385 22
4947 46
369 38
4074 46
6172 46
6350 39
24 8
2900 60
2575 72
7404 12
6132 23
1331 11
9779 27
7825 78
50 4
2918 18
7131 6
2243 57
979 14
3619 66
9967 35
4082 52
8169 27
299 71
5415 55
8848 63
3553 76
1343 37
5940 78
617 36
471 26
3406 45
7609 33
8065 56
8967 45
6152 71
9415 49
1021 24
9544 49
7294 8
9498 10
9743 79
686 32
1020 75
7676 3
1050 12
2755 77
6368 57
9272 11
9732 46
674 21
8517 67
8183 27
6341 74
9939 29
2928 68
6063 7
8171 16
9958 8
5901 49
197 78
6069 27
6577 0
6686 74
3183 56
5625 15
6434 10
2826 24
6561 69
2807 43
9439 4
5552 15
6877 1
6678 71
9151 72
594 27
2973 36
9527 4
8914 56
6700 36
119 44
1913 64
7179 65
1118 60
8692 3
3285 33
4722 42
2694 77
2523 77
8189 39
4762 52
566 61
9948 24
904 28
2160 41
3563 27
4064 59
2104 4
9448 62
5573 17
2321 41
9731 31
2643 67
2952 33
4459 13
5174 36
9949 63
2014 74
32 77
1603 6
3890 22
2731 51
7755 58
5981 0
4909 21
5019 44
1242 75
3348 26
4808 50
7045 17
8962 39
2223 3
6357 78
1538 24
2817 73
8613 54
3304 52
7305 31
8379 27
1855 39
2028 73
8568 33
3440 14
6130 21
6603 75
7246 0
608 45
800 23
527 52
4981 9
8762 0
6821 65
5129 23
6671 69
73 20
3459 14
5353 63
8207 4
3011 69
1503 69
5115 20
3291 33
2361 21
7975 37
5758 7
9230 18
8342 20
4440 74
4383 34
9914 23
4480 72
6494 8
8021 10
7957 56
1434 36
1087 12
4106 31
3009 41
3140 50
5185 32
6484 24
7365 8
7727 10
8174 22
6508 10
8034 42
2294 11
6143 73
1878 63
7796 67
4728 15
7903 33
8961 65
4178 45
898 57
8877 77
2267 62
7333 77
7630 23
8337 40
9950 2
4094 67
5512 65
1573 54
7652 34
4159 8
5764 58
2037 6
268 61
4763 31
1092 44
3846 47
627 11
6567 22
830 14
8947 52
943 79
1088 68
5932 47
9321 50
5407 55
962 10
9818 73
2726 31
9455 72
4394 20
4348 64
4212 10
9003 52
4889 7
3360 3
2536 79
9148 69
4079 18
5936 39
2093 18
1316 33
1431 79
8442 49
7672 32
2564 22
538 32
1090 58
2344 35
4464 28
4410 20
7544 26
3093 44
7099 24
3224 33
5525 47
3262 25
8432 5
5728 73
2896 68
858 62
4993 26
4848 71
3270 77
1249 29
4118 24
3494 64
4460 7
5810 16
5231 59
4728 69
3726 42
4715 75
6400 22
7789 13
1665 56
9167 77
5457 41
2117 61
417 29
156 77
3301 76
2458 17
7231 78
1294 46
1226 51
4276 1
3645 76
891 13
6223 41
9531 79
6528 32
2268 79
6180 55
4144 21
5440 46
2491 54
775 60
4914 42
583 52
4996 27
7605 35
9975 75
7674 9
2490 18
2386 34
5875 51
8465 64
4950 74
5958 71
8308 53
7338 36
1293 28
119 27
9277 14
8571 28
1618 73
7815 0
6192 6
4745 38
1652 63
2141 20
3958 77
2113 12
7493 18
2123 46
6302 16
5830 68
9103 4
2320 14
651 19
1237 9
6881 79
49 78
6392 69
390 53
6273 39
3204 53
3163 49
2723 57
8480 26
7463 16
5479 57
3379 48
8460 1
8286 72
1803 27
3095 49
5294 30
7473 1
4720 30
7794 28
1564 46
5970 54
5675 19
7429 41
891 70
9723 0
6700 37
168 14
2122 8
1482 30
7189 75
2134 56
5270 29
7212 44
7167 19
6389 46
242 41
1540 78
3609 6
3765 50
8556 27
5033 19
2127 73
1271 49
3390 44
2565 36
6557 23
6986 16
1329 45
6800 51
9874 9
3014 31
3121 43
5275 63
5644 64
392 39
3239 44
1266 60
4262 55
6206 29
6667 33
8410 45
6357 3
7199 62
2071 20
5726 76
8048 4
4302 19
7269 25
408 45
7584 51
2426 76
7889 46
4256 33
3363 20
5937 22
9696 28
9951 62
3891 35
2242 23
9396 53
1792 25
2081 72
4792 46
885 6
6104 14
839 21
5309 21
1037 68
9253 19
839 4
8079 49
2362 64
3333 11
9778 75
4123 78
5664 21
4142 79
5787 57
4177 69
5742 6
8241 52
9060 24
4856 7
4197 18
9413 73
7859 75
3738 16
9262 66
965 55
6324 15
2426 7
9428 23
2182 65
2932 11
4458 26
4271 46
1973 19
2152 1
4261 4
9896 45
7947 53
9951 29
1526 57
6759 37
5887 55
6859 50
5590 22
698 0
8507 20
1698 2
2055 19
2052 65
6511 17
1072 36
4118 66
7985 57
8385 76
5217 77
4240 63
4300 29
9704 79
1999 58
6714 79
6366 35
5639 12
5791 49
3998 51
5511 52
6943 64
9507 5
987 52
7798 24
2669 18
3294 65
5870 6
6547 79
6987 18
3198 57
357 39
7237 4
5186 60
7228 62
4904 30
3455 74
1940 4
5787 40
6877 14
8110 48
7931 10
3189 11
260 66
2944 15
4845 69
7476 69
2767 48
5799 40
6062 73
2592 75
4869 72
9560 24
649 51
3221 33
3047 68
1360 21
2123 57
1848 49
4784 39
1767 79
532 60
945 64
8948 0
3444 18
9880 23
8311 62
7566 38
2942 32
8577 15
7601 68
7367 42
1422 42
6229 2
4770 69
5167 10
5271 37
4732 42
5152 31
6816 10
7924 54
3822 41
8400 25
922 42
1772 73
8493 76
1475 4
6511 69
3051 19
6917 10
522 28
6401 13
3064 37
7637 4
89 38
1862 50
8680 25
8587 20
5395 33
3738 10
9718 52
2393 79
3487 39
9624 7
4877 52
5779 21
9377 26
7392 38
8098 18
4927 45
5 25
8914 28
5558 47
4844 12
3750 58
668 73
183 24
1146 28
3487 15
490 22
9835 67
5838 22
4290 51
2786 8
9865 64
4399 75
9613 28
4970 60
6985 74
2154 68
7003 56
5285 59
9618 6
2558 39
8966 66
2748 69
3889 1
8316 3
5470 59
3775 71
5470 20
418 64
1473 35
3809 23
7305 1
1649 49
8920 79
3586 36
8722 68
5521 67
6765 2
4697 40
3263 20
7245 29
5717 22
832 23
9996 17
6910 0
5902 66
4846 16
7798 37
9611 70
558 35
5601 56
45 21
3661 21
6092 68
251 3
3644 31
6925 43
3032 40
5932 45
573 27
7122 16
9415 28
5912 26
3194 12
1638 73
229 40
7930 12
7128 30
3485 65
1574 44
9528 43
6816 55
5641 31
5559 21
7775 11
2324 23
1398 68
6769 7
4960 43
6555 74
4029 28
6223 1
3385 50
8004 34
2536 26
8120 30
9788 50
3500 31
1739 62
8566 48
3331 71
682 57
2235 32
8358 5
6782 71
8641 33
7344 19
8259 68
5733 64
8614 70
3633 53
8980 62
5993 14
2046 44
5939 59
574 79
4475 52
5583 3
5283 23
5409 75
5470 16
3553 8
6126 3
4278 51
3119 25
2178 61
4934 37
8785 64
4881 50
5422 64
1268 59
1533 52
2026 22
6202 60
4433 78
4250 30
8232 43
8788 32
8676 16
7042 36
4006 49
5322 11
7105 63
1361 7
8670 66
382 50
7656 66
6994 52
6960 1
6558 69
2861 56
470 48
3368 61
74 15
4595 14
9755 73
3307 77
158 5
7888 71
9353 73
7013 66
4929 68
7306 19
5385 4
102 74
8492 68
3424 10
9495 22
5350 73
4267 57
790 48
9399 39
3188 15
9951 14
2761 33
9151 73
2764 23
7964 10
7893 67
5465 22
6837 35
9699 28
9237 72
6045 4
1479 67
2795 65
8919 59
3260 2
6157 45
4980 26
4018 0
3431 26
4985 51
6147 8
214 70
7964 63
5626 2
8113 18
7784 54
5760 14
7225 47
571 59
800 18
2164 46
5974 57
7755 46
1187 25
7404 1
3103 12
3509 35
8404 79
5818 19
8879 26
6602 73
9961 39
2036 55
2569 17
4372 60
488 75
575 47
2950 41
3158 14
6768 63
8477 66
4636 5
5633 15
6705 67
7001 21
2880 15
1356 70
5303 64
1372 5
4438 45
3029 7
5931 23
2324 57
3392 0
1625 13
9580 23
5412 2
5655 2
7087 30
7778 38
5955 75
4314 69
9576 44
2089 68
181 43
4889 24
5476 48
951 61
9021 31
6597 51
9908 63
5001 5
9829 67
2156 39
7145 22
2251 59
2878 56
4773 0
1366 47
1600 72
3339 12
4818 37
7471 44
4699 47
3029 23
9669 20
129 40
1811 44
5129 42
9982 40
7705 27
5638 71
5836 15
1862 52
9833 68
360 16
8885 29
4484 7
9332 30
4629 18
9438 3
4631 72
5327 13
9026 17
6165 74
4597 25
5244 16
6493 14
6505 6
4609 6
3887 14
9686 79
5542 51
7481 36
750 75
2685 41
4198 57
5439 20
3890 18
8330 24
3684 41
467 15
3958 41
863 35
318 31
3900 73
768 34
639 10
4791 48
448 16
2964 22
7668 25
1749 43
5216 75
9895 42
3323 68
7991 58
6063 13
8193 27
8527 27
9717 47
881 17
2339 51
957 5
4704 41
964 29
5349 36
7665 22
391 78
1807 65
244 25
2786 43
5747 64
9552 23
4482 73
3410 25
2352 27
6717 18
3770 22
7959 3
5224 34
4860 32
4108 39
727 19
2984 6
6694 74
369 52
2859 78
225 1
8511 17
6029 40
7347 19
5515 5
1910 0
5928 13
788 73
9884 15
1213 30
9623 54
3022 38
9550 39
9606 58
7747 14
4305 68
7349 15
9264 31
986 59
4918 43
7120 34
628 79
1796 31
9675 75
2145 68
6746 58
8501 18
9425 64
3641 53
9127 54
3991 75
3437 31
9893 63
9234 5
6906 70
8423 69
2922 69
4600 52
7614 77
1909 12
2403 21
514 72
1119 50
9989 40
3247 4
7422 16
8463 64
1226 51
111 6
6251 56
1075 62
9733 38
3936 4
3108 66
1219 61
1139 17
6967 53
1725 60
4426 7
4669 48
4409 56
3053 46
3588 32
2475 22
15 54
4038 10
9626 23
5454 66
1190 2
8286 61
4590 67
4463 14
871 10
6775 26
6013 71
7615 28
4121 5
2141 19
2755 32
7847 42
1105 52
8333 17
999 67
9469 61
1168 67
4445 25
3032 34
713 70
4225 22
6256 39
8690 37
8633 66
9083 30
236 19
4664 3
2804 51
4410 68
8678 48
7618 56
5130 42
8603 58
4275 10
5456 14
2824 30
831 15
1164 5
3732 54
3710 4
5849 73
3587 66
7611 77
1037 55
8387 73
4008 75
5086 26
6910 78
1024 12
6417 36
3903 60
3582 58
3507 39
1752 58
5645 61
7451 22
1569 24
7962 37
6031 19
1580 7
2385 73
8081 39
670 12
3856 60
9572 14
8907 27
9405 47
6956 77
5328 51
8176 41
8263 79
344 78
6119 32
43 14
5909 73
3593 58
4305 23
8210 22
5048 34
7695 25
1592 34
4490 36
1338 43
728 12
5502 71
8027 6
2370 79
6923 14
6420 53
6348 51
9281 49
127 66
2746 6
8576 62
4446 17
8057 25
4223 13
3889 66
3110 69
8945 75
1666 7
4571 53
8813 17
1351 42
4222 44
6843 71
271 49
8993 52
2327 28
7353 18
4948 28
7101 48
6091 51
3614 9
3940 0
6687 61
3141 55
8209 58
8476 58
5487 24
8732 70
9234 78
3875 29
7879 52
4520 11
6321 22
6687 55
9601 33
2610 24
8558 13
7536 33
5723 23
6946 59
4983 42
7164 29
3359 25
3238 58
5848 76
1539 72
3960 21
1142 72
4802 30
6547 55
5678 48
448 0
4382 34
4203 75
6158 61
521 70
6140 24
5258 47
5971 4
3380 75
9634 70
7404 70
6686 12
4939 39
325 14
3841 63
9488 19
7190 31
9431 13
9861 35
3727 50
5117 30
1642 71
708 35
420 43
8420 45
83 30
5007 44
3489 44
8607 77
7785 58
9817 52
3157 12
7004 56
3286 64
1144 76
4638 11
1168 54
7329 77
8368 45
7773 19
7275 68
6174 10
7808 77
2891 27
7781 60
3250 23
8563 41
398 64
4659 65
4841 65
6837 10
6086 75
132 17
781 45
9008 34
6332 32
6504 19
5582 28
1772 61
1558 11
5569 72
2583 72
7492 19
5887 66
4476 76
8083 35
7552 66
5313 55
4586 52
2405 76
2509 69
9406 5
8332 63
7738 42
1763 65
8244 16
2140 55
480 49
7141 37
4330 71
8711 31
3685 26
9083 23
7571 3
622 4
6812 12
9212 59
63 7
2214 61
3659 8
505 13
3267 31
3760 12
5392 6
8461 51
8940 51
5612 12
428 74
4499 77
487 35
5316 3
9926 35
6482 71
9882 73
1677 15
5958 72
5597 20
4865 12
6311 10
1706 43
438 18
4365 9
6337 40
9285 7
6823 57
2567 58
1767 38
4282 36
4984 61
5193 65
1537 58
3538 63
1175 58
4761 58
3576 71
4636 68
1020 37
4847 78
5285 39
6773 70
9877 63
1856 45
8689 1
6395 67
4428 50
3637 0
9395 34
6978 18
4478 3
2201 47
7858 5
5542 38
1543 16
9930 54
6630 77
2591 26
6551 2
9738 31
4928 40
9665 36
3208 41
5053 29
5348 27
7002 36
6539 4
9834 44
6440 42
1547 51
3895 8
3322 4
6349 62
9136 22
5794 22
3305 53
7511 78
9345 27
7494 23
9536 42
714 9
6825 40
4625 17
687 8
6705 8
822 1
165 17
1436 13
1034 14
1067 16
1227 47
5540 19
4555 73
2533 44
6888 63
7708 44
815 32
7066 53
7727 76
129 21
8111 20
1679 35
7120 29
1874 69
9530 49
1540 11
5302 18
891 28
3359 76
3402 12
6367 54
5010 54
944 4
297 28
9615 28
1589 24
7071 66
8330 45
6325 51
8995 79
2947 26
1615 12
9321 51
6006 37
9113 58
1302 45
550 47
3461 14
8473 8
6577 66
200 34
4623 20
5516 6
4196 3
686 36
8914 48
1158 63
6315 37
9512 53
1681 66
2469 40
7830 5
3735 14
9017 53
8215 50
6037 28
6548 68
3036 78
8696 4
6061 42
3961 54
4687 76
8757 34
764 76
7382 28
5224 7
8784 75
8860 71
8102 71
5889 18
1767 36
2939 76
8536 6
7461 10
2428 64
2600 68
2535 60
6235 6
9093 9
5004 20
7206 44
9282 55
9916 53
7630 40
9191 64
5385 23
2204 3
7299 40
7322 42
9068 59
5897 45
5918 23
6988 59
9405 3
3494 54
4202 0
5124 10
7412 70
8766 59
702 58
5369 58
135 73
6491 67
9078 67
1608 23
2977 6
8669 49
5306 22
6427 38
9743 23
8089 62
706 55
5390 26
6629 42
4207 17
2889 2
6160 43
239 59
577 25
3069 65
1419 78
8049 63
3250 62
5585 5
8954 34
6992 69
5814 69
4588 10
7202 47
9348 37
6179 11
4492 21
5066 22
7898 34
9040 39
2132 39
9735 37
2728 57
8678 10
330 40
2807 66
1145 34
2843 47
6102 62
4959 13
4396 75
4330 45
1736 70
3919 64
9294 50
2182 50
116 39
8469 64
2501 25
7026 23
8102 20
6220 11
8713 33
6534 64
805 24
7004 57
8995 50
4163 10
1093 9
7465 76
3863 14
3984 45
4127 23
6979 2
1315 67
7825 42
4569 75
625 31
6312 39
3064 44
6591 26
5711 54
1409 60
9895 24
8912 50
570 47
7662 59
109 78
5987 25
249 31
3557 26
7992 39
9784 35
7323 5
270 24
5490 71
1308 10
9725 56
8220 77
6405 42
8085 69
910 28
5715 45
9430 72
7781 51
3275 44
6296 35
3353 50
6617 31
3751 46
917 8
5235 20
1198 27
5966 52
1763 59
7390 35
1604 55
5856 39
6351 39
6681 62
7105 40
8785 60
6851 18
6232 79
87 3
1705 32
9723 26
2939 41
2587 17
3785 29
9039 72
5197 8
1576 42
1690 53
5037 30
5399 38
9564 29
668 67
2706 74
412 50
6843 3
2501 79
4848 67
6888 56
8075 65
6789 56
2860 72
6363 30
5127 36
1752 25
4949 6
5218 66
9387 20
2810 54
414 64
8978 31
7647 67
6188 30
4222 6
7725 54
8052 29
5764 72
5552 65
8836 71
8934 40
6928 55
202 18
5223 23
8376 19
8905 72
7431 8
6950 41
488 24
7177 65
1796 8
1241 24
958 75
3984 49
150 53
8056 72
7974 42
2407 4
8410 71
3733 58
7136 28
9827 14
275 69
4641 38
5695 68
259 77
7139 13
1621 32
2541 62
1545 24
978 40
8392 21
8228 30
8920 52
5972 57
3136 45
2563 21
8224 75
9274 12
6877 40
7452 45
384 53
4463 57
8597 35
705 42
4685 33
1217 31
3956 50
5124 56
6030 74
5786 59
8495 53
6025 33
7024 36
9154 17
7196 21
2048 70
1245 45
329 79
6131 37
4083 35
5199 46
5626 62
7985 51
1750 61
5139 74
5603 18
1209 6
2550 4
2561 12
7785 39
7828 63
940 67
3444 74
7028 68
3358 10
6212 45
5909 6
7638 25
5219 11
9133 64
7207 72
9887 18
8017 3
2789 19
5208 39
6019 3
3656 75
564 72
7220 31
8898 27
793 69
272 12
920 26
4225 3
5504 32
2568 36
7033 41
6485 14
9818 2
7575 64
4209 26
4114 72
5116 29
6452 58
2677 17
5893 9
385 12
7831 69
4593 48
1447 17
7781 36
3732 63
5907 1
6301 59
5823 38
7921 65
6266 24
820 60
9253 57
353 75
9819 67
5838 66
1842 18
2916 11
6373 75
443 22
5265 77
7774 36
831 51
4620 44
3284 34
8608 73
1497 21
3806 48
7129 35
1727 17
1350 26
1359 57
211 10
6407 34
6932 16
6698 8
9970 61
7790 40
7931 35
2263 55
6805 76
1976 28
1059 6
6418 11
9883 31
4846 47
4255 41
2831 51
233 25
6779 62
1746 50
2914 73
24 9
7409 13
1871 53
9470 62
3219 54
7957 78
1067 15
2109 47
7985 32
3930 73
417 68
743 52
8284 4
3820 35
4977 38
1480 61
2079 38
9711 57
4202 46
8548 5
4463 5
6402 67
2419 34
2534 33
3893 44
8132 67
3428 0
5675 31
7930 13
5022 53
3894 79
8973 25
2336 22
3240 31
3538 18
9232 33
4957 45
6150 47
7926 21
729 68
5802 53
4563 34
4931 64
4520 25
3059 9
4393 57
9416 49
1848 33
8439 78
5351 35
7260 36
728 22
9628 66
636 39
4342 44
48 61
8988 33
77 72
3490 8
7476 38
3050 44
826 49
1939 65
8308 24
2615 33
2155 41
5049 56
6472 8
6440 56
2331 46
5356 10
5511 16
2983 2
5862 75
6656 29
4974 25
8685 58
6738 35
634 34
8294 52
9373 5
2125 5
6600 35
8171 58
76 19
51 8
6849 51
6242 17
5327 29
275 46
5576 19
1687 39
8518 23
6279 66
9608 73
648 38
1285 13
8895 59
3264 24
7861 65
4364 71
5599 25
8915 60
4488 35
6355 6
2322 68
191 44
5223 36
2815 6
9116 18
2286 41
8394 53
5642 28
378 0
3861 43
6600 64
6878 24
2771 5
3316 72
2557 11
5869 33
8712 52
6905 79
6090 35
2190 29
5303 55
8972 22
709 67
6042 8
5492 6
9677 49
100 28
4929 25
2533 64
7138 44
2684 28
2423 66
8896 47
4276 77
4988 57
3253 15
5235 6
9987 5
1401 37
8011 3
8790 3
9464 13
7889 25
1643 64
9486 31
7704 27
9543 27
5514 29
5766 58
648 60
9798 58
2117 79
6999 2
5153 57
6177 14
3221 19
6374 42
6196 52
2526 26
4450 47
9821 69
5261 73
9372 60
6207 70
4898 58
2396 64
1990 41
1803 2
5659 78
421 71
9594 67
4084 74
8119 64
1765 41
8150 4
8405 59
9980 21
596 27
8573 18
4334 49
2071 2
5723 11
8535 27
2706 61
2019 64
5598 2
8695 24
597 13
7011 55
8165 17
7509 43
6152 25
3657 5
946 52
508 34
7291 17
4065 6
1702 52
5856 36
8037 34
9649 11
4485 46
2091 32
5492 48
8976 20
9219 47
3582 51
8487 27
5320 73
4557 25
6008 64
2248 60
2478 26
2213 28
7172 39
9715 70
4052 52
2928 32
6301 0
42 71
1399 60
2521 7
8088 79
4732 6
2079 35
9302 77
9935 31
3120 68
2918 50
3893 25
6635 25
2357 61
24 45
7201 59
2229 28
8681 54
8455 50
7674 62
925 3
6861 46
1499 72
8871 21
2530 68
6206 62
3543 66
7704 15
7377 45
6687 27
3313 43
9233 52
3124 7
9032 32
6739 74
1609 23
8074 37
7115 71
6744 45
1500 67
3124 19
2169 30
552 47
2287 0
4241 56
7890 4
8381 51
4814 46
2175 70
4985 75
5024 56
8073 38
9357 39
8867 52
2932 53
2538 78
4429 63
7752 57
3534 43
6661 51
7784 78
2314 59
400 24
5482 29
1029 45
6191 10
144 48
7382 32
7323 78
3059 59
809 52
9559 39
242 61
1705 1
8849 28
9814 73
5100 19
8585 22
8664 62
2322 6
5847 63
5363 0
4361 7
9276 9
3323 77
6298 46
8469 78
1877 36
7403 33
995 74
1785 21
3884 24
6105 26
5014 71
7918 9
4514 28
2194 17
6740 2
2010 47
9179 51
538 57
8785 19
1990 55
8356 25
4347 30
161 42
3073 26
2129 68
301 56
5573 68
6343 29
8208 20
9560 39
7597 37
294 14
8656 68
8379 38
8070 28
7261 3
6981 9
5468 25
5702 36
5257 64
9929 0
6415 0
583 63
4624 47
4907 49
6293 36
7259 75
5605 39
1867 64
7002 71
1045 63
5992 55
2783 40
8931 6
439 28
4952 41
9564 48
3027 24
9715 45
1688 34
4342 72
1002 61
4414 9
4591 46
7286 26
2167 17
3932 62
821 70
2199 27
8711 8
1328 69
1842 11
3779 25
476 49
5965 66
6255 41
9517 76
697 38
8763 35
8073 39
8592 6
1756 55
6779 30
8776 67
6873 21
4815 52
6744 21
4068 9
1034 46
4843 50
6679 2
9240 26
4668 65
3825 34
7297 77
3949 38
9742 9
5281 31
680 67
4423 20
5468 10
4579 14
7726 14
5627 39
4298 51
4228 61
8216 17
4133 72
5386 28
8449 6
163 11
3968 32
3962 38
2959 59
5326 49
3940 45
5428 79
3727 57
1846 37
4899 9
8863 61
9746 55
7106 51
2386 24
3238 64
9002 69
5907 48
2147 56
90 18
6704 31
320 60
6797 16
2247 8
88 42
4718 30
6758 51
8448 47
6744 51
5391 44
1540 12
1484 65
843 36
6310 2
8638 33
2833 32
2272 65
4700 7
3120 2
2348 39
7575 4
1536 61
5826 73
8234 14
1742 70
4565 32
6775 26
6351 36
8628 55
2681 51
4162 33
2470 4
2814 34
7082 8
7570 8
6143 50
5489 76
429 22
6976 64
5118 29
7508 20
9454 50
8358 4
2583 29
4599 34
6489 9
7805 43
7953 35
7756 57
5085 49
3659 53
7795 13
6496 38
4260 29
8558 43
9641 17
3357 48
4429 40
5690 32
5048 46
1733 72
4630 22
129 52
6298 64
2591 72
1122 72
9327 13
3641 59
8854 22
6903 38
3951 61
3049 77
9327 63
8477 4
2990 1
3039 61
494 14
2183 63
1735 30
7459 48
8725 4
5911 47
9795 68
989 16
3653 79
3212 69
4761 44
3872 69
1926 21
1033 75
2677 75
3292 46
5202 71
5565 24
7643 47
4479 54
3183 33
3656 11
2183 46
1847 33
5779 54
5564 29
9189 60
4952 30
8491 5
3498 2
9873 3
6201 4
2909 9
1094 6
2446 42
8558 6
9428 2
3301 65
3216 16
4997 17
4082 46
3585 68
3110 47
8924 11
2052 20
2596 59
9284 59
9170 19
893 53
267 10
7028 2
4139 5
642 44
2539 35
2388 60
4514 5
3182 28
7282 76
3157 75
4641 0
7964 54
1510 27
2192 57
9493 32
9248 50
4126 43
6584 46
7903 71
7853 66
6868 70
8196 56
1392 32
9209 4
3366 74
3035 50
1038 50
6866 30
7589 6
8989 48
2787 46
5259 50
2755 28
4425 15
9303 14
6282 25
6610 13
7183 71
9000 54
6126 10
1801 35
6071 26
2451 69
7266 33
9946 79
1263 4
9363 34
8697 26
3863 17
3924 10
3984 0
7048 37
9023 46
1362 13
6346 44
2302 33
1892 41
4661 38
3473 75
773 35
5193 60
6809 41
3005 63
8832 29
4413 77
7845 20
4004 1
7141 10
2563 60
2623 30
990 37
6082 13
5425 65
6468 26
7905 59
8034 23
468 48
1047 3
7156 57
4015 16
1839 6
9459 15
3035 20
1548 27
7817 42
789 31
1333 54
7957 4
4594 31
6504 42
7254 38
3079 66
9294 14
4521 7
2456 21
3984 7
3054 62
9480 49
5751 29
5777 29
3249 62
1301 2
7499 34
5376 8
8070 55
132 43
9089 66
9442 24
4230 76
985 71
6429 22
6335 69
9893 43
602 77
7976 17
9477 35
5461 26
223 77
6334 45
6260 46
9183 76
3035 79
2335 35
3623 76
4988 12
4228 41
837 33
6782 31
7084 47
8867 39
7843 51
5191 2
85 20
8878 35
4480 28
986 57
4917 4
1032 12
1367 43
9808 35
1208 35
4973 48
8546 73
9334 25
6651 15
2147 68
6701 39
2946 78
7207 62
5810 8
2920 34
9895 62
5933 50
6339 5
7030 49
8774 17
6526 22
4375 48
2291 2
6615 70
5360 31
8586 70
2050 34
9424 10
4238 45
4694 48
3269 52
8204 17
7410 25
7371 46
4374 38
8054 41
444 7
1826 45
283 17
3242 12
9671 35
2692 67
8131 71
4607 11
5414 5
2178 15
7174 21
4349 37
5157 30
9719 11
2570 48
7857 16
7780 59
7774 60
2151 57
7770 60
2148 31
877 30
134 43
7681 5
1403 10
3822 73
1075 9
8896 79
3042 54
665 65
1532 3
5603 25
1227 37
6111 15
3872 63
1376 77
9043 38
6720 43
8132 65
3587 75
796 48
8886 35
9889 37
3724 35
4619 19
8561 34
5988 65
9938 74
9903 27
6320 44
9294 70
9843 33
9348 62
7285 78
483 78
7812 34
6947 58
6897 64
8725 12
3860 52
5061 42
2064 36
2577 17
9134 20
7296 16
2012 54
5405 35
8623 44
9254 41
5471 27
4780 69
9679 14
6203 14
5716 36
3451 51
2240 71
7799 31
1064 58
718 68
9461 30
7330 40
7153 33
5257 9
112 35
670 61
259 22
5684 10
7046 2
1984 47
5053 51
6185 77
3968 0
1462 38
644 56
9113 64
106 58
4581 22
4436 1
1999 12
344 42
9903 28
8244 68
316 66
5313 35
8160 16
4654 17
163 79
5584 34
9434 51
401 2
7099 73
2240 29
2560 79
9242 10
6873 32
7897 53
8312 12
3071 24
3107 64
3609 69
7216 70
26 35
6347 44
3319 50
2317 41
9450 76
4779 18
961 74
938 56
3671 1
6745 43
1136 71
5198 47
5639 54
8791 57
5286 11
5103 38
9144 59
1001 24
39 52
403 78
9399 43
105 63
1888 23
8703 51
7168 8
355 62
9818 37
2678 42
9044 50
6939 79
3500 58
5060 2
6724 15
5009 56
4334 75
2727 53
5649 33
4747 37
9617 21
1002 53
9375 37
4586 63
3966 35
7544 33
3229 32
6725 73
6356 6
9711 15
2621 2
5233 31
3046 60
4557 49
3504 4
6394 39
6602 43
9811 66
591 59
5804 49
1279 52
6682 8
684 4
2728 41
5556 34
9530 65
3049 8
7045 1
118 10
4613 55
1035 39
3517 25
5962 43
7234 78
2354 14
1209 57
2378 13
5240 2
7686 19
4130 35
9355 51
1103 28
6454 21
1552 67
6283 11
2822 12
3074 14
7067 16
1634 58
8955 61
3571 2
500 58
7756 2
1007 21
2856 47
8620 43
2697 77
7065 52
4327 77
7170 40
7177 0
2041 66
4554 13
5214 63
3963 11
8724 35
7759 12
7060 57
1997 6
7876 52
7574 14
8622 70
6402 3
3204 76
2451 5
4809 5
2275 64
818 30
7137 25
9188 11
34 35
4596 51
3246 62
1539 57
3925 62
9702 18
4803 51
9119 56
8282 10
5623 74
2341 79
8480 29
3835 77
5382 4
8858 36
2167 55
7877 6
9859 19
8158 14
3364 30
876 45
9559 21
8680 34
5658 4
9061 6
4577 65
8931 65
6863 53
6680 60
2162 24
1234 52
8249 8
5908 39
1552 5
8359 47
2577 13
3640 72
980 31
7275 0
8694 78
4476 10
2055 52
4223 14
7690 32
4810 1
2690 29
5204 44
5998 33
2567 75
9924 63
7024 21
3254 57
1281 35
3016 21
6107 79
9193 26
4260 27
9166 56
5087 74
7276 34
437 63
4802 41
878 48
9474 70
4372 54
6065 35
311 20
4095 22
5616 66
3608 11
6921 69
3164 30
7310 76
6233 34
2281 9
7617 64
7761 11
7811 79
3957 4
2249 28
9416 76
4142 38
9427 49
9589 73
6082 40
9371 53
1470 21
8529 43
8487 18
71 20
9948 64
4946 77
4933 40
9283 18
4942 76
3666 70
857 32
728 28
891 46
3019 38
25 26
7418 39
1045 50
2513 71
15 49
6057 35
8426 50
6379 30
3414 75
973 8
2371 13
3838 8
2692 70
9317 41
3159 33
1126 15
8167 27
9368 21
9449 51
5024 69
9762 61
9504 35
9111 34
2762 6
2856 56
5363 3
1491 74
5635 39
3434 20
7680 33
9381 13
8524 75
2301 16
7896 19
9622 9
6236 74
2038 25
4454 56
3714 6
9599 73
6052 18
2938 8
9053 70
8065 71
4166 60
414 40
203 6
9541 27
788 61
779 69
5789 73
7066 25
8946 10
5453 21
1330 65
7366 60
6235 31
4238 59
7212 7
2417 42
6072 50
9072 2
4245 0
867 5
5792 5
1659 62
5600 40
2198 54
2661 35
9921 0
4642 7
5135 34
3364 16
6380 48
950 49
4532 39
5517 11
664 50
7073 63
5314 45
9340 46
6735 4
1465 40
238 70
6177 73
7168 28
784 77
5683 48
3341 28
8543 43
7205 70
9835 31
5432 75
2642 14
9426 39
7972 5
3757 57
6580 41
9785 15
2762 60
4985 64
2745 76
7149 5
6074 25
5636 5
5586 32
182 11
7676 56
585 6
5769 72
7086 61
5042 36
6185 45
2864 66
1473 48
3078 13
4557 44
2614 53
9714 21
3885 65
1761 16
9612 19
7289 5
8915 6
6492 63
6632 54
5263 4
3484 27
3818 60
8062 68
5106 47
4449 12
6670 0
4744 76
8962 64
7837 45
58 48
8609 23
2331 23
2328 27
4882 59
7459 10
4637 64
3360 16
8466 42
7988 33
1381 1
3795 46
5788 32
8426 67
8321 10
469 32
1845 10
6683 50
7751 53
5830 46
1715 62
909 25
8734 37
976 7
7082 61
5206 46
7037 72
6437 38
1040 66
4697 31
3877 55
7226 47
3876 18
3533 38
8305 3
5448 48
9157 11
4246 39
363 23
6303 35
6375 7
3124 79
8484 58
7903 72
3075 24
6058 68
2929 75
1846 61
3740 43
5457 57
1191 69
7021 71
9557 39
2672 8
8830 26
4368 72
6546 61
1032 39
7572 58
4681 41
5949 71
467 22
653 75
3979 30
7906 10
2490 29
762 15
4059 55
1276 37
5770 0
7790 67
3513 26
695 66
830 12
2818 44
2553 60
3880 34
4624 9
353 9
1454 23
3208 3
2841 71
2311 6
9931 2
9174 11
450 67
4439 21
2941 14
9101 27
6284 1
1195 36
4369 21
7271 14
5211 33
7584 27
1687 11
7312 25
8708 59
6759 76
4611 63
64 27
3842 69
5616 51
4477 8
1848 44
2393 57
4361 22
7053 25
958 47
997 1
19 52
8228 63
7869 49
3134 77
5480 39
2593 15
1298 73
3768 25
1577 19
4118 43
7892 24
3606 58
8052 54
6412 28
3298 8
3970 79
2185 72
5395 70
658 79
6584 17
8135 26
117 56
3745 10
6503 69
911 57
6780 59
4564 52
64 6
7495 73
9070 0
649 62
8695 45
703 43
6507 68
7481 70
6726 27
1138 57
5146 78
7405 34
7934 11
4149 39
9775 77
1946 19
7383 50
9140 2
9623 75
4270 5
2258 1
5473 2
8566 78
1982 75
6352 47
3375 41
3480 20
4573 5
4606 32
3260 18
1049 20
3480 11
1862 19
7923 37
9605 17
7868 48
8778 45
7113 31
3206 40
7302 49
7078 0
7813 12
6550 14
2978 38
2914 25
2489 79
4569 20
4072 30
7134 59
5014 54
9069 37
7572 52
9760 70
356 8
9891 20
5390 46
4947 52
8771 8
672 17
5973 58
334 72
2435 1
5240 34
4415 32
4102 47
9507 25
3658 43
8865 53
5847 64
2672 0
5345 72
9166 36
9131 77
8250 32
8983 0
5867 52
3656 50
726 76
6198 2
1789 70
8143 35
7518 66
5872 24
1215 38
7065 47
6711 75
5781 24
7921 55
7796 1
4761 56
6429 15
4799 9
9322 59
1742 36
8803 70
6525 4
9584 42
3555 70
3912 63
162 44
238 55
1133 77
6944 55
1393 28
8150 66
8044 4
3757 67
350 29
3937 23
5037 29
5024 68
9178 14
8800 58
1956 23
5287 21
7166 10
8059 76
1068 10
9560 25
4925 55
5725 5
7368 40
9810 63
1353 3
1554 41
9643 28
9339 48
9122 71
3566 22
8533 11
7437 13
8942 38
6399 50
5907 39
8415 35
1219 44
4188 46
3056 8
4424 56
7869 64
1715 7
1815 51
1460 29
4932 20
455 65
6440 21
9945 75
5117 66
5871 76
1968 55
3673 56
7397 30
9630 49
1088 41
1189 33
7184 24
4770 36
2325 72
2802 79
7775 9
9582 17
9650 73
5417 20
6457 66
4291 64
5645 77
9497 29
9685 2
5387 2
931 14
9241 47
2387 46
7439 67
9868 62
4797 75
3923 57
6042 56
105 60
5556 11
9769 43
6564 32
2532 47
4409 5
9728 75
4503 53
2202 26
4926 5
7481 8
9328 73
2937 73
5701 36
7681 9
3044 59
1447 0
143 21
273 49
4886 65
5933 64
6283 4
3273 79
1141 46
3549 19
9311 39
2989 39
195 75
3052 29
3475 31
6039 44
8644 14
1674 59
709 53
2730 72
5363 56
8193 69
4907 31
992 63
6475 32
7704 13
8743 74
6496 34
3987 43
205 30
1347 31
6385 7
6266 69
9739 32
6036 48
5305 51
9697 71
9330 32
6522 41
7491 50
9860 49
8253 26
9172 49
3701 11
3637 78
9591 33
4191 8
6460 78
4072 52
8455 34
9185 40
6925 23
1140 3
1636 55
9088 38
8740 58
1312 67
4660 47
7688 64
4399 70
9967 24
7961 72
1261 47
8446 36
4439 79
3436 40
5847 68
5787 39
6568 48
7357 44
5858 11
1399 44
6098 43
5842 65
8902 76
556 41
2929 77
6007 73
3468 23
7375 47
5975 74
3612 35
4220 21
2955 25
2351 2
6573 21
7028 44
9502 59
3823 46
4671 51
2212 57
2985 54
2784 17
9796 55
6958 68
7363 48
6704 9
7263 56
5133 1
1839 78
5242 12
8665 37
5506 12
8304 28
4350 62
6260 73
1826 10
1695 49
6211 7
1980 6
2304 59
5879 14
5550 79
4877 60
8444 76
3788 45
7068 68
3475 17
6523 63
4952 3
5565 64
9277 7
8178 3
2249 48
8683 69
3055 75
1074 64
4202 27
7657 18
2788 33
7092 73
6967 56
9195 45
4979 43
6112 25
3172 20
3807 56
7375 49
5 56
8896 37
9676 62
6645 72
6944 54
1229 76
3761 4
7869 61
518 44
837 4
4450 58
2561 57
2921 63
3195 50
5050 9
8380 60
7820 46
4792 20
3592 5
600 19
2595 33
5561 20
9218 42
361 35
2073 10
3854 36
9912 65
4804 77
3064 53
5697 33
4027 9
2542 26
6977 57
6887 66
2487 47
7921 30
1161 38
6700 24
768 41
1415 71
9532 22
2606 13
6069 52
9806 61
9390 62
4146 39
4651 11
3270 49
4784 43
8438 19
6104 65
2445 47
9284 72
2993 28
5020 51
923 30
4784 4
8402 67
8433 40
3831 60
5884 14
1664 38
7819 66
8018 52
873 75
4079 11
4724 45
1181 41
984 27
4972 51
7357 29
8998 58
352 57
4722 57
8177 1
160 30
5962 57
5283 2
19 68
4253 71
7960 42
6691 61
3554 8
395 33
539 4
1760 2
3061 75
3490 33
8771 72
2134 69
3080 3
6272 7
9583 21
7320 1
7710 51
7141 62
1618 14
7415 78
9940 70
7782 57
8271 54
3944 61
1494 32
1720 6
5638 22
9882 56
3314 34
163 60
4256 35
5723 37
948 37
1315 46
7830 75
1630 18
8956 43
3125 39
8515 38
8953 7
379 2
6675 29
8659 6
708 41
7546 34
3964 48
4851 9
1020 3
7521 28
5370 73
4835 68
738 12
8643 75
4538 77
7310 55
3982 69
8949 4
1602 10
5651 29
3418 58
7544 7
8792 6
483 58
1182 30
8417 29
2027 53
6909 61
5665 1
9959 73
5286 49
3870 29
4064 27
2262 41
1708 65
4343 30
9188 31
9426 20
2167 20
1776 43
7313 11
138 44
7342 5
3013 74
5677 4
1637 11
3031 22
9687 29
7126 60
7487 23
2681 70
7402 13
4038 30
2351 63
9800 77
2543 63
7771 77
9917 61
1922 61
4222 48
3647 58
1324 3
3879 64
2422 26
7374 13
5616 64
4747 78
347 63
853 41
3331 26
3136 38
6084 42
8871 74
3047 20
617 33
190 19
3978 39
3223 39
9878 52
4839 9
9874 66
5125 73
6696 76
7327 71
183 68
2659 11
2837 17
5905 49
5659 4
6778 52
1617 5
4962 70
1735 47
5172 9
812 36
5353 77
7655 78
7392 39
7535 52
9230 10
6918 69
5962 20
5362 52
6813 39
5041 79
5309 51
4032 78
7587 45
7589 21
7989 62
8929 38
5720 43
9505 70
8259 76
2873 58
5981 11
2063 46
8449 10
4995 1
1503 17
6821 33
5537 67
7467 46
3666 77
7138 30
5334 26
571 61
8245 22
5531 14
829 29
5241 2
2245 62
7727 67
3701 17
5277 62
5434 34
6652 27
3887 42
6984 59
9088 25
3372 29
5314 33
8642 76
5394 2
8166 41
7568 46
6498 64
1502 24
8301 26
1484 77
7987 14
1891 31
1582 4
8150 10
3155 24
9913 37
1444 55
2059 23
5148 42
2075 52
3032 12
5746 50
5246 73
4599 60
8517 36
7455 66
2038 69
2224 43
4345 46
9830 40
160 9
821 6
4484 32
6940 48
8244 8
3495 79
1567 58
6922 63
1582 31
8763 63
2433 8
7708 4
478 56
2025 26
2408 14
480 73
1640 18
718 15
7479 43
827 32
5674 43
1455 71
9845 8
2926 40
6860 24
9002 36
6142 24
6795 55
1597 73
7758 1
5182 56
2227 79
857 56
9012 21
3787 77
181 43
4822 8
5190 1
7018 10
3239 16
6045 55
8384 15
5082 25
1603 46
6044 14
8299 19
739 79
8041 79
1775 61
9100 75
7105 26
7339 36
8638 2
8001 0
3663 68
3102 45
6150 0
4885 53
889 63
9270 47
8044 74
4264 20
1773 56
8346 28
8178 55
873 54
7610 70
8885 33
3436 44
13 41
5014 57
8280 33
2517 24
8756 57
3346 61
3053 12
4728 49
1189 9
6822 70
1042 44
3145 57
9932 73
2027 52
9212 4
4643 44
4627 63
5128 46
7389 33
4860 65
7984 32
5567 72
2736 75
9039 7
7385 38
2326 78
8380 2
1810 23
4820 24
452 56
1674 34
3421 70
5292 71
1225 70
2460 17
5891 17
2174 61
3759 35
397 78
8111 32
1918 13
4168 52
8833 2
8722 37
7719 24
2380 72
4927 32
3834 44
6528 52
6318 55
5482 69
4455 59
8771 36
3379 52
9639 58
531 0
9911 53
1078 28
8468 47
6917 7
6901 44
7952 38
529 64
5621 20
4192 42
443 18
5848 1
6502 18
9232 42
7218 44
1761 3
7418 44
6397 31
181 57
4157 62
6823 66
4241 72
3594 6
9976 7
695 48
7346 14
9649 62
8456 25
5830 13
9163 66
958 34
141 13
2984 71
8008 33
2809 48
4138 4
3725 57
8644 65
1878 62
8745 73
8403 22
3098 19
7793 29
1191 33
2143 61
4681 33
1156 40
2063 28
7296 21
599 79
2982 68
2057 51
9812 79
7704 27
5761 16
9779 41
5022 25
8290 78
3478 68
7755 29
4141 39
3826 10
8611 35
8259 4
1136 26
7319 43
1966 10
956 64
9529 26
9522 41
9143 32
8225 13
2013 61
5188 66
8725 70
8865 32
1519 0
7354 1
5757 38
3553 24
3122 26
5276 28
1255 54
5994 15
13 62
1678 15
1292 20
1366 56
1175 70
8250 19
7552 24
4043 16
896 74
4006 59
3081 7
1553 78
2023 57
1568 67
6392 59
9270 4
7993 61
7186 1
8090 62
2967 45
9054 73
2798 38
6263 78
5950 31
5990 43
6812 43
6425 7
7285 24
3997 76
7392 70
8692 14
4894 67
8126 76
8702 20
5075 34
5996 34
1428 72
3712 78
8905 11
5395 34
4821 6
8551 38
1227 29
4380 76
1856 53
9957 73
5661 51
5146 0
8280 48
3875 12
9374 22
2908 9
4379 9
1271 16
7610 68
1969 13
3813 31
907 79
9203 59
9189 76
2425 26
882 14
4630 46
1633 30
2590 76
9517 27
2928 75
6393 7
7595 15
6502 79
9677 77
4852 69
8419 75
3278 43
4087 70
5207 45
9586 30
4478 76
848 18
9056 67
6718 3
1113 8
6710 72
4534 48
4774 14
3692 79
7955 10
7164 60
2165 76
6371 45
2956 49
757 3
184 21
6775 52
4037 19
4036 17
2464 12
1130 68
9383 63
3824 25
3587 42
817 21
7973 30
3078 71
3866 24
9113 25
8197 33
2242 50
3499 36
8091 12
5235 23
212 78
5656 24
6916 69
8547 21
3936 68
154 24
7631 36
4698 77
9042 57
2686 2
5598 20
5075 10
9067 30
8292 45
15 8
9443 32
2582 44
2827 12
8412 79
88 46
5611 53
1497 42
9099 33
3887 77
372 56
9283 30
9596 49
6760 79
8370 11
1892 6
1760 11
4879 18
5533 32
2243 61
2857 53
6442 61
9786 34
9854 70
3819 15
1545 32
1432 39
7963 48
1691 52
1290 21
7186 29
4179 66
8781 41
3304 67
604 46
42 13
8221 27
9309 23
8262 30
9702 63
9359 3
71 58
8029 57
3846 60
1391 2
1757 32
4417 56
8884 36
2913 23
1688 5
2683 10
1242 34
2065 21
690 79
4026 12
5638 9
521 63
359 33
1819 20
527 54
9196 15
579 19
8150 31
856 51
2104 8
8630 28
1203 40
2686 31
1781 56
2623 42
4697 34
2904 8
7092 58
2223 55
7982 26
9591 51
491 61
9583 67
1197 24
2724 16
103 48
8445 46
7680 76
1939 24
755 56
6322 76
885 18
9848 32
1428 69
6550 32
9618 16
3790 6
9947 19
4188 4
5649 53
7536 0
6813 20
6322 77
3497 74
8113 50
4342 56
8369 9
2407 34
5187 70
1802 54
7853 65
205 42
4154 19
5614 66
789 25
8825 27
3960 24
9098 55
7431 45
6122 21
2830 31
3342 12
7948 20
7849 4
9206 28
7144 65
9635 14
1133 29
7094 14
3004 64
2925 7
2980 14
3778 42
2267 14
9248 19
9813 35
7346 69
3612 57
6892 34
1978 29
5104 40
8137 41
1738 43
6303 75
8616 27
2031 0
2825 2
6396 34
2968 60
6748 28
1494 3
5268 70
1406 55
8436 50
1290 22
2821 65
1103 13
9122 50
996 27
8616 24
9019 14
2873 23
2211 13
4012 11
2477 49
191 54
2459 65
3243 20
7170 8
5453 75
4373 21
7625 36
6361 15
7949 1
7056 3
7718 26
2622 12
8919 8
583 29
3663 29
4164 46
4194 30
1870 64
1302 31
1209 31
4751 41
2488 19
2206 58
836 19
2453 73
988 71
6025 36
6387 7
743 56
1751 70
5023 28
4291 37
190 59
6471 53
7196 44
4740 13
9437 47
5514 35
6513 71
5770 27
5889 14
4810 10
8528 10
2507 21
5561 42
2021 27
3091 60
9067 59
455 79
4798 4
6951 31
2419 39
2630 50
7260 27
440 46
9209 29
1663 5
8570 1
452 79
3615 41
4569 18
2961 65
1202 0
1932 5
1962 62
6190 16
6922 28
3636 66
3752 21
5506 76
6907 69
7902 27
2257 2
9414 47
9686 24
9800 39
4743 69
2652 43
4417 14
1304 6
9589 44
643 78
3219 7
6529 48
2838 61
4164 61
2542 30
3723 43
4295 55
9207 73
7087 58
9342 36
4777 70
4683 15
7688 24
637 34
3187 62
2326 65
359 52
4003 39
3633 77
343 16
8286 47
6991 0
2553 11
6818 3
4200 55
6479 2
8161 10
8804 79
8572 36
5716 61
2984 55
3946 78
4117 54
9302 74
463 57
877 57
9688 42
8542 46
4846 15
8952 1
6700 20
2912 71
385 68
1406 31
2129 52
1159 59
6199 28
7428 9
6769 67
9906 78
1811 22
9068 78
8711 36
6046 10
3212 9
4564 70
2164 37
5834 37
5364 41
9229 68
8791 45
2576 17
1487 48
7528 70
1279 61
3083 69
4496 7
5586 65
3631 1
6985 6
3879 29
8397 39
4554 62
5452 2
8666 59
4508 2
9667 19
2614 33
5086 40
4940 40
8388 58
5010 20
9313 65
3808 71
2048 21
7969 24
8271 13
4367 71
9887 3
5359 49
454 65
9652 13
1651 74
7480 49
6395 55
1244 4
5815 44
2123 64
2524 6
2488 67
5145 36
8618 51
3825 31
5466 43
2344 8
7151 71
5229 12
8619 56
4707 54
3605 36
9481 65
9181 29
5098 56
718 44
380 45
3885 42
3474 34
204 75
1147 39
4039 39
9398 64
9988 38
9723 66
6758 72
2140 43
1111 14
7127 59
6862 72
7384 50
2514 28
7935 8
6618 47
7665 19
948 52
6742 40
146 31
7405 17
9133 36
6556 23
3153 16
6698 28
2185 3
6123 24
8866 9
3705 79
6320 36
7214 59
3981 72
5407 58
313 50
515 54
1371 54
5191 61
9444 3
5994 14
9868 69
2830 15
5167 23
7181 45
9712 67
2099 48
1479 72
8574 74
7487 71
9685 77
7304 26
1985 22
8578 32
7527 74
3100 25
2458 27
9447 43
4776 55
7777 31
6607 29
1045 75
8151 28
2673 13
944 74
2212 48
2213 30
9331 14
7622 75
6843 3
9268 74
7018 9
713 67
8301 21
9229 55
6585 62
3672 12
685 53
3458 6
1761 37
6821 47
9450 9
4438 67
3003 20
2655 10
3338 49
4624 50
7674 23
2567 25
438 40
6999 68
7182 71
4987 63
2240 20
1167 34
6800 6
1915 12
3824 20
599 78
5477 47
6634 54
3049 15
8684 70
6122 24
2241 17
4419 56
9744 2
602 0
9330 9
5496 29
4715 35
8032 67
5364 69
1382 53
3087 4
8761 67
3501 36
8303 0
4579 26
1997 78
3257 48
1245 9
3121 70
2031 13
3151 47
25 68
4195 63
2700 64
6690 78
8983 17
8280 73
1460 36
4315 22
3448 57
5043 18
3536 63
3494 26
9116 14
751 18
7340 32
1260 20
4323 77
5859 24
2589 1
6496 12
7842 12
6776 17
6069 55
820 51
3405 78
630 18
2857 46
6508 49
4892 43
7780 11
2423 30
8714 45
4440 11
4581 3
406 11
7558 67
8344 42
5164 64
6892 46
6417 28
2577 50
7584 46
1492 15
1527 59
7747 54
5252 4
4586 12
6881 76
3439 18
9938 69
7290 0
760 22
9034 62
621 42
8233 79
6395 23
5032 42
7679 58
4338 54
6036 44
5779 33
5648 3
424 61
3271 40
7701 24
4201 32
9165 22
1902 41
3715 13
4386 35
6897 29
2908 72
9274 58
8724 25
6464 71
9128 39
9066 49
7164 59
6247 53
7150 50
7220 15
9243 9
49 32
4950 32
613 26
7048 30
8121 60
8193 50
4735 5
2292 65
8902 70
8526 64
4089 57
3833 31
7657 56
4743 0
2743 27
1624 20
7297 2
913 17
8085 11
4794 49
567 32
6726 25
4002 32
6352 4
7803 72
3614 60
361 30
2859 5
3259 58
6468 38
7409 33
845 4
1228 16
9970 77
3410 1
3237 30
8413 29
5092 18
7768 62
3552 23
4663 64
5814 30
5317 68
1481 15
8013 79
5927 39
7382 5
6271 63
8242 62
1341 58
6584 35
7521 58
1431 24
5559 48
6030 53
4903 62
481 50
7633 27
7691 62
8886 50
9162 44
5103 55
9582 75
5150 56
8838 65
8544 27
7718 67
4179 58
5390 67
6785 71
5743 23
7021 29
8841 50
3236 6
5466 49
6138 3
6027 4
7633 75
8404 6
6118 18
2294 75
250 53
8875 6
2429 16
382 36
5635 28
7312 40
5288 8
4007 4
1916 35
1813 48
76 52
8134 75
9885 38
1122 59
9067 51
9398 2
6523 43
4310 31
2487 49
9475 30
7719 34
3879 30
6387 67
1086 76
9939 39
1363 65
477 42
384 21
6938 12
4935 62
3157 77
7109 9
5971 49
8249 51
7555 65
9023 69
7959 46
1530 74
2010 2
3309 79
539 53
7122 70
2794 41
9202 38
1102 34
6883 2
5353 53
7586 36
6645 76
580 54
6996 4
315 13
6207 19
4951 51
8205 9
9298 63
9108 50
6649 67
5204 36
6757 66
5868 76
6983 76
9790 79
735 39
8405 64
4812 76
7934 29
4459 43
8148 6
851 27
3879 75
3191 66
7632 33
3619 62
7003 17
5636 62
305 12
8468 63
8148 63
8973 71
1139 31
6039 56
707 66
4944 33
9161 42
5748 39
2768 30
3747 43
2730 54
6560 40
6070 51
15 12
448 8
9105 1
8766 73
5571 38
6015 63
9602 62
7418 54
7103 69
5048 51
5768 27
9838 4
8412 14
1855 54
318 56
822 45
457 2
3249 4
183 35
6787 1
4137 58
5765 36
7656 68
1247 76
3160 42
5156 54
9726 42
1717 35
3688 0
9446 68
7866 32
1247 69
8358 3
7001 3
7078 12
362 43
9021 38
6918 49
1176 44
5118 73
6267 68
4515 38
2140 41
9392 77
2619 35
724 5
1164 21
9688 13
3460 35
1664 25
2760 14
3712 11
5855 46
8467 74
9310 27
3283 34
8560 23
3623 39
4767 43
2363 55
7514 61
9610 12
9194 27
9120 74
9481 38
8323 11
5515 62
1517 4
1921 6
6674 20
8418 36
8025 41
4008 55
5663 78
4414 21
2386 5
1868 48
7465 61
5563 21
6981 64
3844 65
3810 28
1702 31
2233 28
5086 50
5787 2
1599 28
1356 3
4712 73
293 63
8194 43
6598 43
1756 18
6518 77
684 40
1208 3
8667 38
9701 33
4829 39
3819 21
6810 71
8581 41
6338 55
3489 4
4669 48
2273 77
1372 1
8642 29
1686 22
7716 79
2438 7
5550 39
6943 59
9134 45
8629 71
486 53
7880 40
9135 43
5239 72
1494 32
5397 47
8756 76
3749 58
6007 63
3599 65
3336 40
9843 39
2837 16
989 3
9033 52
3815 22
6592 30
8230 40
2261 79
1766 20
546 75
1109 28
1412 64
4891 58
120 20
1392 53
9258 59
3121 44
9122 18
7150 18
695 75
406 70
9988 37
3729 13
8843 39
3251 63
8518 56
3154 75
7212 14
2145 23
4736 66
5934 24
9869 12
421 42
6845 49
3871 60
8395 53
3733 60
9339 62
717 58
6830 7
2588 60
5273 61
1864 46
2473 42
3819 67
8169 43
5110 12
4255 48
2538 20
9888 64
686 6
5854 55
2866 59
8804 61
8019 52
5967 51
2497 0
3192 29
1899 26
1889 39
4083 67
7476 53
9086 39
4456 27
7461 79
6637 5
6408 50
3871 20
101 40
7207 54
3045 61
4516 48
1586 78
2913 59
5002 20
9742 73
1444 26
4903 66
8464 44
9773 47
9729 62
3858 2
4566 70
4753 0
7568 7
890 76
3261 27
2380 2
2473 44
5060 60
8342 47
3508 68
6855 45
7877 71
9808 63
6281 18
1722 22
5419 76
5884 37
4240 48
7563 75
1055 69
5433 65
3549 28
9619 44
344 5
1337 15
9070 13
5408 32
4414 72
890 21
6073 8
1906 43
6069 8
4913 19
3383 7
4731 57
49 4
3911 2
3374 50
8145 18
900 56
6991 40
9412 56
1314 54
8907 41
3813 0
1214 36
4444 64
7393 24
8386 68
3182 74
4066 53
5292 28
3002 36
6234 40
264 67
3170 74
4887 78
9651 40
2806 52
179 30
1028 6
9496 42
512 26
3579 1
6714 28
6004 60
2356 50
6905 35
1562 75
1705 67
4792 67
3602 15
262 5
6069 65
4008 30
976 43
806 10
1756 31
7300 29
946 71
7703 16
841 65
5436 21
1902 27
6928 57
44 39
2196 22
3232 27
9481 2
3061 56
3549 7
7071 36
5085 64
8385 38
820 28
9369 30
5009 50
2685 30
6792 18
8401 73
1062 4
1493 39
9537 31
4074 18
6870 71
7246 64
3877 20
992 61
7806 12
5255 51
2713 76
6960 25
5139 72
6825 38
4583 28
9580 1
9200 30
7491 39
4625 19
1735 7
1593 10
1083 77
7265 41
7980 57
8269 34
9924 43
6127 33
6637 78
1771 69
9349 46
5818 40
6063 39
5983 29
965 60
7489 37
3000 32
6975 78
469 4
5174 9
4453 46
4979 70
5146 50
1928 46
6470 47
3953 29
5727 57
4221 42
3295 47
7230 20
4342 57
8890 43
9640 31
385 56
7119 8
3787 57
2935 78
6601 77
5272 42
4469 72
6656 34
6302 52
5599 76
3663 37
4198 61
794 7
3989 50
1981 38
8783 26
6617 26
7570 78
769 29
2636 62
9740 26
1030 42
5620 51
5013 25
2060 63
2491 58
8437 14
2630 20
6732 43
1866 12
4676 77
9495 3
2360 9
1141 41
7168 72
5443 2
8570 65
2444 35
3606 66
690 74
1830 0
7637 71
8044 25
1048 42
7622 66
7276 42
6752 50
6435 79
4155 26
8772 61
8971 15
7047 46
215 70
1213 59
6431 26
8989 23
417 77
818 24
955 25
8976 2
7129 66
2670 1
9242 26
291 18
8518 64
6065 31
5887 54
5571 22
1976 45
5400 70
3783 47
8650 69
2518 25
6887 64
7571 3
937 79
1872 61
9031 36
3813 8
3138 48
8152 63
9286 67
5027 0
8492 62
1720 58
6749 6
1943 52
2895 8
8098 8
906 35
9579 59
9414 6
3135 9
2160 7
7594 49
3240 13
4549 11
1403 75
820 50
238 58
6378 34
2976 50
5087 62
8128 68
1357 30
542 54
6906 36
7799 76
5035 26
3787 15
8001 73
3179 45
5118 8
3673 30
7149 15
6492 78
1011 71
4763 43
6429 17
6470 13
3565 63
7063 28
9998 67
8364 35
3040 34
5168 16
7753 36
4269 68
5615 58
5179 61
985 29
9173 77
8070 31
5083 55
1003 16
1187 70
1642 48
4131 26
782 27
210 64
1607 54
1842 60
5639 21
7472 70
8179 6
8992 14
7729 45
8631 13
8811 77
6952 74
1455 0
2219 5
6862 51
988 3
9442 49
2257 55
1088 11
1367 73
3305 65
9003 38
7836 47
7295 68
1227 38
2333 32
9651 53
7692 6
1811 5
5758 60
6723 62
7621 60
7302 57
442 60
3763 51
8558 27
8297 43
2443 10
8778 73
7876 36
9656 74
7609 12
6431 28
38 66
4747 2
7522 65
5344 52
5419 40
6523 39
6728 18
6544 4
8448 69
9458 56
791 36
3364 24
2245 65
1917 78
3485 35
5784 36
8743 63
5261 60
1150 54
4372 25
1362 59
5909 46
7132 47
5900 1
922 59
9078 44
9269 73
2974 48
2461 48
1986 21
300 74
2249 67
304 35
507 54
6119 32
8248 18
3470 42
4104 19
4168 70
6869 31
5735 34
58 10
6993 14
7911 5
1167 52
2178 69
502 5
3566 27
4492 50
2858 53
3898 67
7316 17
4045 40
1479 73
6712 26
9031 64
7627 45
339 55
9886 69
7595 76
3499 49
5468 47
2997 72
9632 18
3263 79
8570 13
7337 20
4793 76
9394 58
6262 21
8536 17
9164 73
236 1
2343 39
9376 3
3449 23
9030 76
2463 74
9235 71
5909 27
391 46
9736 2
898 37
5235 5
2621 3
6750 59
3692 61
7192 79
6935 1
9174 45
8597 12
6835 44
5096 40
5344 56
194 54
7376 43
567 51
9180 71
3614 26
3216 18
2383 23
1947 31
6370 51
4635 53
9975 17
3 14
9110 3
4438 62
4322 10
3315 30
1430 72
9540 36
5054 67
2818 1
7636 9
2416 70
9969 11
9865 36
4472 71
1043 31
3884 70
1197 14
7797 62
7608 1
3028 5
1329 79
7449 3
1577 44
8878 34
8189 19
526 5
4410 22
4446 2
76 15
1309 77
8741 65
3501 19
2405 48
8451 48
8660 26
171 29
832 0
4647 25
755 37
4594 51
8814 34
2110 49
2624 20
8762 17
1772 3
506 25
3990 15
4185 28
9967 41
9867 28
2696 75
6587 7
4869 53
2547 16
5274 5
7577 74
537 66
8766 51
8582 37
3932 11
8731 21
4305 15
3289 62
832 54
4764 61
3372 56
575 74
91 38
2542 1
2550 58
7365 15
7887 12
1600 7
685 61
723 78
1519 68
6135 57
5558 51
7663 48
6972 69
4731 47
526 22
7972 57
5046 15
2579 42
3896 12
1634 71
6836 60
4659 68
8135 69
9685 50
528 65
540 18
3700 73
4207 43
7433 44
8161 4
7109 43
2933 62
4642 53
7328 1
2453 26
8928 34
6948 14
7331 29
5970 13
6744 21
507 5
5443 53
8586 52
9326 18
4747 79
7985 15
8347 75
9502 76
5036 60
3213 13
7731 56
2286 66
9793 71
7266 56
5048 58
9707 43
7980 53
8421 70
9892 58
9178 9
9122 2
4180 22
926 11
6183 8
4796 57
6852 32
1147 10
9476 13
896 75
2607 71
304 48
5142 72
8588 52
128 72
5457 29
4473 20
5332 74
1912 26
4158 45
8903 20
2545 31
3477 46
7820 68
1295 70
4076 60
4872 47
7828 35
3887 49
8315 70
3342 16
9361 34
6709 72
8412 59
5713 50
8453 37
2461 54
6228 19
3094 13
1656 74
1703 33
3962 0
2478 3
8090 55
5982 56
6247 32
2801 50
27 77
1872 39
2610 72
6740 16
9261 25
4398 48
6347 56
7366 31
7687 15
4803 50
3688 43
7774 8
5007 15
7378 51
6926 53
7180 33
1719 2
7717 7
9135 5
5551 73
8317 60
2613 24
3471 18
5823 24
8778 73
4159 77
3920 64
2552 2
1153 1
3904 5
562 74
4500 34
3990 21
9034 43
9263 39
1642 49
5620 65
135 33
9713 22
9612 46
6367 26
3699 6
6575 67
9219 4
899 32
8094 2
8091 50
3364 57
6607 10
1728 7
6233 1
4826 11
6616 62
5733 63
6581 24
7261 3
6129 24
9387 34
8785 9
7799 67
2364 63
4855 62
7772 17
7621 57
4003 53
7552 15
8312 7
216 60
2215 53
6440 7
2038 74
7391 75
8764 69
2470 52
1551 21
3335 3
453 35
7328 46
8767 60
3690 71
1543 74
8169 55
3265 78
3963 55
332 28
646 11
2921 2
2433 11
5635 6
1916 32
6552 28
2284 39
4963 17
5844 4
955 39
5553 39
1821 77
4604 4
3477 41
1089 17
5514 5
3613 33
258 52
9810 71
4851 15
4751 58
825 49
1917 36
364 11
3896 54
8057 68
6587 76
7519 33
8109 8
1404 61
5589 46
8517 37
3067 75
7775 67
9366 19
1127 20
9269 22
9010 72
7179 46
640 22
2464 39
2814 9
7482 27
4296 59
9084 41
3084 13
2115 65
1876 32
7708 63
4951 19
8833 66
7658 9
6131 56
4047 6
9995 8
7885 54
5034 11
5979 10
1566 39
8145 48
4760 10
898 77
7859 32
3840 42
539 64
603 41
8648 57
6537 2
7084 53
688 78
7617 71
4391 31
3107 38
1549 74
7228 22
9056 2
7576 15
8064 50
3343 28
8807 71
5120 67
8366 24
9047 12
6934 19
6826 47
6381 53
6575 14
4813 53
6592 29
4797 61
6176 74
7624 70
1259 28
2952 16
2904 76
2465 43
2974 26
6440 20
1256 78
5544 63
2493 44
3971 14
2004 67
4985 75
3609 34
9692 8
9348 55
548 16
7594 54
9810 73
930 66
9742 9
1253 59
7067 18
9882 36
2670 76
2616 31
5930 77
7826 40
5005 7
5234 59
161 78
4928 50
678 68
6714 47
9887 19
3036 19
6398 55
6297 56
7688 38
5737 1
8462 60
535 44
8328 71
2822 33
7944 12
7510 75
6529 20
8262 15
174 38
4354 77
1055 2
4069 2
1342 39
2219 39
2342 50
9847 42
6389 37
6216 40
8423 79
8617 19
6500 77
5234 53
4247 77
2291 50
2905 58
1606 3
3070 41
1565 68
4664 47
3779 11
9985 77
3164 19
21 25
9917 37
3059 26
6736 2
1041 15
5158 0
6707 13
394 78
7367 36
5310 21
846 76
4438 29
9065 33
1136 9
2053 56
2198 16
2299 13
2685 41
9106 75
8077 34
7733 55
1979 13
1420 9
5564 56
3583 71
4626 55
5441 64
8217 48
4344 50
4135 67
4779 57
1938 68
1798 69
8125 38
5723 38
1447 22
8577 23
8999 1
3961 52
927 19
7867 57
2465 45
4638 72
7591 34
6846 54
7454 14
5003 67
3626 20
2535 5
3163 2
305 48
4013 19
2032 36
63 49
4759 34
3423 4
9982 28
7289 60
743 9
3912 23
4645 65
1569 79
7574 75
7204 35
2365 1
5319 32
935 60
1326 76
2935 50
824 32
4179 72
8323 79
3998 21
9275 71
3727 54
3194 66
1867 71
8794 57
8323 52
5980 38
682 61
1072 53
3602 79
7170 55
3548 53
4985 18
5677 42
8499 56
7288 73
9985 1
6338 3
2217 40
5056 60
3583 48
1298 67
4364 17
4191 44
1815 67
4334 44
1900 5
711 48
3092 11
4669 59
1863 2
4814 42
596 48
881 37
7212 45
1865 4
4728 24
5226 75
8911 24
6741 52
6647 16
6610 23
1694 29
455 73
7800 31
2818 47
1467 17
1045 45
7371 39
60 15
1748 36
7034 50
6560 69
5840 0
1362 14
9318 39
3848 30
7421 5
4697 33
7146 35
9628 50
9600 58
3790 27
4507 6
8788 59
5817 69
2936 50
2281 44
994 60
2674 7
7633 55
2514 27
760 19
6447 10
185 38
8505 49
9178 73
887 65
4413 50
1039 9
5220 30
7488 76
6339 11
6634 4
4367 79
3292 35
4577 73
3897 50
4445 18
5483 56
9352 31
8318 72
3001 70
8470 72
813 43
3346 41
2873 6
6371 40
2374 18
2773 0
5654 68
1508 41
4272 70
1031 33
3916 79
2044 69
7036 65
1857 61
1185 79
5592 18
4130 25
6111 28
5028 21
5932 76
319 44
1728 18
6303 78
1946 76
1902 67
1486 76
6303 79
1640 53
2412 64
5841 18
4923 39
4432 3
9127 1
1626 4
7020 1
8439 28
3327 44
3574 31
7770 1
167 64
6925 51
6398 23
5107 20
1575 27
3778 47
585 44
9470 34
6428 63
1538 39
419 39
3225 77
9320 12
6296 56
7003 43
5428 49
9155 74
7836 27
9957 38
8201 52
9230 59
8651 36
1945 63
3917 37
6717 59
4619 30
1392 23
5737 78
9516 17
7900 50
4376 26
7515 51
4016 77
3382 15
5093 45
2105 2
9230 26
3202 32
9129 47
3752 34
5577 27
8925 59
2708 42
253 54
6649 15
9151 78
5654 48
5209 73
883 62
529 50
8762 48
757 2
2983 43
3830 10
1801 0
8095 63
7664 50
2349 50
3270 50
9478 11
6269 73
7203 1
1485 65
4058 57
8277 16
5724 25
8692 66
1617 8
276 3
4419 20
1446 54
798 62
8821 52
4911 38
1779 36
3728 31
5583 35
1446 47
6747 1
7053 22
7431 56
8164 72
3961 9
2050 72
7438 4
5725 66
5721 20
954 69
3275 6
4382 28
5311 52
7467 24
3606 2
5906 44
9580 51
3300 52
6065 25
596 34
4375 7
4606 38
4942 69
948 42
3399 16
7784 55
4732 27
5075 72
1303 70
8309 73
102 41
7121 27
4540 61
6171 7
116 7
4709 44
521 18
8915 39
2083 8
846 46
694 28
9687 57
2615 23
7975 77
4290 62
3021 70
9883 28
2479 65
4408 65
1303 67
9441 70
8831 74
8439 12
2488 30
2688 65
2886 50
1868 30
9237 61
4789 31
3529 32
1331 31
6492 4
2237 0
1951 17
1383 4
6731 45
4622 44
7597 31
7061 74
196 31
1067 4
7331 60
5457 72
1275 41
2328 38
9449 21
5332 31
2975 69
7272 24
8207 32
8498 43
1231 23
4580 58
195 32
2349 32
2175 46
7398 6
9458 46
3699 31
5930 15
8615 17
9594 47
5482 0
9262 47
6333 73
8530 2
1504 8
6934 55
5300 54
3756 48
531 34
2493 79
203 27
3467 76
7580 55
7340 37
5241 51
5263 67
335 40
1154 68
1989 38
4553 75
3571 32
6490 0
8861 19
5882 69
9125 52
4137 6
5089 21
2498 44
8253 36
8371 78
1722 65
2254 36
1663 41
4520 10
503 67
5939 78
3118 39
6030 54
904 22
1757 16
4902 42
5286 72
6402 11
9290 63
2490 10
9448 62
930 62
2997 72
5728 24
1746 68
4387 5
5055 79
6540 1
7966 13
1576 50
5129 24
8605 72
6649 71
5656 62
5595 60
9242 13
9154 74
7860 14
780 16
6880 26
8017 55
95 0
3435 20
4075 1
9621 58
9669 76
3890 63
8727 49
7989 57
208 36
9059 21
8679 1
2670 36
9856 6
6384 51
4347 17
3562 21
3139 70
3473 63
4799 13
1110 47
7063 7
595 42
2536 11
8318 49
7704 33
459 31
9648 25
909 34
5985 73
4729 19
337 34
8330 52
7845 29
6661 53
7361 24
3289 50
9518 7
8593 45
6214 24
2686 51
6025 71
5736 62
7027 75
3247 7
3143 11
9181 5
9744 65
9461 6
4531 57
4392 73
4595 5
9721 54
1458 1
4176 75
4288 61
1545 20
4250 61
538 69
4349 9
4688 39
8642 17
616 77
613 1
177 33
234 77
1634 64
5446 41
2358 63
260 72
661 41
312 31
9894 54
7534 36
8997 25
5215 40
8709 70
4848 15
982 14
5175 8
9308 8
2700 13
7923 14
7110 57
1753 1
7699 48
7929 74
1589 64
579 63
5680 18
2915 13
1083 45
5049 8
8141 23
4780 45
3229 41
9666 15
5261 14
1735 70
6575 55
8405 33
4578 62
795 3
1416 5
5768 65
9784 59
9432 23
1500 42
2666 18
9930 48
8718 45
1870 39
9115 27
4463 67
3750 13
6044 56
713 65
8825 38
7511 24
5434 34
4192 34
8908 34
5879 40
7035 36
6063 70
7319 75
8770 67
201 55
8917 62
7502 17
2995 55
5162 48
2472 55
8374 74
9768 61
3336 11
225 5
4326 75
1584 7
1512 79
3617 42
993 78
4342 67
9321 30
7951 14
338 43
5549 39
4481 19
3833 54
1688 1
7568 53
4693 3
1368 47
1634 58
539 38
9006 15
4018 1
8086 77
6164 48
9968 46
8937 46
8767 69
8213 50
2038 69
2871 34
3620 76
6110 4
9120 0
1778 66
8930 37
9442 26
4401 23
3132 15
5953 58
4458 63
7508 12
1047 50
3844 68
5826 44
106 41
2696 79
9447 33
9125 64
3156 21
1590 36
697 13
5518 70
2370 29
4227 8
9819 11
4501 20
4587 44
1355 62
8690 11
6698 72
883 5
9189 33
7900 52
7388 11
4647 21
4879 55
9330 40
7118 64
424 36
4952 64
3500 52
7213 51
9553 34
9578 54
8057 30
9039 75
7605 28
7438 12
8179 71
3680 42
1757 6
6077 17
3464 9
9355 9
961 15
6100 44
8690 56
808 63
442 18
2094 79
8273 34
7089 41
5602 1
2469 5
158 49
5014 0
9986 74
283 21
2338 37
3032 72
9968 68
5536 79
3132 28
2215 60
9994 16
7728 27
9371 43
9315 69
3598 25
1333 79
8065 35
7142 18
658 54
7279 71
9066 79
9663 47
7899 21
9163 12
527 66
4318 48
1484 15
2822 64
6013 76
9979 36
8053 57
5254 62
4186 3
493 4
1134 46
5268 28
9946 59
1889 51
6683 39
2882 41
6657 1
1884 77
6653 37
9592 1
6429 73
1197 74
910 19
2624 6
7621 69
7886 25
8027 22
7737 70
3736 78
9482 7
4685 30
5757 58
8846 58
8048 8
229 52
1741 66
2234 6
8361 42
4627 12
7310 11
8326 44
7354 38
65 2
9543 11
5902 60
1243 48
8869 14
5769 17
5863 67
5833 68
7608 18
9623 71
6255 9
6064 25
6374 8
6226 33
4110 60
3066 79
1327 38
5625 46
4417 7
5652 18
3323 75
7842 19
5339 0
3888 6
9129 1
7412 53
8089 3
2120 42
5846 27
1713 45
5013 41
1353 55
424 70
4678 3
29 38
9003 0
7077 57
3379 53
6383 52
926 50
1191 38
1408 14
816 74
7344 18
7486 9
5274 34
3804 56
611 51
9537 5
5473 30
6985 74
9121 79
9370 44
5243 42
7616 35
216 75
7110 53
7174 56
1773 17
3445 21
2660 53
1364 36
3344 77
6860 39
5721 25
6045 3
8246 25
2887 19
7871 71
5831 70
9329 65
3274 38
86 2
7315 54
7102 61
2978 23
7828 53
5198 55
9515 75
6851 38
4165 36
1849 38
3811 6
4610 79
9598 64
584 45
9475 4
7280 39
1727 33
8589 44
903 33
3189 59
0 75
5865 63
3660 6
1023 37
2132 60
7799 44
6111 22
292 40
631 41
7755 51
9614 45
5931 33
2115 54
4906 30
1832 33
7742 70
7680 45
3973 48
6914 51
7720 24
5930 19
4033 72
2774 76
3301 18
1092 24
9393 28
3613 18
2948 9
4918 53
7076 64
6920 34
9164 43
696 29
5664 14
1410 37
6200 66
5908 78
7696 77
1704 77
125 64
3694 31
5958 13
9962 38
97 66
8798 1
7366 23
6557 7
6518 15
5493 64
4329 14
9680 32
9822 8
805 49
6817 50
4033 60
2782 39
199 51
2678 41
1103 46
2038 50
4369 48
4474 5
7197 53
6453 38
9830 26
4464 67
9361 73
3333 14
8548 32
9186 40
1548 77
7136 43
7200 8
4284 3
6859 13
6762 59
8516 68
7547 16
5244 15
9488 20
9281 15
1121 1
2935 36
8193 55
9575 47
1738 52
9829 53
6287 79
9829 66
8316 65
2808 71
6026 1
8467 19
1137 11
7064 25
4914 60
1026 51
6251 12
7001 19
1494 24
256 66
7032 11
2203 39
2454 56
6355 5
2071 55
93 1
7128 73
9022 31
2355 26
7018 8
7775 35
3640 10
4325 56
4446 76
1322 20
6766 28
8152 63
472 72
8182 58
4959 37
3919 23
8069 15
5259 55
3214 29
544 17
7448 0
5537 60
6836 24
1664 10
373 3
7304 49
4315 3
9113 38
7477 59
9210 40
5570 70
6140 23
3171 51
1873 15
8229 33
4411 37
9271 51
5765 12
857 33
7714 36
2519 27
4443 16
2069 42
521 51
8595 4
7158 55
9134 75
4270 73
7416 52
7363 4
5310 63
1674 72
7694 24
6650 71
7417 24
5801 60
685 24
2116 8
6087 68
749 58
7649 24
7035 10
934 58
549 35
2074 67
5529 43
2774 27
7241 32
6451 16
4875 16
5041 19
3717 5
7483 63
2701 59
3724 54
8690 32
7017 26
4593 39
1842 5
1807 24
5206 22
2337 39
2509 41
9666 16
831 1
9994 60
4870 4
3808 35
8103 35
631 30
272 5
7287 71
2217 31
8474 32
970 34
9360 12
2787 32
5464 30
4335 12
7723 12
3967 46
6163 15
5613 64
4972 58
4051 57
4725 5
5999 35
2294 69
7457 74
126 57
9984 67
1190 51
4207 54
4912 65
1175 42
1074 40
2436 60
5630 60
3207 12
4729 78
4828 20
3622 67
5433 53
4482 12
9910 47
1104 55
9327 45
5111 18
6098 27
1293 7
2663 6
485 24
7768 30
6975 72
5894 74
1560 36
8844 24
4994 60
9688 79
756 50
1273 19
805 78
8699 68
1076 43
6876 68
8861 2
2675 35
55 17
6190 57
2471 23
5071 63
2628 79
8088 74
4182 6
3641 37
8703 42
650 25
4748 66
9496 76
2874 20
9595 68
6732 23
5853 6
3228 69
9034 32
9093 28
2642 79
8606 66
4622 29
3464 19
8800 58
59 57
6880 54
619 54
5711 9
1059 16
6552 47
2237 57
6474 51
2336 10
9286 71
2405 28
1987 45
1234 19
3502 54
1234 24
6289 68
6015 33
23 77
5959 31
2528 63
9511 51
1166 74
3481 29
8909 79
7747 19
2971 35
3006 75
6509 15
7467 53
5937 24
5558 56
5516 70
3038 40
8117 3
4108 48
6616 1
2151 65
3201 8
3542 7
4159 60
4790 52
1435 39
7945 76
4462 40
6358 13
6211 23
238 72
7697 19
3688 0
8359 26
1286 78
1969 5
6451 31
197 78
1775 59
576 31
1803 2
9539 56
524 68
7616 43
4120 13
5742 56
8913 60
2421 32
9529 47
5626 73
3518 29
4265 61
1853 31
649 15
4600 44
1737 59
6516 31
1576 73
816 55
4111 46
9245 75
4521 46
665 72
3301 66
4808 24
1255 17
5707 32
1871 15
5483 55
9216 15
7142 30
597 38
924 33
9372 46
2496 72
4148 67
6397 74
8164 46
4162 15
3504 27
1702 15
6504 73
9536 28
5344 13
5427 26
1032 51
8020 39
7617 35
5539 26
4505 28
8804 60
2963 63
9775 13
9170 75
5402 5
875 64
5843 73
9436 66
3523 37
4098 44
240 60
3288 62
2834 57
4175 53
8991 0
3717 54
6393 7
6125 6
7914 27
7987 57
9811 48
7178 69
3916 24
9645 34
7653 31
1058 32
2836 17
4910 21
5609 40
2536 2
2766 38
4201 33
6730 12
44 45
9536 53
4091 13
29 50
1108 30
3616 2
1659 76
2837 61
6053 29
9616 13
1360 43
1542 42
4775 12
8173 65
8478 64
5895 0
5293 54
8183 48
5806 58
4890 79
1242 15
3593 26
9352 5
1775 67
3483 7
9725 69
6504 36
8206 1
2002 56
6318 51
9090 7
4084 54
1482 37
3727 65
1212 5
5674 61
6440 44
5249 3
9033 64
8313 55
6679 2
3214 43
1712 69
1787 1
9873 11
6625 18
9198 43
2933 36
193 0
3660 74
8295 33
9876 62
3519 24
289 68
3549 2
7708 75
2809 2
5162 21
9352 34
4885 48
4920 23
6277 64
4080 31
457 11
1042 42
3434 1
9357 50
7500 38
9271 41
6438 78
3462 46
2211 52
4986 11
9215 70
423 13
1501 16
4556 65
3963 51
2721 40
154 50
4244 38
2321 9
7828 45
8551 11
4451 65
4183 54
6101 56
4401 69
8151 16
3404 66
6006 28
5674 69
5250 77
9296 46
4525 9
3467 27
2605 58
6750 6
6171 53
8860 63
4757 22
4837 65
1172 37
5840 67
511 55
5875 77
7607 3
9388 37
717 14
5518 21
5055 38
2746 59
536 24
7081 77
3029 47
1298 6
6947 10
7530 66
6325 40
6633 18
2984 66
2425 12
2898 5
1545 18
5090 42
3069 77
3223 36
5483 69
415 70
258 64
6217 46
60 38
2964 50
4888 60
5616 37
6643 37
2632 70
6010 1
1926 54
7208 16
874 52
3344 24
2248 54
2710 31
5954 22
1165 5
9689 7
1420 16
6090 2
776 6
6846 33
214 1
4092 39
2813 50
5570 27
7418 37
7123 15
8562 12
4671 49
2348 74
1848 61
6189 31
3701 45
8565 11
4549 46
8327 49
9710 64
2026 25
3410 41
3453 34
6035 39
5597 50
9241 1
9173 75
8531 40
3048 29
3085 63
735 50
3694 4
5560 41
1874 58
9538 18
2316 4
5967 35
4627 32
1259 21
8012 62
1870 78
83 28
3190 59
9691 64
2470 74
8954 48
4198 34
5031 49
3809 79
7382 58
1391 62
4773 4
5640 17
7689 48
5178 15
3468 5
308 27
4752 69
3566 47
1659 59
3907 6
3556 36
7883 51
5891 23
6064 33
2861 1
452 55
1730 1
3638 71
183 45
6575 68
260 16
4087 46
3562 16
2255 44
8890 32
4755 52
9928 31
9813 73
8659 10
1352 50
417 21
6608 35
7229 33
5687 11
3562 43
5941 57
4876 1
8820 75
8168 34
4394 4
7092 64
3322 57
5988 20
7220 25
9486 79
606 7
8127 73
8425 53
7435 56
5082 78
1053 61
1889 0
100 30
9624 5
2696 28
3415 29
3329 66
1660 9
6698 73
5425 6
5271 9
1643 19
6859 32
7135 33
3087 40
3062 7
8520 9
2218 47
5701 59
4215 1
3814 37
2036 73
8883 7
8892 71
3287 32
9657 52
2535 77
90 76
8552 79
1693 76
8743 56
1053 24
2777 17
7206 57
6722 11
6062 34
4270 32
3672 14
5103 21
1580 8
9272 31
9019 7
6829 62
5480 51
7257 42
6180 72
180 57
951 38
3366 11
794 50
6877 50
983 77
3234 65
3406 31
1481 31
901 0
1385 8
289 19
7198 1
1156 31
9549 70
8795 11
4893 49
1509 69
768 57
7150 15
4796 69
1636 6
1677 11
952 48
390 58
7949 34
8363 64
6459 76
2817 73
5147 66
9785 5
3695 71
772 52
3774 24
4914 16
6153 66
6463 39
6531 33
5627 20
7930 54
4571 41
34 3
997 59
5629 7
5126 42
4873 1
4732 60
3909 50
7868 5
8450 36
7976 68
4313 49
5745 29
6946 65
1823 46
9224 3
3415 65
3498 7
1031 61
4689 38
6393 57
8572 47
9373 46
3441 15
2510 8
7570 44
695 57
9293 46
9546 42
443 43
2300 63
9718 61
4600 53
9705 33
8737 10
9625 15
8002 73
4787 17
1014 49
4621 3
2996 66
3345 37
9237 3
7784 15
2618 34
8617 2
6637 25
2465 39
6105 41
5389 70
6185 22
9040 53
3015 15
8597 75
8790 24
5720 32
8650 54
1315 67
1938 6
6975 7
3837 58
9365 27
1556 17
8564 5
8316 50
907 26
1252 53
3270 28
9545 78
3233 17
3578 22
3808 76
7296 8
6510 26
1304 53
4129 74
6897 5
5975 42
5007 75
6887 75
9687 67
782 16
3679 74
9320 8
1563 10
1098 70
8559 65
3140 57
3475 61
4925 77
9577 54
6587 45
4034 40
230 66
276 59
5000 61
9830 65
5820 29
8696 27
7729 78
4186 8
7011 62
6512 75
5609 45
6123 24
6413 49
4317 28
3547 2
3092 38
8661 72
331 37
952 64
7225 79
9085 69
7436 10
1575 1
6403 43
9784 47
4088 42
9394 11
1220 78
8213 73
9607 42
7766 15
5039 35
7000 0
1684 13
8924 6
7542 1
5040 27
1757 29
2 20
3022 24
2912 43
152 48
7016 71
730 50
9840 42
3134 69
1132 7
4245 20
8847 14
5333 22
2063 69
749 28
3057 20
4266 70
1302 61
7729 18
8785 71
9538 34
1071 54
697 41
2845 72
8295 33
8055 46
6613 12
7286 5
2467 70
1773 16
3072 67
8318 52
4342 10
513 31
4871 13
7345 38
3012 20
1476 58
5694 37
4585 22
1176 35
9579 56
4149 64
6480 25
6741 79
3691 11
1419 59
777 78
4104 61
6003 47
9671 46
6664 29
8910 10
386 25
275 77
5240 25
9907 61
564 25
9470 35
957 48
4999 39
6449 58
8974 55
9908 23
878 19
2724 63
6685 56
4242 0
2578 40
6021 54
444 50
977 69
7292 20
9155 38
7323 41
4373 44
7721 16
2869 49
9032 27
9115 2
2782 0
1280 4
8257 48
8201 66
6468 65
2531 20
5372 11
6678 29
6392 43
422 49
724 7
9630 65
5 63
5030 21
7389 76
1176 69
302 8
9433 35
146 41
7555 8
5376 27
4077 42
2725 57
5863 38
2485 56
9607 32
9926 16
2151 21
4933 8
190 73
8232 29
2828 33
6738 15
8919 15
3480 24
8700 22
2850 9
4959 41
58 2
3311 36
2221 14
6393 6
7605 41
7663 10
7988 47
9489 33
2781 67
5666 45
5730 40
4185 28
4953 63
8379 31
8551 30
4966 6
6168 25
5445 42
9148 0
3014 7
7362 69
8973 52
7009 56
1256 49
3551 17
6161 11
6570 41
2199 62
1214 5
2321 24
8377 79
5013 6
5841 67
3382 77
3277 4
1794 39
8451 9
8762 57
6358 71
8607 29
8727 27
5670 64
9246 36
2605 73
4128 27
2986 5
3385 65
8012 28
4049 3
2702 49
170 28
9146 59
8072 23
3522 75
7144 16
639 25
8492 38
2225 31
2542 78
3186 18
5000 23
3505 9
5206 6
6845 43
894 62
639 41
4584 13
59 37
4050 6
1939 30
7981 22
6328 41
8285 21
2821 62
778 44
1435 76
3341 45
5476 57
5517 51
7587 25
8146 55
6268 58
1046 44
4866 11
9840 55
5424 7
1296 47
9368 34
7702 77
2228 14
5763 16
7247 74
8249 48
7686 8
9342 76
6665 74
2799 2
3415 40
4728 59
9612 16
6247 1
9989 74
4347 29
4709 7
7391 1
7547 22
5248 31
4329 18
2263 20
794 28
3493 21
9587 48
4874 20
2329 38
9267 63
6611 40
2801 37
8122 43
2635 37
3358 12
6845 22
894 56
7646 77
4304 7
7316 14
843 39
8835 18
5198 49
3822 0
7243 25
2795 44
4415 23
1676 9
3078 61
1751 12
4146 21
8614 62
8878 9
2761 14
1684 14
2595 1
6075 61
1359 22
7263 15
8104 75
7446 37
902 53
582 65
8618 64
7922 53
5795 68
1172 6
9735 64
8072 28
1882 37
9388 73
827 65
5240 35
4999 39
7399 64
775 40
1575 45
6749 48
3852 59
9566 31
6420 71
3160 18
2368 52
8510 29
7848 22
6035 40
1968 30
9130 3
6033 77
5342 55
587 55
2918 27
2830 6
7600 48
6522 72
614 41
2404 70
4199 58
8501 65
6412 44
8112 43
6775 26
9942 79
1967 59
1868 15
9822 60
5701 56
1579 9
4760 52
85 24
2496 75
1012 35
9917 39
7274 32
1211 51
8500 30
1262 78
1381 46
9179 66
8079 60
8775 28
401 8
2867 71
9722 69
4791 26
7135 78
1361 58
2162 16
258 61
6178 24
1976 61
7897 9
1181 20
1177 9
8236 58
5937 10
2224 25
7976 48
2098 57
679 20
2065 77
492 52
9714 56
4916 4
2955 77
9606 37
5391 35
6679 0
6393 17
4261 48
8640 11
1002 9
3557 73
2446 57
7235 33
3044 25
8217 48
1205 47
4286 10
1272 52
8902 11
3596 61
9173 25
2406 40
4507 9
3938 5
9974 10
3598 30
1035 65
8174 5
2189 66
7975 40
9358 24
4132 67
4961 18
4376 3
8501 59
5495 50
580 35
6328 36
7128 63
8974 77
4737 57
2338 61
5809 37
9346 57
894 34
6939 38
6243 25
427 20
8013 6
4520 22
7208 16
1920 10
1644 70
7225 57
8166 39
6393 60
5915 46
2320 8
7757 57
9652 72
8559 4
3947 70
8245 71
5602 6
2926 57
6588 63
1862 14
7226 39
5056 68
93 26
1032 55
6596 22
8009 28
2055 6
8848 64
7114 56
7640 61
2989 77
7675 21
6098 13
2566 78
2431 53
3393 59
4893 62
960 35
8873 59
2370 33
2102 31
6015 71
1999 8
1673 15
5901 28
8268 15
2041 62
9977 8
4079 77
126 27
523 58
5568 73
4173 67
1223 6
2451 1
6285 25
9113 58
3685 67
2889 4
3364 57
117 55
2907 47
1258 46
2706 3
7568 58
9415 4
9451 18
2209 45
3311 42
2536 65
7863 79
1941 4
5370 13
7095 20
1442 61
504 67
3509 63
7536 18
1924 0
4035 59
907 7
4008 27
5539 1
4684 58
2793 55
6985 25
6773 42
6380 70
6578 59
4311 15
8521 8
1505 65
6970 38
246 11
9580 72
2717 20
8455 74
6062 6
8534 60
2050 21
7817 62
7216 16
4403 21
8073 19
7040 71
4613 6
2009 40
6812 22
7203 34
1599 78
5827 26
2827 34
206 69
333 55
1937 55
4634 66
724 51
1218 12
6489 52
4679 62
3617 54
5907 15
1623 66
2409 7
8954 37
3989 47
7969 60
5198 40
9558 29
7291 36
6655 53
4507 52
3224 10
1134 31
2362 44
2024 76
8048 61
614 29
1627 41
2153 24
8974 52
7018 35
2087 31
9988 74
7250 7
8320 16
363 10
8318 32
9662 54
7513 15
1868 0
6233 49
2122 46
5061 4
8068 18
8158 12
4043 67
4947 12
6038 41
2762 14
7956 5
1048 15
5444 75
691 58
15 45
6512 31
9434 69
9228 32
5428 78
6793 8
7642 47
9510 8
740 6
2339 32
125 45
120 70
4617 12
5155 54
9481 75
9476 6
9741 33
4118 52
6718 62
8385 78
9060 33
5371 46
8935 71
5856 64
7682 17
3859 1
6616 16
2017 39
7035 32
491 39
5905 78
4738 39
457 7
9149 48
5064 63
2216 31
4572 59
8500 8
1117 27
9833 39
9517 7
7514 53
2185 69
5206 68
8185 21
5591 24
5097 9
6923 65
40 19
4797 56
711 45
7051 22
9950 32
4250 12
3934 49
9124 2
7617 62
4713 0
1872 1
5459 2
3216 78
3819 27
3005 31
9848 26
5147 74
7922 33
4562 27
7093 24
3943 51
6502 77
