10
100
8134 68
2468 20
2580 35
9663 18
9716 59
2355 60
4964 59
3472 16
231 27
1194 50
9683 27
1566 50
6041 71
5443 74
8853 57
8074 7
776 11
9130 1
5965 6
8848 72
264 29
1068 77
8501 63
595 74
2666 13
4821 63
7459 9
5704 74
9427 38
7804 66
1959 50
339 0
7768 13
3315 27
1765 52
9728 30
1546 47
9475 40
9141 3
7797 16
3125 52
1936 3
3825 43
9100 60
6502 48
3631 30
8144 36
525 49
4464 14
37 38
9841 32
2714 25
1988 21
9171 34
5446 57
5076 24
3696 21
9675 3
5726 69
2372 12
5101 72
4426 3
8328 4
1083 77
6921 51
320 56
9187 46
9768 44
5219 20
2632 63
4467 71
5676 69
4094 35
3145 35
580 27
6004 78
3724 3
7472 53
1489 36
950 56
6083 79
3592 3
1255 1
5009 27
3898 79
5418 67
3806 79
1826 59
5807 2
106 38
2280 2
8957 39
7284 67
1411 56
4508 41
449 6
4718 23
3249 12
6696 63
6210 26
