10
100
1095 39
9102 24
18 36
474 34
9025 0
9047 69
3819 38
7448 24
9800 2
8356 11
9174 13
7985 40
5897 10
6069 8
7738 27
3372 48
8890 1
6023 54
9190 62
4794 3
1683 72
6920 39
2096 29
920 36
9506 30
4663 40
5921 57
1795 26
2326 71
8227 48
8639 62
3978 27
9200 4
3648 16
5374 1
5748 3
1505 31
842 50
5270 65
6974 11
2848 13
3531 27
5777 39
7040 36
8828 60
2219 58
8179 8
3727 59
3956 20
5802 9
2184 31
6468 5
5222 40
8833 41
3998 21
5329 17
7431 19
1857 39
5517 59
7780 59
3539 77
6363 75
7236 12
9694 4
6239 38
6039 37
2036 30
2376 13
6553 39
4759 1
7064 79
4222 43
2666 53
8450 65
7500 25
4132 65
2744 31
994 7
7 0
5922 11
8547 61
8414 74
3820 0
4277 79
6984 33
9981 61
8132 17
3979 44
4903 23
7184 61
1166 21
1309 60
9997 70
7812 1
8033 6
7236 19
5535 78
1063 10
9941 74
3548 63
