10
100
7391 36
8089 24
4165 44
6695 47
9438 15
6652 22
7229 74
9617 12
145 61
2918 57
3209 5
9869 26
4328 3
2416 77
4704 9
9108 69
745 16
9665 59
1941 25
5560 33
3973 78
6946 4
4027 4
4815 45
6048 48
5491 52
3762 35
1180 3
1832 51
121 34
891 23
865 51
4507 46
1717 60
686 61
9188 29
7348 67
1950 13
6034 27
6632 22
4569 46
9092 73
5779 2
5862 31
5397 19
1879 29
425 59
7222 67
7291 33
1774 33
3529 12
9173 70
8416 3
3809 55
6724 34
5644 73
3374 42
4446 27
9740 22
2378 66
79 22
7864 18
7885 74
929 6
4740 13
6933 29
6239 75
7259 65
2424 64
6494 53
924 62
439 74
6985 26
6233 14
6448 4
9165 18
7663 18
2542 54
4278 8
2485 19
5191 69
38 52
6385 45
6429 2
2128 78
1330 59
9228 50
1447 14
3822 17
7799 6
9969 47
6583 17
3774 41
5698 75
7182 7
6489 28
9889 47
2032 26
2947 22
8594 76
