10
100
4181 17
9811 28
2274 21
18 63
4875 19
2480 23
981 8
4236 75
2880 75
4805 67
2976 58
5038 24
8670 66
4305 74
8388 74
7006 77
7156 77
3622 33
3560 50
3372 29
6442 26
7348 40
5348 21
3688 3
1934 65
2168 22
6496 32
7615 21
7023 4
9421 47
7518 10
4458 36
5387 33
8561 0
6323 69
6733 71
8856 76
6210 47
2345 29
2908 5
2312 72
5111 13
75 53
1152 9
4154 61
4443 69
5604 31
2853 45
776 32
8656 12
3400 66
4184 2
582 64
748 65
3830 19
903 4
7415 52
2682 43
8676 79
3327 72
8617 64
7779 16
4863 28
4973 78
867 30
2517 58
5907 77
2767 49
3174 23
6376 65
8639 29
2848 35
9357 58
6814 54
842 48
3138 52
7410 65
5183 67
5929 23
1762 26
3315 32
6339 77
8225 58
5837 72
5965 71
5115 36
4783 61
7074 40
379 29
7200 32
6993 29
2918 66
5312 36
2487 3
62 66
707 69
5981 42
7197 27
7685 77
1295 75
