10
100
5679 45
280 19
2051 46
7410 66
6386 56
8939 31
839 64
9867 65
2225 71
8846 77
3575 77
6468 44
5931 70
8701 5
2293 23
9763 38
7812 14
5564 52
6917 11
1019 61
527 14
4230 54
9046 78
6422 70
3998 19
4458 14
9177 33
9281 3
3814 2
7606 10
6347 79
8821 62
3771 11
1734 17
6324 60
2898 61
9127 38
9644 38
9234 69
2634 14
6310 22
6786 20
1318 67
8390 26
7929 10
6113 65
5383 26
4269 3
2602 41
3113 29
5005 36
9766 71
903 67
2149 17
2986 24
876 28
4569 52
9093 67
9163 39
245 36
1389 18
5457 62
7928 42
2446 24
7552 60
3249 28
5524 55
2506 79
3830 74
495 77
7488 27
2941 53
4831 1
3148 63
6208 15
3073 38
3461 62
1477 22
9274 6
6795 18
8501 56
1221 2
5428 42
2612 56
2328 64
7563 62
1908 19
1698 13
6174 49
3755 28
8193 18
6933 35
5465 2
5765 75
561 47
7424 21
9175 1
5047 3
1908 16
1310 7
