10
100
442 13
5849 32
8989 8
5068 56
4543 17
2216 18
803 43
407 73
6097 36
4713 75
6455 79
9560 7
2689 64
6323 5
9212 19
2630 44
5604 73
999 4
1087 16
313 41
9080 45
7144 40
1853 57
9737 25
7961 5
6176 25
355 12
9349 67
6492 4
7702 43
9185 15
2298 71
1922 36
5978 10
9678 22
245 30
9791 14
2540 76
2990 73
3466 43
2736 48
4503 52
2496 32
1855 46
6652 22
5921 58
9687 9
289 61
4951 19
1555 21
5715 45
3917 26
8238 54
1947 67
557 64
6596 2
1845 40
9863 13
28 32
1785 10
9625 74
4973 54
5360 35
7131 50
3596 57
278 10
3771 59
9537 19
9091 44
2343 65
8221 35
9695 2
6097 2
259 43
8460 48
4796 76
4664 37
4444 34
4662 66
962 58
9567 27
5632 45
4971 66
7421 44
9446 65
77 73
1510 68
6686 15
792 16
7506 32
5028 68
2485 9
4392 43
1413 19
453 58
664 25
9379 44
7724 17
9936 40
981 25
