10
100
8990 38
1825 54
5070 58
1997 46
2963 22
5608 26
8217 8
1287 7
6751 39
1653 48
4599 37
4818 54
8483 42
1180 72
2627 18
552 21
6816 69
2552 11
7101 14
3167 42
2783 11
7879 27
6531 48
3049 23
7517 24
2907 21
9461 42
5300 67
2440 52
4583 31
7254 70
3503 35
9897 45
2099 12
876 42
6254 69
2480 63
3959 21
5540 21
2021 1
4806 77
3004 63
9764 1
5908 24
8416 38
8410 57
7818 1
7949 39
1036 51
1751 76
1186 2
764 18
877 37
2183 43
4944 27
6822 43
249 57
7636 34
9864 62
672 26
5027 21
8412 73
8902 71
5646 35
2768 10
3224 16
9013 41
8678 21
3776 65
5686 50
7407 38
9005 39
4370 64
3556 52
9699 5
4493 59
4669 36
1041 68
7655 75
6726 29
555 38
4235 28
5993 69
475 67
4424 8
8842 78
2549 58
7442 43
5075 55
4419 39
7241 26
4594 17
7559 40
8161 13
5120 35
2753 72
3051 12
1606 51
2932 40
630 46
