10
100
3626 29
7521 8
8077 21
426 40
4376 45
6720 5
4268 49
3088 79
3217 34
4052 37
718 43
4787 9
3909 18
40 79
5728 61
8755 7
4227 29
4184 53
8805 12
1822 41
5911 15
5285 0
1700 24
5243 71
9774 26
9684 22
6688 73
9503 1
6556 14
2448 70
8825 21
6894 68
780 3
1765 57
2407 55
1573 37
4226 43
3107 48
1812 71
6541 21
8477 34
7581 42
2973 70
931 77
6210 47
4884 76
4501 16
3255 33
5714 66
5461 24
821 57
3192 31
4762 38
4676 25
9750 34
381 14
362 62
7222 51
1001 4
964 33
288 57
1320 37
8955 66
7209 3
3097 31
7388 40
8024 72
6092 11
4603 19
6147 30
1795 47
9686 23
7349 17
4782 22
2615 40
4477 2
7548 47
8121 68
1488 46
6957 31
9702 29
219 11
4919 23
1413 45
5936 70
6475 36
3851 49
9878 3
6177 31
8191 6
3658 6
8620 18
525 37
3594 30
5654 74
6553 56
4038 65
8076 53
689 25
2344 25
