10
100
1215 9
6806 45
1940 70
2190 41
9745 69
6330 64
4509 32
5587 28
9214 61
6912 56
7487 27
9558 3
1042 59
8936 55
6021 41
5253 17
764 21
5654 28
1666 50
9737 63
6360 11
225 31
8173 45
9909 50
2310 37
1480 18
4505 70
1614 41
9456 54
3934 31
540 55
7724 78
983 61
1181 46
7628 49
3014 18
4049 65
4195 13
394 17
9775 66
4688 2
7027 8
9418 45
4592 22
7824 61
68 16
4971 54
1665 14
7933 6
8511 38
8635 22
5242 5
3231 60
390 79
1043 33
1010 16
9702 42
2916 46
3239 21
1213 30
4715 50
1118 47
4996 11
7461 38
4449 18
1471 23
3611 21
93 45
8344 0
1163 39
2939 32
1754 32
2739 47
6677 8
882 1
2585 36
1717 58
3993 14
3720 10
7531 58
7066 22
6211 71
5672 19
4512 46
1351 65
9647 27
8853 67
672 69
5498 7
4505 27
764 70
7587 76
5722 25
8900 51
4619 21
8483 78
966 53
9297 9
1202 67
40 28
