10
100
7083 70
5117 70
2335 34
4691 46
3203 27
1990 38
5069 48
9312 26
9270 30
7180 1
3817 48
5022 55
3864 4
2132 22
7883 59
8905 0
493 29
4018 12
7789 39
4171 74
2460 34
8027 20
2439 65
1784 4
768 39
4856 28
3836 66
2971 38
1689 24
7952 72
3030 60
2121 35
8250 29
9993 57
5933 28
6998 40
798 40
9936 23
9933 23
625 60
8257 35
1231 8
2309 14
8837 48
3474 36
4213 73
471 12
5000 62
2302 42
864 17
250 68
3649 60
353 15
1588 50
3625 69
4530 56
6934 5
4239 9
8554 24
8383 10
6576 75
1277 59
1249 30
5554 7
5097 39
7029 24
8661 4
1156 41
2065 11
607 42
8545 48
5137 42
8395 35
6123 52
8501 66
2961 56
9975 34
3645 68
8678 70
5835 47
4382 42
3473 35
4483 15
87 52
6567 34
881 17
6043 59
8471 22
2278 47
2089 75
8134 19
7052 61
8702 62
5076 71
1205 57
1445 29
7717 69
2678 36
3574 57
2871 49
