15
250
5356 41
1888 58
3208 49
2618 13
1302 42
9734 68
656 57
6709 54
663 17
773 4
7778 16
1404 48
1466 73
2177 57
9327 57
2493 68
51 72
4983 25
5705 47
9790 7
9666 16
5609 36
241 70
8465 68
8900 42
5321 69
6797 31
3263 38
2980 58
5950 18
4654 34
4341 13
4450 64
8738 9
4795 3
417 5
4227 35
5688 67
8498 47
5245 21
4890 5
7352 35
2386 62
6964 43
8012 4
7213 5
9616 32
4914 18
214 36
9099 17
82 34
8466 13
7702 7
2458 23
9309 8
1851 75
8514 71
8764 1
4137 18
6308 19
379 8
9921 38
2469 24
4154 71
8707 73
1051 67
3202 0
9855 66
1997 17
3578 34
7233 37
4118 60
8363 35
9972 4
2254 79
615 66
5817 44
3332 56
6090 15
688 16
471 17
697 20
3298 65
4756 9
291 52
6096 56
7559 25
8413 10
8154 62
2562 48
5262 56
1160 76
9754 19
2628 16
6402 39
2943 17
6644 67
2874 55
3443 24
1029 20
3841 36
2101 62
8058 74
7158 59
3894 75
9910 8
2209 35
4429 70
7088 34
4553 34
809 53
2462 79
7332 0
1844 65
4144 43
5861 25
7575 70
5578 40
4266 10
7000 34
483 78
1331 1
8686 35
8668 35
7405 28
453 65
3716 45
2901 76
5090 47
9591 54
7805 13
1693 26
8296 14
8676 74
6011 15
9344 67
3314 44
7343 63
4188 11
922 54
5895 70
1164 66
7893 51
3321 30
2175 33
3545 41
5000 33
9259 29
9534 47
3860 39
9017 43
8213 18
1400 72
3209 5
626 17
5286 5
2848 19
891 40
4999 43
7158 8
5022 28
8734 79
9627 60
4433 53
7496 77
9144 36
8810 3
1546 36
8649 39
5691 56
9579 71
2149 19
8866 71
8188 8
1950 24
8154 78
9883 35
4110 60
2147 19
588 70
3079 12
1374 68
6027 44
895 60
8266 60
9656 27
8057 50
9725 5
8650 39
7000 70
2790 48
1378 52
4610 59
6985 4
3832 40
5269 21
4487 17
9915 28
6636 40
1908 29
548 43
4232 67
6153 54
8669 77
2076 70
2147 6
2156 5
717 46
6859 7
4788 74
5953 0
2965 4
7999 48
9981 32
959 28
6374 61
2215 25
5634 52
1626 7
555 33
5949 73
9619 27
4813 77
7281 65
1097 12
3365 2
2570 47
8438 25
1990 43
3206 36
3355 59
5055 47
233 41
3232 18
2203 25
6280 36
7279 50
819 9
6219 26
7371 31
5702 13
5761 2
3565 9
411 23
9613 41
2595 11
6543 43
7325 72
9242 64
1775 64
