15
250
5046 50
1550 65
5410 49
741 0
7063 29
6477 2
2484 29
7495 46
7970 66
4650 43
3393 12
6146 59
8989 73
1003 20
5735 27
4805 27
3990 69
4638 63
6608 2
4230 32
482 50
2420 26
4072 33
8880 2
4072 22
5922 43
7068 21
6534 21
9908 49
1327 68
2310 2
7159 56
2197 30
7336 46
7922 7
2388 50
1773 2
6055 15
5307 63
626 69
832 26
4306 22
7516 28
1343 61
472 30
1704 43
2882 44
8065 15
5085 18
3910 34
5152 54
5070 60
7288 33
1087 6
5857 11
2962 13
492 34
3798 63
7460 39
2903 54
3569 69
9177 30
2854 30
2756 21
9665 4
8370 14
2582 65
4013 65
6099 4
6855 3
4733 25
7839 77
7229 35
792 27
5129 56
8035 4
2165 73
6310 17
7671 77
1747 60
6971 73
1888 71
883 62
2718 37
1603 63
4723 73
9396 29
8163 9
1355 0
5283 78
6055 4
8987 43
6711 31
1443 8
363 27
1195 58
2931 52
4279 64
1432 63
1297 44
2867 4
2919 61
9353 42
7892 53
5419 14
5959 75
9561 32
3910 32
8408 26
1453 6
3488 29
349 33
3648 73
7650 62
944 57
8565 59
5781 9
3761 2
6596 38
4410 69
5217 64
8935 23
170 62
278 5
6445 62
1551 0
382 71
581 39
6462 77
9875 69
9866 16
4341 52
7103 2
8261 61
2624 19
4919 30
3203 75
1448 22
8958 67
1530 64
12 0
7011 57
3409 29
3601 47
9660 19
8711 9
6916 72
4316 61
3074 34
2094 18
3899 38
2471 67
2058 34
6027 59
409 67
6653 67
620 67
6175 38
1018 50
4927 30
1645 0
5182 77
1545 37
6136 9
9832 13
4200 20
5450 52
9729 7
9661 9
8057 11
7041 50
6146 52
780 28
6974 43
2862 60
3942 54
5075 7
2338 54
4134 27
8065 28
8979 24
9357 56
2930 15
5482 48
8897 69
9054 42
5881 51
2506 39
5069 46
3647 59
3162 46
4957 29
3057 61
128 55
6273 45
3599 42
1215 54
5527 50
716 28
1544 17
7837 73
5489 75
616 44
7609 46
223 77
2804 59
6379 75
4372 5
2471 53
3556 21
5029 17
7078 8
7762 28
2005 6
4734 31
314 47
8450 26
3271 67
1348 47
2525 30
3372 30
9112 47
1125 9
9331 68
5098 19
8531 4
7300 58
1583 72
8300 45
8119 39
6656 75
8498 76
931 43
2004 54
7445 34
2638 12
4043 4
6153 11
7385 26
1982 45
4298 60
8849 40
5563 43
5169 64
8261 45
7462 73
6468 70
7794 30
9211 0
5994 7
