15
250
8920 47
2089 19
5933 73
7848 27
1411 15
1029 1
9320 19
6885 20
8950 77
2430 65
8616 16
7057 11
2289 72
7102 52
3154 35
3918 75
4128 73
5231 50
4641 25
9712 58
8993 17
4886 77
2680 25
4718 56
345 29
574 51
3926 6
8284 79
8157 3
3583 74
7206 41
8283 2
2524 36
8487 4
4491 9
5184 47
3666 10
3405 10
9377 20
3157 79
3668 25
8531 51
2733 53
1294 18
2965 47
7604 28
2036 14
7518 54
6276 21
2974 62
4949 29
9590 79
729 77
9877 76
2515 24
7191 61
5148 68
4831 68
4116 34
1517 43
3732 47
5952 11
4335 70
580 75
746 31
6101 35
7897 24
9995 60
4790 15
8583 23
1923 41
6590 6
7142 18
9817 59
5330 17
8046 43
2045 71
3463 14
9753 5
6943 5
4019 39
467 57
9954 32
7118 76
2253 51
8657 14
8013 27
1813 47
4832 40
2956 27
2405 38
1778 55
4577 12
6445 55
8560 46
7796 25
6742 16
3942 1
7323 39
6177 50
9068 77
8292 38
2054 65
5386 27
438 9
8016 10
2070 21
8651 20
6644 17
3139 43
174 55
9887 58
6735 62
4932 2
8160 67
2239 2
1834 50
2175 3
6249 65
5845 29
2108 25
9633 41
3683 66
4095 21
4789 74
6758 61
6348 50
793 28
9163 38
6191 62
564 54
4979 65
3648 69
3513 24
8093 13
8149 11
4007 29
9330 79
4584 1
2567 61
2901 28
7723 18
8484 5
2093 3
6229 27
6955 42
1814 5
8475 1
2806 75
4026 74
2435 27
901 24
6330 41
4489 14
3873 54
7227 2
8436 59
6883 62
2012 34
1302 51
2425 1
4713 26
7425 69
6228 56
3590 71
9545 44
979 45
5296 73
4933 47
472 11
9096 4
7370 40
7437 25
6867 52
1730 14
3865 32
6141 45
2640 65
1433 8
130 40
8324 45
985 52
6852 40
9807 16
3548 22
2003 57
6624 1
1227 49
1227 29
742 57
548 77
6503 15
4744 67
6158 51
2322 51
9418 71
1017 50
9337 51
7165 48
1901 51
2952 47
7712 62
4917 47
3373 2
7152 8
1968 1
6031 51
8534 34
1775 37
4091 6
5952 57
1995 24
2257 25
4968 48
1652 57
5435 36
2736 16
4444 27
6757 52
9092 64
9435 48
6924 47
5583 52
6122 47
7107 26
12 60
4121 16
2560 48
962 55
8834 29
2476 7
1985 9
5828 60
2126 7
3855 66
9667 62
6720 24
8712 40
3679 36
5014 9
8717 67
5022 42
8037 75
5769 49
9470 47
9603 15
7509 14
3611 21
1896 24
1002 4
