15
250
8761 34
1006 3
1638 49
7604 78
8091 78
3127 58
3596 65
8584 54
6878 63
8780 73
1724 16
592 38
2360 61
230 27
5878 59
6845 22
9002 79
6697 67
962 61
4617 54
2091 49
2375 66
6788 57
5731 69
7691 29
547 32
962 28
5302 6
2708 68
7226 32
3005 30
724 42
8767 51
3554 62
8066 63
8883 11
114 17
3302 17
1262 75
742 28
5091 29
7246 59
5319 24
6408 44
3853 34
3034 37
1429 21
4039 65
2627 19
4978 54
1447 27
8828 15
2530 65
9521 75
9428 61
2487 33
7800 2
1140 45
512 25
5543 76
5996 57
9108 32
3325 53
4208 48
847 19
9323 32
6761 53
4086 24
2858 5
719 67
6174 49
976 54
9200 17
4859 59
9599 33
6343 74
705 47
119 19
6139 35
8030 26
2186 54
7927 31
3958 48
5594 73
550 66
7104 30
317 28
2383 17
4987 45
9720 9
6086 21
6881 74
1519 24
6726 67
5646 17
8108 67
5557 48
4990 8
7582 2
8414 37
1231 43
3839 32
9986 51
5998 5
4806 10
1064 10
3748 25
7835 33
858 55
4472 35
4856 20
7883 47
3439 38
1699 47
8917 29
3390 35
2051 5
2509 76
6865 56
1747 23
1329 29
1358 35
4453 65
3600 65
9804 32
1213 24
2229 32
5517 2
1498 11
1689 55
2377 39
9434 20
7653 19
8903 39
9588 32
1711 41
5888 41
6095 40
3793 49
2805 64
6279 24
6982 22
4150 73
5878 33
6289 51
9667 5
7903 18
3572 13
2332 73
438 52
5514 31
6976 49
5800 35
106 12
8942 44
7021 17
3434 34
9743 16
7217 51
4030 31
2335 19
1396 77
796 3
7952 35
6470 44
7790 41
8998 56
577 49
6662 78
3492 68
7429 8
6795 56
3835 18
3075 43
621 18
4678 79
7783 78
5797 50
7023 14
9867 72
8110 47
2004 55
5934 49
6816 15
5262 78
1156 20
5551 40
9538 9
4389 61
1311 11
7247 9
5777 71
524 73
7863 73
152 39
1899 2
3024 71
7325 37
7969 45
6710 78
8033 8
7199 47
7682 31
8982 9
201 55
2384 3
3304 30
4924 58
8135 23
1607 22
7493 50
3496 52
6756 7
2162 53
5086 79
8724 34
9546 79
2907 58
1004 50
1175 10
2349 18
8693 72
2991 67
6247 13
6710 12
3794 60
4122 3
9003 50
2016 19
6858 12
1007 61
1952 32
4473 40
2782 57
4849 70
5776 50
360 37
1431 14
4858 30
5847 50
7177 77
2992 0
7714 30
2381 17
9606 32
6926 29
3805 25
1435 58
1148 6
9401 63
