15
250
230 31
6275 49
5992 73
4944 67
5057 23
3860 71
4312 54
6045 23
9953 33
9278 71
2184 17
3926 35
8063 18
555 49
995 35
1877 67
1732 9
1074 43
3985 32
3076 11
4795 0
6693 24
3997 40
2460 74
5194 57
9342 19
7121 1
5730 73
1661 67
6463 50
23 16
4324 27
9759 52
5781 69
5268 79
7901 28
4589 30
9733 53
1104 69
6635 20
961 60
5126 55
8476 35
9577 67
2053 35
8991 41
6250 67
2978 20
2033 35
8336 49
2426 73
2380 43
3943 70
8514 67
782 3
5219 41
8880 77
5364 57
7474 27
9137 52
9907 56
1982 10
9877 17
8469 1
6460 12
2922 21
8073 2
5110 28
1700 12
4588 5
2310 22
3286 60
6060 34
8777 60
1238 59
2968 66
8078 4
7251 25
7567 13
8077 40
5926 33
9802 68
5932 47
1553 19
3464 35
1327 46
1986 1
4914 2
9727 77
5588 36
6078 9
3412 78
196 28
7980 27
6883 12
8318 58
7694 56
4562 66
4461 4
9247 19
4239 1
3017 68
5092 24
1597 63
465 67
3629 69
6918 57
9880 15
1295 52
3157 34
2275 49
7297 14
178 67
9641 36
639 20
8282 33
6117 41
4304 59
5027 32
6168 6
1727 73
9185 68
917 62
4126 7
7463 64
146 52
215 0
1950 22
3254 55
531 28
6302 3
8941 0
5420 46
9263 69
5747 76
9822 76
9009 65
4514 51
7225 76
3567 11
7519 68
4646 68
9103 14
9791 39
2850 56
9504 16
4131 21
914 37
9060 21
6639 56
2445 17
5150 21
564 16
2758 40
3602 72
282 62
1121 68
8775 6
5675 46
6057 69
577 26
6684 50
359 63
2790 52
3030 19
7810 70
3899 17
7017 36
932 10
8463 38
178 69
9122 54
3587 20
208 46
8768 69
8016 3
1893 49
4395 56
1892 37
3186 65
6934 58
1504 53
1544 67
4206 46
4939 18
8148 33
4314 56
6751 68
881 24
1019 33
9657 22
7266 22
887 17
1500 69
4378 73
4238 47
2737 47
4892 56
3878 9
7314 23
7174 62
5901 29
4194 68
8223 63
7065 19
9176 65
4425 69
8188 49
5681 13
4721 13
2540 18
2490 67
637 38
6701 3
9672 23
1093 34
3509 49
8023 62
6102 13
9225 25
1927 11
9224 36
8732 23
1729 41
8367 75
5174 69
5700 1
7968 32
8079 51
6196 58
2866 33
948 4
699 62
2699 56
9428 8
4797 7
2143 34
8210 29
1461 32
6920 50
4486 61
4545 47
3988 60
4322 75
3295 26
3091 2
4660 28
7557 65
3842 43
4471 48
