15
250
9160 62
2867 1
6493 76
9014 25
7276 34
8191 20
4595 47
1541 54
1673 31
810 10
8319 53
7656 27
6963 39
9011 47
3906 6
8044 65
4360 73
1036 25
6247 53
1030 74
6932 43
3117 40
9391 46
5619 68
245 47
3114 6
7012 7
3654 54
6958 32
5669 70
3274 16
9392 32
8144 67
969 7
4060 69
1122 12
6603 57
405 48
7042 72
7493 17
1511 57
2778 51
94 9
9153 60
1393 40
7740 43
2236 32
9792 54
8377 2
5595 47
8427 63
9759 35
5202 79
1014 63
3496 18
2639 47
4398 65
1354 36
5980 64
4379 48
4232 18
5548 49
566 9
4013 9
9634 24
8582 22
7902 23
6915 50
6503 67
4094 25
9442 47
2643 34
6542 59
949 45
3705 15
7819 55
401 36
962 77
9137 15
885 26
1164 43
9389 14
3679 50
1928 46
2310 39
8125 66
3384 19
9018 0
7876 75
1262 50
5635 10
8256 21
1260 32
639 33
379 71
3577 16
482 77
5649 13
8976 67
1068 59
9386 65
7504 15
2270 35
731 27
9200 68
4359 55
8471 6
8064 14
3707 43
1419 34
7165 4
8777 77
3976 19
1074 6
9731 78
5213 76
6192 19
6951 18
2027 50
8839 7
780 28
8016 17
6442 6
4921 21
5272 26
4480 37
9929 42
6504 38
2626 33
188 61
2081 72
2057 6
8636 66
5057 65
2484 69
128 73
670 6
2050 34
8037 79
7382 47
7577 79
562 45
7472 14
348 15
8409 75
1743 22
1156 37
8443 45
383 18
4058 31
3769 15
7319 37
9906 53
3207 0
2839 20
2534 47
4207 15
1861 78
2320 3
5237 43
5826 69
8960 38
4583 71
8801 52
3751 7
1914 0
778 37
8795 31
4260 14
6230 78
821 74
8093 58
3782 30
4494 60
1866 30
4050 15
2514 3
550 47
4631 5
8964 16
2526 53
7460 56
2281 26
2820 26
6014 70
7133 0
1238 3
750 20
2702 32
225 59
2485 18
2271 47
9745 41
8044 39
5066 0
5583 5
8001 48
7338 75
6012 34
6501 75
2314 15
565 74
820 38
8956 64
487 24
9833 47
8407 68
8309 62
7260 42
6003 1
4064 78
3016 6
3269 76
3358 46
7310 50
9276 38
8279 62
7811 49
1554 36
4630 68
552 12
6259 29
6674 23
4532 33
4308 28
1692 17
1256 19
4225 56
2273 60
3217 51
3759 45
7965 78
4039 71
4130 23
937 20
5048 1
1999 79
3620 72
4261 15
7631 11
7116 49
797 43
5067 49
5474 30
8733 38
2722 0
771 7
7411 8
9181 62
3563 66
