15
250
7557 45
139 15
8690 4
4680 14
5744 62
9606 16
5362 55
604 69
5753 24
2790 26
3262 42
6319 63
764 73
8795 18
452 17
1625 13
7821 8
3170 9
1857 72
4453 30
6225 39
4088 40
6390 20
1005 7
298 47
1705 35
8434 6
7651 42
6964 24
8585 8
4775 24
5987 34
1417 64
5932 63
2789 63
120 35
3901 1
1182 73
1767 41
4440 28
2848 61
8983 34
1763 14
9386 54
3377 51
3248 64
7661 33
5751 67
2225 25
1794 51
6301 46
7453 33
9581 33
7312 37
7729 43
8393 7
8032 54
8541 10
537 24
2773 21
3424 62
522 30
9061 17
2909 53
4036 39
7230 11
7844 8
3585 14
519 27
6608 66
1767 29
1963 29
5169 62
8808 30
4999 24
1830 27
9820 76
2608 55
2684 11
7008 76
3312 77
3910 10
202 50
1053 44
2655 3
9538 3
9099 4
4022 65
9381 72
2419 4
1620 17
7821 30
7117 3
7784 77
8350 51
2290 27
9384 49
5171 68
5089 63
5005 63
2607 29
9811 12
4217 51
581 9
1085 26
4929 32
582 71
7825 32
8078 21
9637 38
3511 46
1237 39
277 21
316 13
4137 19
4916 77
5989 77
6153 17
2582 30
9971 6
1467 70
3324 52
7309 47
320 21
7283 39
8936 68
4204 31
36 36
5396 79
2779 10
4783 51
5791 8
1253 71
5506 54
2141 10
903 47
7 50
4574 69
8191 28
5883 18
8559 45
5215 77
2083 58
2023 69
8090 1
2960 61
3961 51
7557 52
4595 30
9526 64
4933 10
9918 22
2730 64
5544 40
8204 18
5999 27
3366 75
2570 52
5563 52
460 63
5581 0
8598 60
1444 53
8681 39
392 40
7759 33
6988 67
2806 48
4087 53
376 0
706 54
5376 20
9787 5
428 29
3370 49
7128 6
3506 0
884 10
6244 31
4817 34
9534 23
948 63
5161 72
4334 16
1663 53
8139 49
2227 27
2888 32
5141 31
3275 13
4868 20
1342 29
2587 37
8616 11
7920 53
8514 76
4361 32
6833 29
6425 78
8766 59
5580 4
5298 47
9432 38
6600 52
5010 45
2189 22
633 1
4266 9
8830 19
7600 3
5167 42
3448 71
4101 8
8695 79
3602 56
2956 37
6486 70
3762 62
3741 58
8420 20
568 3
1658 62
7212 44
8338 30
3766 30
7012 6
9837 66
4960 40
2716 33
9043 25
8299 10
7551 18
2490 31
9513 51
4950 12
6012 35
1332 52
5044 40
8966 10
984 31
1887 42
4157 25
332 50
381 35
9360 0
9699 64
7114 73
7114 53
8343 34
8911 16
