15
250
6578 78
5684 40
3531 26
8571 38
8503 61
8624 8
3308 68
2923 40
3401 28
5513 9
458 70
1344 28
3907 38
8450 79
3351 46
6863 35
8385 18
8536 56
2660 40
203 23
6399 46
237 27
5284 55
6901 77
2839 3
1855 11
6672 42
9078 5
9105 37
1291 51
3819 10
7980 70
993 66
1739 74
7989 24
4214 52
8608 48
6680 62
2520 17
5263 12
9329 65
4752 42
5937 43
8049 68
1502 31
1511 65
5216 55
7195 77
3688 66
8546 50
4589 79
5679 50
6491 7
6929 4
3323 70
6075 72
5716 8
1805 25
8489 13
8279 78
1376 8
33 12
1255 74
6433 12
2847 53
2694 68
3529 16
9288 21
2817 6
1501 49
8308 59
4632 39
9461 13
8300 60
6778 50
2147 7
7874 52
7754 8
5282 54
4963 54
8376 33
5138 37
2164 63
8309 49
8227 51
8007 25
7055 3
2756 42
9039 4
829 23
5001 1
5139 50
9446 55
2789 74
3389 31
1651 33
8675 72
1579 24
2566 33
1024 41
8530 49
5042 49
7309 51
7871 56
7174 49
7849 46
4496 59
272 52
9275 20
6466 68
8327 10
4741 14
4968 16
4715 49
3593 25
9597 50
5240 67
3103 75
7507 62
3154 19
9077 8
9602 70
600 54
4787 17
6404 33
9383 44
3465 10
9407 20
4727 27
2529 4
5330 44
5908 47
7510 47
9662 29
8687 24
5851 48
5444 76
6568 17
1168 53
6843 60
6533 16
8824 53
9694 52
4418 5
3893 78
2887 21
7679 13
1902 21
6757 23
7554 58
8143 38
9848 66
2024 19
9348 21
4924 77
5576 26
2263 22
7808 18
4460 59
4473 5
7681 13
7337 56
8157 65
73 24
7415 0
9089 6
8784 11
3247 46
2885 64
7094 21
6786 49
57 46
1411 7
8156 74
9517 35
6918 42
7020 28
4898 66
1246 42
7957 43
8288 62
5115 53
7080 60
1766 24
2906 54
2120 21
9854 6
47 78
4212 23
2544 62
4022 17
7796 6
6233 31
8194 21
6380 63
9027 35
5297 53
269 11
3546 12
2410 3
6552 26
8297 57
8557 15
3563 43
5490 42
53 51
9966 8
6518 14
7366 74
2761 39
2240 34
2910 20
1653 57
4243 76
4976 64
2448 4
4870 33
1969 5
605 1
9404 44
8306 4
8053 30
3514 13
376 21
508 17
5533 75
5497 39
4091 66
9423 30
4555 29
9219 10
763 31
859 29
6654 30
1126 30
4334 19
7327 41
1833 49
1845 19
7678 64
4990 40
6486 5
42 66
5710 16
3284 56
3690 49
1703 17
6077 23
9892 35
4438 55
