15
250
6988 9
7204 2
189 33
7525 48
3735 60
5729 4
3901 27
5811 66
6816 9
4304 3
7508 22
9320 58
2916 60
6144 34
3762 48
1311 38
338 54
2736 76
407 65
9335 14
1888 54
6322 23
6531 28
5751 23
4308 34
4843 35
968 28
9115 28
6425 28
6954 10
5415 41
1948 36
9930 79
874 47
5493 2
2870 65
9140 0
3471 17
8512 19
7017 13
2582 79
2832 54
1358 30
7634 76
1969 5
9706 2
1103 19
1424 46
8264 70
8524 63
2564 73
3016 75
4653 62
3783 36
5781 52
7301 23
3744 5
7469 33
5541 15
7151 77
3670 77
121 78
8493 49
6985 54
5674 16
8124 33
5552 58
6173 17
284 68
5140 22
9947 4
2017 58
5337 56
2640 6
5984 20
1456 52
7726 54
6199 3
5988 23
1183 16
9313 65
8732 8
9087 23
7020 38
3805 22
7286 42
380 22
9713 25
7755 76
490 59
5467 64
8365 69
3906 5
7123 3
8599 42
6846 66
9718 29
7992 7
3697 55
1228 48
4152 72
4506 21
9415 63
493 41
1748 5
8802 3
898 23
7041 52
1534 63
4659 4
7953 62
3837 62
7313 24
2047 36
6854 59
3855 32
5190 13
6473 73
7805 50
4987 62
8318 39
9948 34
9151 14
7663 68
7579 6
5189 9
1304 53
7880 56
1748 53
8910 66
3258 57
4196 61
7270 59
1689 44
2257 19
2180 12
2969 6
5214 76
5175 40
3763 42
3982 31
5842 54
7761 22
5925 54
3277 26
1389 38
4130 53
2637 9
7869 52
4351 32
4242 7
943 70
4426 5
700 38
4201 74
9061 25
748 30
8083 0
3047 34
8833 26
1202 9
4510 34
9411 1
5041 73
7363 30
1218 11
5646 49
9839 48
6116 26
4928 18
469 23
3806 38
9865 55
2229 41
436 47
7436 56
6444 72
3030 12
5804 20
8072 32
5473 59
4493 32
4086 70
6491 64
7960 71
5368 70
8480 3
6113 69
7087 45
3675 71
3320 1
8572 22
114 57
1355 39
8801 63
7295 67
9670 16
9452 19
8253 73
4679 72
8759 33
6161 53
4933 35
9139 57
3506 38
2634 28
1894 10
258 22
1512 18
9289 6
5811 40
5700 70
590 17
6008 25
2407 79
5696 13
1559 29
6336 3
5846 10
4845 23
2350 53
7175 78
8844 17
3162 76
3149 5
4455 32
6929 19
3443 12
980 2
7101 52
7161 59
4859 34
9603 13
9749 52
694 61
2002 35
2914 61
1924 16
7523 55
4382 77
5204 7
5269 6
3153 35
9572 42
589 71
6280 74
3666 65
9083 12
2105 54
1827 28
