15
250
2429 35
1457 31
6215 56
100 31
1620 3
7288 21
1750 67
2480 67
6370 15
9463 74
5503 28
4191 49
850 8
7963 53
2056 70
4215 61
9379 22
9698 41
6026 0
4603 23
8997 61
7059 65
3315 51
6855 22
8229 75
3507 19
3189 16
1123 14
4483 70
1343 15
3636 4
1012 76
1449 15
9714 79
4809 21
2877 6
9711 19
4040 38
8221 19
6541 77
7256 22
7964 35
7491 26
3189 76
7225 24
3 77
5324 13
2296 56
4586 34
6585 5
3650 58
7231 31
6008 71
3323 9
9860 42
5929 59
353 37
4300 29
3242 30
8330 46
8048 67
9014 65
9316 21
8580 69
9001 35
7155 32
6620 35
6904 55
5161 62
1949 13
9215 57
2531 37
5104 60
6101 21
9059 65
7671 57
4319 11
4927 17
9868 49
7965 57
8495 5
1055 3
4276 21
2551 18
1279 29
3049 37
8250 38
8214 15
6107 79
1348 15
2911 71
6701 17
5702 36
9141 0
5953 36
8384 70
4502 29
2344 17
9910 19
5406 68
3107 54
6592 23
8872 52
581 28
6430 50
494 16
790 51
1050 9
4486 50
3083 2
5659 50
6230 0
6758 0
1586 16
873 65
9823 64
8107 14
9686 22
8749 24
2664 49
812 9
2161 26
7783 9
9155 70
3065 41
4357 75
4712 0
3107 44
3934 16
7468 3
8459 20
529 58
378 56
9821 39
8004 21
9097 65
5011 56
1988 67
5362 77
1107 12
5167 29
9368 31
5171 49
3707 30
6156 50
7262 63
9203 79
9013 8
2254 74
9741 44
3790 64
9022 2
4813 66
9593 46
549 68
8614 46
4818 66
4347 67
3493 26
9730 74
8550 26
3167 70
7838 55
3581 60
1850 23
8434 59
984 12
4389 69
3826 29
847 63
6056 50
5847 33
3236 75
1755 74
3509 78
2272 35
864 28
5908 78
5390 15
5412 27
7434 34
6914 22
6082 29
7659 1
2475 59
7179 10
7561 58
8803 40
4519 78
1930 39
5117 66
6572 78
8681 76
8967 41
9454 44
890 56
6167 49
618 19
5071 40
1731 8
1089 2
3873 51
1945 32
2372 9
9783 29
2270 16
5215 9
2077 30
141 78
7405 29
1183 65
5198 24
6508 54
6101 69
4485 48
8193 15
7859 68
1216 30
9502 8
4356 37
96 14
9500 72
9100 7
5937 72
6903 54
2067 13
9198 66
7991 63
6060 39
4338 0
5434 25
9958 25
1402 70
5640 16
2948 71
1933 51
2090 51
1063 52
2023 17
4409 48
5377 71
2617 13
4404 52
7695 0
4100 22
8832 41
4999 56
7972 12
837 12
9554 60
