22
500
770 53
7272 53
6213 73
6588 74
8818 44
7680 57
5098 7
5115 60
7134 72
756 33
6676 54
2091 49
5728 66
8843 61
3800 7
7378 55
1032 78
4765 26
1111 64
4267 39
6668 24
3147 46
6175 68
2738 21
3720 56
8425 40
2887 63
4536 29
5004 16
9603 18
9926 57
4535 38
8215 74
3827 33
5499 0
8314 64
8568 44
9520 49
1836 16
5408 23
4887 53
1347 58
6894 12
1727 31
4589 31
6462 0
4447 3
5358 55
1245 13
3255 28
3829 62
6649 72
4126 44
4042 38
3176 62
6476 69
1858 51
6739 44
3522 0
4330 43
9441 4
2977 25
8283 58
7945 16
8916 59
3688 1
6678 29
4445 4
5600 11
5921 17
5316 2
5228 36
9596 54
7045 1
507 63
3269 68
8935 67
5444 19
306 17
8854 2
8914 55
2474 3
2870 33
1789 24
1294 63
6591 70
9447 17
1251 40
303 18
6913 61
3313 46
1330 63
6665 48
3839 17
5537 45
408 20
7555 23
8820 6
5554 47
8367 55
1980 58
5217 41
2734 30
9631 68
141 42
9888 20
1636 0
7408 32
4219 79
7339 7
5901 33
4019 40
9998 77
3239 62
4655 58
9076 70
6418 18
7060 31
6879 78
4722 45
8382 4
8173 26
5341 57
8955 26
741 4
5246 9
5235 33
347 35
115 47
5182 47
4879 7
9261 25
3588 25
5567 43
4555 68
3154 7
8224 50
9934 19
1076 30
8639 66
131 3
902 11
6273 2
8566 8
4544 63
8650 30
1651 9
7209 67
4004 4
1507 17
6070 53
663 53
7404 9
8107 4
3516 18
9714 60
7199 15
3653 34
4044 7
5634 13
5349 66
5994 61
2113 4
3672 57
4582 7
4742 37
3390 52
9761 28
7842 13
7314 64
4178 58
1434 75
1460 78
1166 32
165 21
501 3
2613 77
9673 34
5076 29
4908 31
3667 22
3121 59
5416 69
8043 0
8245 2
2783 75
1699 25
8922 36
3037 50
9777 75
3555 15
4056 65
7770 66
1717 0
5509 40
672 56
8537 5
7108 7
3278 77
8417 20
989 44
1557 57
2278 52
6266 58
6723 1
7864 70
458 58
375 73
5831 22
3737 59
645 7
3629 41
3072 40
2596 78
40 47
8898 45
8290 15
3114 14
5327 62
5129 19
7644 29
4583 53
8793 25
8937 32
1489 28
450 39
569 65
2644 38
538 51
9466 34
9348 64
9073 63
4241 79
8607 62
5039 11
3929 32
5071 59
3209 28
240 32
2894 57
948 26
2694 57
2061 23
5402 50
9155 73
9922 73
3246 3
1374 29
5059 0
519 30
824 64
4130 56
6762 15
6188 16
3986 20
8309 73
6075 67
8690 19
9518 47
1745 34
2272 16
3063 38
6828 60
5357 12
7854 21
4106 16
4251 32
8673 61
4120 45
3189 3
4036 56
4706 68
5330 10
1133 75
7549 28
4753 57
9207 26
7138 61
7832 0
6797 16
7613 68
6669 74
609 15
5433 36
7870 41
2966 43
1857 48
9748 29
5947 21
1449 52
4886 51
2548 28
1748 44
5976 19
983 66
3445 12
2128 31
1202 79
6970 18
1734 33
8731 55
7717 11
7828 33
3641 41
2898 70
4623 18
4149 7
4164 63
2370 59
2501 10
2004 7
352 5
2047 44
2604 3
9624 77
3899 71
1268 27
8081 23
695 30
7167 60
5435 50
6462 41
9259 77
9810 6
6022 57
673 24
5329 34
8700 30
6210 13
8289 10
3269 2
515 75
2230 56
5891 67
4747 76
7287 73
7251 62
5654 46
1865 40
6793 52
4670 27
4522 63
7798 71
2106 28
7355 23
7682 57
5893 55
6487 32
1504 68
7054 3
8676 62
1696 69
7379 60
5606 3
3832 60
6653 30
8030 37
5598 21
6047 27
6927 3
7348 14
1857 66
676 32
3977 75
2296 49
7439 60
5886 57
1439 68
6805 65
6339 46
5589 30
4302 71
8664 43
6437 61
1472 33
8474 55
8554 6
4740 27
6748 16
455 64
1336 68
995 33
9073 64
1925 41
8983 33
6728 1
3700 17
8366 68
2194 64
1943 12
2561 46
3884 75
9470 67
6026 23
627 43
3637 2
9314 18
3513 5
9947 39
3139 9
5551 48
3062 34
7957 42
5624 73
9259 26
4697 52
2711 21
6132 36
8083 25
9840 26
9682 38
5636 6
9778 61
8633 78
5363 51
9758 8
6462 1
5352 69
364 76
1391 41
2047 12
9188 43
5905 11
2072 5
5818 59
2518 72
5783 36
2397 64
8812 10
2091 47
4848 7
4154 57
2147 26
2058 28
2563 43
5585 9
3631 57
4225 35
8969 3
5842 67
1809 47
6634 70
8297 42
6594 20
2610 61
346 45
5134 24
4605 1
6428 29
971 28
9902 60
7907 45
1379 23
6337 50
3772 33
7882 50
8327 56
5735 70
8861 27
6332 5
6922 41
1651 42
245 73
2153 52
4626 16
6431 42
774 18
6037 9
6264 72
7706 11
7572 58
5078 54
7544 25
8485 78
262 59
955 55
2794 68
9390 60
3338 78
7936 37
2914 21
6373 25
4179 50
4024 64
3155 65
6664 18
9663 17
7590 18
537 71
7187 17
7067 63
8498 16
8367 33
4203 54
9928 44
225 57
9210 65
4116 29
7318 31
5275 6
