22
500
2933 0
6935 12
7855 25
7129 15
7495 15
8966 10
3448 18
3897 9
7354 66
5207 13
5736 55
4875 12
6733 29
9829 24
4224 79
8144 74
9149 15
6229 11
5817 47
6118 15
4410 47
6339 14
2130 67
6986 16
9757 32
4538 37
2912 3
8098 78
182 63
3710 75
357 33
5397 2
5458 17
8604 25
7747 23
3396 32
1871 24
2744 62
8577 12
7340 38
8901 45
9550 37
4515 45
8048 27
5687 52
2792 36
9934 37
8721 50
2011 76
5934 9
166 23
8915 22
7703 62
9801 13
9266 64
3354 30
6358 27
9860 50
310 8
4540 56
8016 1
3881 70
5996 47
3349 46
2723 36
3232 64
8002 18
6373 22
1753 38
5892 48
3547 21
8754 59
4580 33
4436 16
2183 55
1759 71
7551 57
433 23
2101 3
8149 59
7582 76
2409 2
3290 43
6814 18
8970 19
4428 42
9368 13
1605 3
4155 32
7078 67
6797 48
6148 78
1338 16
3186 40
5543 53
6896 59
7160 72
2846 18
6172 55
8354 16
209 10
5474 0
3061 77
2790 42
9435 47
6476 62
939 37
3418 64
5370 59
8189 16
8151 72
4695 52
5903 45
7421 69
2698 11
2277 3
3557 78
6149 70
7178 57
3698 34
231 47
4753 21
2982 11
1292 49
3090 13
3523 65
9759 34
4474 73
3955 14
1691 14
5444 25
6823 63
5974 51
7556 47
5583 69
9146 48
3453 38
9008 46
7629 38
6638 37
2468 11
4993 15
5094 69
8131 62
4090 48
5357 19
9346 54
9956 56
3946 78
7879 64
2847 5
2151 25
7083 55
2424 43
6716 10
5671 0
6702 8
5275 32
674 7
9330 71
847 38
8978 69
3515 38
4061 3
9121 50
6700 29
4628 29
7617 32
9418 7
2546 49
9598 59
5945 55
845 56
2030 54
6701 42
6712 57
7937 52
8787 59
7753 13
2779 66
4052 4
4471 25
785 17
7884 41
7467 9
3368 3
5439 13
346 28
6787 16
6292 53
4233 67
902 70
4689 15
2513 23
2916 15
7118 27
9236 23
5296 25
2567 36
8244 72
4803 2
8261 22
2424 68
781 69
7342 3
6686 35
7897 54
7692 4
9192 27
5971 62
4947 15
41 65
8119 15
1195 49
5770 60
3760 49
4401 53
1962 14
5195 67
2285 5
7608 6
3389 2
1745 39
3448 38
3121 26
1159 52
9603 51
1886 72
3457 17
8592 68
8470 59
8722 73
7749 6
7644 14
6563 0
2590 64
1250 12
8437 54
653 26
1423 64
2699 66
1958 60
2944 45
5870 4
7897 33
4223 39
4166 7
48 66
9461 74
4065 43
92 77
4258 42
2989 26
2115 21
5414 3
3469 38
7165 39
7164 75
406 3
1765 73
2274 17
6404 30
1126 50
3263 34
9241 52
6776 57
3795 48
1198 56
6007 2
5668 1
5998 6
7911 44
1801 60
5304 36
3749 39
204 28
749 55
3072 44
5004 33
8247 44
923 24
6756 11
9458 27
1428 44
1896 27
9044 46
1643 70
5973 39
534 69
4681 12
823 78
6201 79
1530 39
1019 70
5576 72
3390 36
9883 11
9943 22
8830 3
31 76
6017 70
7099 1
5961 9
3298 41
9443 38
5218 71
4207 60
1201 40
8686 36
802 47
6735 43
2604 14
4424 65
4758 14
8092 12
5707 59
2817 26
3927 46
6285 33
5845 8
8266 53
7620 8
6928 37
2243 42
9519 18
4447 13
607 62
1827 46
8119 44
8372 22
9203 10
685 29
4399 72
6237 25
4283 52
2456 39
7534 35
5396 37
5458 77
5431 73
4623 54
3570 18
8599 69
8385 41
9811 35
8880 3
6865 49
2634 54
132 70
1684 5
1904 68
6485 26
9482 54
1050 79
1879 24
9677 73
7682 35
5535 50
6072 4
7756 18
1466 7
7802 56
9763 21
6283 74
2170 7
2005 39
8070 54
9419 69
7247 49
5630 13
8078 74
2660 15
5359 61
3212 66
3928 78
2108 28
9936 78
8486 11
4775 10
3863 78
8773 16
3261 35
8563 14
7227 29
4160 9
8268 17
694 39
3890 77
3753 57
6426 54
9588 9
9916 45
8181 12
4845 46
3357 51
3673 36
5205 68
7152 28
7216 48
2366 20
7599 17
6432 64
2835 18
2084 41
8620 75
8091 2
5465 55
9521 73
1458 19
2817 53
1417 54
2739 2
9242 8
8424 7
9222 32
4855 48
6672 14
898 29
9140 17
2304 6
82 21
5712 41
7822 29
1076 18
9804 58
5346 5
9271 5
5484 43
8963 31
184 39
2092 18
589 52
1797 50
4603 77
6614 70
7905 56
6844 14
4385 0
5796 0
6125 77
7592 18
3741 34
6665 6
4421 35
459 61
2649 49
9221 57
7633 20
1273 52
3580 68
9298 70
5425 67
5484 71
3604 10
7640 18
1911 79
441 49
8376 0
9968 43
1533 79
8323 23
2466 9
600 43
7676 20
9763 54
2316 5
299 54
9521 76
3421 54
2970 76
3963 8
1199 43
6542 75
1540 50
771 25
661 1
9243 32
2292 3
9305 59
4958 9
3761 60
5377 21
7657 24
8261 37
1697 30
1125 10
9773 70
4186 37
6426 3
1710 77
316 68
3757 47
9935 60
9370 2
4565 76
9785 37
3703 74
5055 40
5992 1
3148 20
