22
500
5586 77
6208 58
1544 4
1144 68
1837 24
4542 4
2611 14
8570 66
6973 32
6194 61
1154 32
8809 59
5389 58
8421 33
6885 37
2876 12
7767 53
1205 41
9738 64
9009 71
73 74
2684 39
2121 16
5667 13
6587 78
4255 70
3322 29
7443 5
8820 61
7530 76
4124 26
1990 3
4305 62
971 72
6990 35
3656 36
642 51
1240 38
5832 30
770 78
3268 7
7825 40
3428 76
130 50
8682 16
8027 28
2932 70
8254 11
7339 44
1834 58
8635 2
6853 30
769 53
7523 21
1950 29
3295 74
4139 63
2970 7
3390 31
4943 55
5578 54
1070 54
4248 44
2320 24
7438 51
3620 19
6117 63
5706 43
8898 69
7745 56
9230 79
4960 69
3945 58
9787 71
4980 44
6938 24
4991 37
9268 63
2566 65
9492 14
1165 55
9685 40
4607 17
6291 29
4046 8
2725 51
9345 27
1999 18
4504 44
5195 28
5464 7
4724 40
3134 0
6320 42
2953 40
3376 32
541 27
3699 59
3726 57
234 40
7765 16
7399 58
5099 34
8876 22
4397 24
7587 75
5142 51
5095 12
1 26
7120 27
7010 21
4616 67
9437 69
7124 66
4193 30
4436 1
97 2
2841 34
3267 11
5940 53
1195 20
4202 23
8073 52
9659 23
4679 57
810 38
653 45
275 75
8188 39
7700 32
8099 33
5325 12
2873 49
5738 14
8544 71
8577 2
9179 2
5098 52
3112 31
2166 14
5284 63
8497 79
8677 35
6142 59
5636 39
5460 9
6677 24
5743 61
2762 67
3549 50
8443 60
3981 67
9097 24
6689 70
9712 71
5685 21
8493 1
7065 59
9065 44
2346 56
3648 71
4999 1
8028 22
8450 23
658 11
8704 18
4552 77
6816 73
2330 8
9786 1
9300 49
494 0
7362 51
8733 76
3058 27
2971 37
6404 44
27 60
765 48
7527 15
3408 29
8485 66
6326 47
3523 59
1842 7
2966 73
4576 0
1861 18
9317 25
7722 24
1734 20
495 24
2150 43
7330 63
9697 41
2707 24
4540 60
6030 70
2822 69
257 27
9128 57
1525 51
2294 40
8490 16
3453 39
577 34
5777 28
7966 34
2381 54
6699 44
6933 6
9526 23
4163 29
1770 19
639 68
535 61
7947 50
8581 49
1316 78
5606 61
2732 33
7838 14
5979 70
1257 10
4513 2
3425 41
5011 58
5007 64
3628 53
3905 11
4039 63
5466 55
5624 6
4942 41
7311 69
8176 14
8163 11
1969 16
6864 7
5890 18
963 34
3588 57
5969 41
8633 55
9425 6
1396 20
707 74
503 11
6902 25
1621 46
7473 2
7221 55
2566 25
1874 45
8459 66
6026 15
5385 28
350 16
346 72
3623 63
4945 53
4410 49
8670 10
601 13
4356 15
7443 52
8712 40
8329 28
3197 14
4251 23
4357 44
5441 20
2668 19
8849 2
8952 58
2412 44
6217 54
7289 70
7797 18
6087 51
1351 43
4055 64
5871 59
8008 0
9740 16
461 36
1583 23
4321 38
321 42
1536 19
918 36
1917 36
8175 77
8467 39
2442 23
1679 79
7830 51
2855 36
3421 48
8577 7
6410 1
7058 23
433 58
9065 25
8367 23
8430 24
3415 57
8287 25
8572 78
239 25
1327 28
2537 69
2381 9
2998 6
1922 42
6654 7
3638 6
3429 68
360 38
2723 17
3227 28
7324 4
2418 29
8250 64
1341 77
4987 46
2758 69
5561 26
2378 51
9736 72
8462 62
2838 66
2823 67
994 31
1068 66
1536 1
8014 63
2579 42
9371 5
2608 76
265 45
8086 12
8652 55
883 34
5669 35
4417 0
3463 47
7069 29
150 77
8446 76
3854 31
1597 62
6320 66
1192 32
7250 4
8926 18
5262 4
942 22
4976 69
7022 17
8750 30
1065 17
4106 17
6282 27
800 38
3311 64
6623 51
8468 27
3419 42
8046 74
4181 79
7456 54
4734 68
3358 16
9411 4
982 74
1227 56
8863 64
4629 41
309 49
6998 3
9011 46
165 33
73 77
1532 59
5260 26
9039 41
984 43
8442 3
8136 30
9614 39
5681 50
9930 21
168 63
3771 42
2738 51
679 7
4541 25
4950 78
4117 24
5112 9
144 37
6200 71
2086 70
4362 19
251 53
6105 50
7076 77
5087 9
2299 19
9632 73
1616 52
7837 40
3374 55
3416 61
4060 63
1256 8
4156 64
4915 59
3832 27
8653 9
9329 23
9418 26
3865 46
8285 24
2792 17
5876 25
2440 73
165 25
8643 43
1700 51
4344 55
5397 75
6236 46
7277 76
1032 77
3853 9
5139 26
304 2
3217 26
3511 69
7866 76
6921 30
9977 70
5196 13
3325 74
6362 19
3102 68
539 8
3965 19
1890 59
6516 33
3860 23
3704 17
4191 63
1167 68
1568 54
5408 40
8712 45
8642 14
3749 74
8837 38
9471 33
1536 41
9681 50
1757 51
4030 62
7408 59
5550 39
9099 32
5032 68
6955 33
214 78
5933 41
7930 9
698 54
6949 66
4413 69
8175 2
1266 75
3878 28
7389 34
440 9
1726 62
9848 61
7451 59
8656 5
5190 37
8201 0
4896 68
996 7
9834 18
2060 58
4874 41
3146 73
3619 30
3485 11
822 4
5873 79
7072 79
