22
500
4160 47
3120 77
7616 67
9140 49
9313 74
2277 77
8040 32
1036 36
1216 62
3913 65
9003 49
1392 12
6596 21
3044 6
6792 51
2052 1
9332 4
6732 62
9617 65
9430 52
9970 73
2509 42
1841 62
1055 17
1233 44
6252 1
6001 55
428 30
1700 16
8256 7
3900 3
4172 12
9526 64
5684 57
13 20
6295 67
1213 68
572 45
2380 38
9217 7
6771 43
8390 20
5893 29
3001 39
3559 33
7849 10
9356 40
4546 58
1377 40
1973 34
4099 34
865 2
2163 0
8102 11
4111 13
1530 26
18 64
5131 79
2751 7
8858 26
5589 60
2944 65
458 70
2879 15
5932 31
5966 60
6101 61
90 37
2747 16
9168 72
7911 7
7295 63
7728 47
9644 6
4833 8
4411 10
8623 54
6069 48
3401 65
6642 64
961 25
9631 60
1996 43
1902 48
7797 8
9190 24
7444 8
559 72
1558 26
3305 60
6558 22
8131 13
1317 18
5758 13
6505 77
760 63
1048 75
9022 6
9701 46
7896 56
7591 29
5364 30
6787 52
6070 75
1813 39
7316 22
8704 4
5944 22
9438 20
4599 42
862 46
3231 66
2610 41
5182 77
3244 43
1634 64
858 66
9945 79
1672 46
1136 59
2861 58
7340 56
9849 53
2129 26
5404 17
5310 60
7629 55
1762 28
4608 21
7468 38
6363 22
8133 43
2618 28
9280 78
955 76
2989 76
6712 54
4085 37
6616 79
1806 75
1483 29
7674 54
5425 78
9516 17
6780 69
1620 5
1698 3
8475 15
7670 30
8855 65
7984 48
5222 50
5598 63
5393 18
9837 68
9443 63
597 42
3454 77
1185 37
8692 69
7808 77
6004 29
7312 53
4018 64
494 44
3024 57
8014 64
9232 33
3793 10
7376 35
3762 25
2103 24
3398 46
9042 53
3212 34
4804 29
4164 0
8940 3
4553 66
9383 16
8131 11
750 13
762 30
6811 78
7372 10
7054 75
4352 19
9791 44
8240 77
3445 17
5609 55
2470 27
6241 2
8949 27
2760 61
6657 20
6896 30
5523 31
9021 47
7748 43
9017 35
4104 79
7961 68
4721 14
1111 74
9257 54
4896 41
2970 21
9904 24
2910 40
8454 57
5754 1
2567 58
4962 4
7168 71
5420 46
6526 42
4053 51
7012 65
7682 51
4205 57
9529 39
6427 28
152 14
6916 53
2397 31
317 60
2759 10
4408 34
7743 79
6723 42
51 42
2703 66
8996 26
2390 61
5473 29
8709 63
739 26
3505 36
7031 26
7103 61
4259 35
9711 72
1349 19
7422 43
7074 37
3455 12
2036 3
5780 32
9819 41
3841 46
1709 17
7813 47
7468 17
6860 21
1809 45
6736 21
956 58
672 34
7438 64
519 8
9893 74
7819 17
6622 30
7559 39
9051 35
9245 7
266 52
8095 62
1106 64
2584 19
9338 11
249 64
2480 53
7527 31
8988 5
3986 13
528 2
8506 45
6558 77
4161 12
5220 14
7651 28
2681 57
134 47
6509 13
4111 2
7764 25
816 3
5440 75
467 17
2210 54
7063 15
593 64
1988 20
7677 6
6081 2
3158 12
8016 48
4453 52
9576 38
105 73
1624 53
8522 42
6354 1
9489 78
5514 13
2930 56
3800 17
1249 24
2513 25
6126 59
8774 13
2578 1
9124 41
6364 73
3200 72
4369 59
2859 2
4677 65
8072 15
7246 35
3518 54
3844 46
7937 71
5381 64
4435 18
4858 2
4622 18
4751 34
4119 9
6300 12
7062 72
8988 53
9760 75
1545 20
754 16
4721 46
964 50
9525 60
1336 6
8462 74
4986 17
7019 46
3850 52
5876 67
8313 21
2913 50
1177 11
1577 12
6008 70
8314 54
344 40
495 50
6060 4
8399 6
5656 50
1421 75
3052 59
3860 19
3160 7
2729 24
5859 17
8208 45
2605 36
320 68
5666 69
5617 12
5359 12
651 3
2977 63
4058 64
4940 13
115 54
1054 37
5354 70
1729 16
7149 20
4930 49
1977 19
2466 40
8834 64
3206 45
5682 40
2436 31
3534 39
9267 57
8784 14
3021 45
5217 0
1756 65
5851 25
3334 3
8570 28
8613 41
3054 71
7645 73
805 37
3627 18
537 0
6267 6
5521 16
8286 20
100 53
6068 54
7641 77
8179 68
1366 50
2692 50
3806 35
5895 61
2932 45
7484 78
8983 6
1312 72
8594 6
6779 20
8706 51
1618 38
8500 7
983 43
6524 0
6349 18
885 36
2664 20
5955 46
9929 17
6206 57
3596 56
6063 72
8964 19
6650 48
205 45
8581 51
1756 1
815 42
3674 64
598 30
1662 14
6144 67
1999 10
9483 1
9576 72
2865 0
5733 13
3576 15
6872 23
1840 49
4777 6
3062 69
5872 74
7911 17
4261 26
29 43
739 46
1185 3
4967 10
3922 15
2397 8
2659 20
8624 65
580 31
5413 39
73 14
3439 2
9423 45
2999 21
5942 0
7906 28
1144 42
2659 37
8290 72
2090 24
8994 61
7807 20
8666 11
7535 23
7210 75
1051 73
3872 73
159 70
7332 63
148 38
5611 60
6831 43
549 32
2008 70
6365 7
5365 38
8867 15
6384 31
8252 56
5864 51
9597 40
1337 79
5673 55
594 21
1357 62
9248 1
1801 23
