22
500
7277 69
6898 35
8495 63
5389 32
7045 41
9411 20
4058 75
9418 75
6503 74
7493 69
7804 10
4177 30
6894 33
6657 55
4455 10
2707 70
1101 18
3968 23
5188 19
493 29
6498 43
4991 74
1006 40
1804 38
7515 34
9271 15
6636 69
3830 46
9518 41
1853 18
7403 64
972 11
4734 59
4407 4
1868 57
3805 14
4006 45
7539 70
3086 75
4572 66
2874 0
471 29
2584 59
2769 12
7088 75
4428 44
6230 22
8808 43
1946 18
8214 63
9130 4
6412 70
2650 36
9930 76
1150 73
4832 3
8187 70
5236 34
9704 32
8934 28
8201 43
9235 27
2879 64
1486 9
4861 29
4991 59
9378 57
1721 58
8386 66
5933 0
2612 37
1109 28
8428 57
1671 49
3812 73
2385 1
551 76
6359 65
1302 35
4371 74
7662 78
1193 44
6200 27
3404 30
3795 60
1710 54
7469 36
6204 65
9043 46
5232 64
5861 9
5840 64
8721 52
8325 4
6751 50
3257 49
5774 58
7227 70
3491 14
325 6
3293 6
7292 3
3751 9
6798 8
5510 39
1259 67
4427 5
1023 13
9634 37
4489 23
4453 50
726 4
4989 69
5613 61
1506 55
1356 5
2694 36
5178 41
2714 24
4121 3
2196 57
59 60
2305 16
4270 75
4842 5
3470 47
7791 38
1918 52
6037 35
7910 53
7891 73
8257 47
3890 74
2573 78
6067 22
8712 39
4981 8
6897 0
4353 62
5808 47
6233 70
3840 62
4289 2
6339 24
1233 40
118 19
403 41
1052 42
4958 60
4417 21
7689 6
6311 39
524 39
3533 52
5726 36
9864 13
180 77
8117 26
7443 43
2234 66
1818 8
7847 42
7761 10
440 72
644 77
9054 66
6866 60
8280 40
4536 44
1990 43
3500 21
5859 8
2491 46
9759 69
3680 52
660 7
4233 23
1051 14
1632 17
3726 77
3010 51
444 9
8614 77
6890 62
7783 74
8296 41
7611 6
3023 53
1232 61
8706 53
9411 66
3732 11
4976 24
4848 19
8889 32
2026 31
2981 16
3007 15
7684 12
3049 28
3189 52
617 2
8862 42
9254 40
3532 78
5191 29
2148 56
7297 33
3834 65
920 29
1837 30
2566 48
8373 10
934 6
2240 30
5162 39
3815 16
4121 74
8897 22
9746 68
2906 53
9996 49
1186 26
1452 14
1013 4
3988 32
2398 28
6441 52
5982 3
3798 68
2796 6
6765 51
3539 64
9227 5
7238 61
3517 30
1063 70
901 38
7614 45
8657 37
4726 70
9370 0
9494 49
4129 32
7505 64
9788 76
3494 41
7439 19
693 57
2921 40
9227 35
4442 74
7081 68
4999 14
5993 4
1286 75
1616 60
880 66
3069 46
3288 8
6923 5
8930 18
1237 58
5597 60
5472 48
6036 38
2607 61
7049 59
2137 5
6699 15
2740 68
6754 68
283 40
5605 25
4966 41
5897 48
639 22
8153 42
1391 13
7717 66
5564 23
7856 50
7656 30
6806 54
517 43
9517 59
3539 16
4180 67
1317 79
4812 57
6446 53
9267 43
5915 7
2112 57
5025 71
6355 56
797 19
5599 67
8062 42
8324 78
7784 44
5626 8
7459 61
3378 62
7278 53
1727 38
2567 39
5317 46
1561 44
2692 65
2717 43
3451 51
9171 40
2297 74
7439 54
8581 57
4707 26
7622 25
9585 46
1192 22
8168 30
9658 52
3198 66
3203 61
6914 8
8002 72
9892 14
2486 70
2990 57
74 28
4488 21
8611 25
3593 58
8052 19
7700 23
6950 34
3109 45
1208 8
4063 11
8141 27
3583 33
7898 1
7154 35
1190 7
2643 28
6553 14
8037 12
4909 2
909 16
646 8
6974 45
5312 20
682 72
5710 52
4925 68
6172 45
5483 9
8988 64
6381 62
429 56
4208 52
8255 66
9098 78
5123 73
8617 64
1398 46
2378 3
8742 65
4462 18
3022 14
2037 20
1435 6
9035 70
5166 41
4919 68
1063 77
8898 36
6046 46
191 64
3454 18
6046 30
5030 23
176 13
3143 12
4554 62
3461 57
8242 45
4153 75
4260 26
2305 64
6113 72
7982 27
5821 50
1306 37
4343 5
7698 49
6744 46
8702 73
2904 32
5265 74
3245 65
9322 9
7344 67
9533 16
9189 42
2215 42
7929 63
6370 22
1817 16
7253 75
800 17
6551 9
107 3
5285 55
6594 79
5356 31
4065 64
6242 2
7703 58
7371 9
9929 11
6519 9
5262 28
9872 66
1469 67
2069 20
6728 57
6413 63
1656 67
7043 21
4139 63
5273 30
8131 61
367 72
104 7
3094 73
9290 63
6627 3
1401 3
4110 34
8423 47
6665 21
7215 16
1118 6
4421 16
9961 24
1912 67
3403 44
5418 13
9542 48
4344 78
2152 5
5812 11
4199 11
2117 9
3741 43
3138 40
8426 16
1260 43
7474 67
7399 64
4236 18
9942 16
9792 13
8118 4
6144 29
7944 33
599 64
9779 66
9228 37
9472 66
615 32
8854 34
7520 59
814 61
3178 42
8775 37
4898 25
2686 41
4432 20
9942 54
8096 18
983 55
548 15
1716 42
9182 69
6096 48
7580 23
1838 33
3915 41
9981 10
6359 79
4140 36
9123 32
6503 34
6743 70
4353 71
2607 37
6206 1
3447 70
