22
500
2079 12
3282 63
9129 43
4094 54
7116 58
8035 56
5446 11
4711 76
3614 1
9742 71
5312 58
2416 1
2080 27
8391 51
5906 74
587 10
8910 50
5699 59
4400 71
6263 67
9413 7
7200 57
6718 72
383 3
3368 3
4706 66
2075 61
8378 75
9793 78
4805 18
9223 32
155 21
2199 6
4906 18
9648 6
210 22
7771 53
1154 52
8058 77
5705 14
1710 61
6501 18
3496 45
9222 52
1836 29
8057 68
4095 41
8882 28
1657 59
362 9
9043 45
3344 3
7346 24
7191 58
8946 31
8479 63
8663 17
8290 60
4989 15
1552 1
9882 59
778 12
4745 24
3945 36
1631 36
7990 34
2687 47
3736 77
2221 38
5034 0
7993 65
932 42
5659 5
3404 50
2858 70
3302 37
683 29
7353 78
3631 50
8762 48
6780 70
2173 51
178 32
6925 40
2152 2
9031 59
463 55
8561 36
5326 75
9159 10
9695 55
6810 5
1005 23
5941 14
1685 42
9748 37
5184 22
4192 79
1173 5
2229 10
630 64
3363 62
2502 6
8684 49
4970 25
7564 39
8744 21
8567 21
7439 13
8664 16
8271 69
4208 39
9167 54
6422 26
1654 33
390 5
3463 67
7382 45
4399 49
1560 37
7051 33
7377 61
6460 68
4415 8
6077 4
4396 57
610 53
4901 10
401 75
4064 40
2450 9
7558 46
1341 1
8199 44
5295 61
3868 19
1202 56
9396 32
9863 9
5167 35
6012 77
9717 11
7087 1
4171 33
2713 25
9441 29
869 48
3270 24
8684 12
6503 31
5325 77
4202 64
3810 50
2590 21
9438 55
2362 42
4830 63
377 44
7944 43
6325 32
6010 52
7528 46
8762 42
4179 8
9637 25
4369 26
6065 53
5148 16
1235 19
3959 30
3654 3
762 16
6326 29
1432 15
6701 71
82 13
1077 16
5617 29
538 76
2885 34
2998 77
1626 18
4732 74
7383 70
9003 62
3998 33
1689 32
6805 42
8119 11
9472 72
7353 9
8761 74
8647 17
537 48
6585 25
1989 57
6888 10
7311 9
3519 47
4036 23
4640 73
4298 65
9362 3
6915 12
7269 44
8279 76
1813 54
3716 75
9868 58
8444 58
9251 22
9513 50
1868 69
7589 21
5863 57
1800 22
1225 71
7587 50
9537 14
745 41
8427 22
4971 61
8886 65
1260 54
3682 33
4246 31
558 38
4879 65
3772 18
1933 25
3592 11
2827 40
4578 11
7823 72
1041 56
598 38
3171 27
4845 49
8229 47
7073 77
9779 56
5173 67
2460 78
2494 25
3416 52
9425 25
3160 57
2360 17
1694 75
1645 55
7311 50
7325 55
1297 32
3040 10
8501 67
6202 52
1145 37
1397 27
7277 49
8062 63
1285 17
9162 26
112 72
2899 21
7536 9
9372 36
9324 34
2442 79
2281 57
8556 46
6264 50
2112 17
6900 74
8644 73
5402 3
1434 22
6983 60
5453 46
6298 11
9361 23
7323 26
2119 33
4071 44
904 35
7124 42
1435 64
7490 63
8169 54
5763 28
2604 51
5275 8
5828 36
3688 40
7681 11
7474 39
3439 76
3444 50
3121 20
4143 67
5362 7
9284 23
7538 68
9310 30
845 39
9298 15
7982 28
8550 70
6271 59
6282 43
237 52
3586 79
8945 7
524 5
5253 32
1798 75
6389 30
8646 68
1241 15
2790 36
4257 10
3685 7
1950 40
2770 30
9658 79
8719 7
9180 29
1594 8
2116 29
8285 7
1688 57
5206 25
9369 61
5090 53
977 19
8031 20
8530 49
3384 8
1227 75
6079 22
860 21
8755 17
61 26
4143 20
8730 34
6224 44
1655 19
3930 64
2684 7
3014 30
5860 6
4548 51
8485 64
137 54
7735 57
5267 49
2035 33
3991 29
1390 15
5460 26
8269 41
7664 24
426 51
9172 5
978 50
4370 18
417 75
4976 36
1392 28
203 21
3141 55
523 36
5905 71
1107 31
1925 32
9992 60
3307 24
9306 63
729 75
9083 10
9143 15
3736 39
6710 22
8296 43
9233 9
8517 24
3607 23
7266 50
4833 26
5334 43
4123 34
2454 30
700 0
9134 20
7313 33
926 70
6717 21
3479 47
3009 43
9561 61
4269 75
1581 69
3887 31
8863 48
1255 15
3114 37
2975 24
5358 4
7998 40
9248 13
6613 56
8296 75
8734 6
5135 32
5092 14
145 61
8614 21
438 78
6940 18
5910 17
6012 25
9239 1
9432 37
9536 51
5324 34
4969 44
1709 20
1539 77
8592 71
5121 60
8848 52
5062 64
207 28
6633 72
8137 36
7982 73
4878 62
8699 51
8712 16
570 46
3561 50
3608 70
3406 73
8461 0
3701 44
3496 40
3929 79
4997 57
1782 36
9271 72
5501 42
8225 13
4055 79
3070 78
2114 42
1361 74
3755 78
3196 47
2945 60
5084 73
6800 24
5474 24
5018 37
2801 76
4654 64
9783 48
7195 54
8378 16
2784 19
7370 24
6880 72
6388 10
5492 40
7694 76
3980 47
6691 76
2171 79
5983 48
8343 9
5704 62
3928 37
2565 53
7128 62
6071 39
4936 44
6714 3
7483 47
4244 35
3327 36
3248 79
5123 56
4733 11
2816 7
152 36
44 15
8344 50
2179 22
4895 59
2566 20
8317 53
8789 31
