22
500
6309 17
2670 62
3285 8
2605 54
1704 35
2772 8
2001 10
880 31
9388 6
4000 62
65 57
6986 44
5139 56
6607 29
3368 55
7981 25
6330 47
3941 12
806 14
8154 41
8144 43
9395 44
1724 68
5169 10
4791 54
1687 39
6642 8
176 4
3447 5
5763 18
4976 68
3721 40
8971 21
9077 60
9449 75
6356 34
3045 32
1666 31
3210 73
2101 72
3115 40
5199 28
3618 24
2209 58
3047 8
2345 32
6438 7
2804 50
8957 72
8862 3
2580 66
5726 35
6341 71
8608 38
4324 79
9168 76
4994 48
2923 34
2544 76
7421 68
2254 8
6747 13
55 20
5296 77
612 43
6945 69
6868 41
3547 2
9045 4
3380 52
4579 56
81 74
137 67
3911 12
8548 10
4682 37
6119 54
5476 59
523 63
3523 11
71 3
2520 70
4534 34
6520 66
1973 25
8807 14
9592 74
5490 71
1174 4
5298 32
6918 4
2693 1
1913 24
8901 14
428 12
168 50
8893 35
5293 41
810 51
9340 55
8175 13
9664 24
4654 71
775 21
7240 24
4531 31
2653 32
6790 28
1370 1
4547 75
7835 46
1757 37
7255 79
4109 50
542 14
445 5
991 49
1922 22
2326 68
5947 58
7510 34
9852 64
8019 32
5941 74
2040 54
7265 6
5210 75
1488 40
2784 12
3177 23
519 24
9396 49
3646 75
8750 43
4463 69
5274 8
2876 22
9268 53
4598 41
4912 15
3834 74
4939 50
6767 69
2681 48
1065 45
1899 10
8860 69
8796 29
806 78
7722 60
4043 78
4789 21
7083 41
6754 3
6495 15
4548 64
4653 2
4749 5
5560 18
7911 15
3368 38
1288 15
1697 41
3082 79
1670 31
5274 76
5065 3
2679 52
7022 79
4291 45
3874 6
6145 0
9646 49
9713 32
4260 4
7189 59
6047 44
3976 44
2175 56
6092 58
8187 17
2377 32
2843 24
3885 58
5125 74
1143 41
6568 50
8684 19
2713 27
7372 42
8839 16
9143 55
8746 19
5002 67
9916 70
1282 66
4818 73
2203 60
212 32
9674 57
4087 0
8953 72
1691 71
6482 45
8461 69
3996 69
5940 26
3418 55
9529 13
8337 72
9636 23
7025 59
7582 74
1097 51
9945 33
1432 7
9462 21
424 33
2399 40
7045 66
3261 50
4109 54
4731 54
1837 31
3554 49
8360 1
218 30
5652 9
3148 8
9453 26
9936 45
5221 38
8813 60
2223 38
7489 11
3586 70
984 71
8697 64
9286 56
6021 19
7104 16
3920 0
855 17
671 32
3468 40
7479 37
333 26
8441 76
7154 57
5656 28
5316 18
6666 46
429 7
4496 24
5449 4
1189 56
3573 0
6323 9
6571 50
8294 37
4690 45
6619 8
7174 26
3569 60
4715 17
47 6
2208 35
3663 77
2191 38
4105 34
1392 14
577 32
4299 5
7250 17
3986 39
319 59
5800 12
1694 70
5339 50
8236 10
8390 7
1724 41
5716 32
8943 38
4618 57
4529 17
2645 58
3964 33
786 65
2702 12
7518 50
5476 6
5781 40
9210 51
5311 22
8158 11
6033 63
8893 9
5585 78
286 47
7562 35
3893 74
4504 27
5236 14
762 11
4258 14
5267 40
59 10
6826 53
4286 21
9339 10
3222 65
7584 78
6349 10
7916 65
750 76
5791 9
3476 65
8404 7
9292 11
5621 4
6883 42
2751 29
1764 59
758 56
5841 46
7675 50
7517 2
630 23
7078 47
1797 13
8888 47
9685 46
8425 25
4582 16
7500 12
2722 2
5628 69
9977 21
1729 77
8902 5
1988 66
5785 34
4098 33
6478 47
8461 60
6522 54
5987 45
7119 6
1640 39
1370 43
7738 69
1213 25
4130 67
6382 20
865 37
9920 14
1596 7
5881 30
7864 65
3813 9
8019 7
720 48
7969 11
3193 54
9560 15
1291 60
3499 59
57 43
1501 23
5929 46
9635 6
5268 41
3394 63
5189 25
5837 73
9200 10
5847 66
3145 63
2755 60
4313 66
5307 52
6942 40
9725 1
1180 79
6261 70
6406 70
7387 35
8434 74
6002 14
6444 73
8719 42
5689 69
7097 65
6952 71
4373 4
3230 44
4233 43
5263 1
7139 59
1126 70
2353 67
475 2
7783 2
7575 68
8155 42
373 32
7186 73
9830 78
2226 58
9315 11
7270 39
3228 10
2134 8
521 43
4893 29
8353 38
3252 67
9830 37
3217 23
1413 75
2445 37
1998 20
5792 59
7874 42
7292 31
7689 17
2120 9
7453 0
7398 46
9399 76
687 11
3789 67
5003 42
4282 66
9062 52
6949 67
6101 35
5242 55
6356 51
1404 44
8853 36
6661 11
248 30
4733 65
7965 2
5844 39
1816 25
1764 0
1030 12
5021 78
7416 62
5698 2
3765 26
8706 78
2638 4
1126 73
498 79
9374 30
8481 75
7943 65
9567 40
1659 64
8934 59
7874 49
610 44
8061 61
6431 10
2812 41
4068 44
823 77
6063 5
5859 68
4475 18
9527 46
8442 3
2029 53
3518 3
2182 58
8151 70
904 43
2289 31
6045 20
9713 75
8899 14
7207 13
1434 24
1169 39
2846 33
5536 49
6869 64
5179 9
7163 32
540 8
8732 75
1093 29
2237 33
3049 72
3958 37
4981 37
