22
500
9228 11
8441 65
8138 53
3634 40
8786 7
5237 60
9320 4
4763 19
2721 46
2061 24
1458 27
5144 19
1612 19
1871 39
1831 36
6032 72
8948 65
8485 8
3540 62
4336 12
6662 48
6672 15
546 37
8565 51
9870 64
1212 31
7952 30
4325 73
3320 10
4787 17
4338 57
3792 8
5476 68
3665 44
1332 48
1741 65
779 59
274 45
1572 52
2157 32
4758 23
7192 61
3294 53
6707 10
1226 28
3160 16
6699 56
9970 79
4260 21
7768 2
9949 48
7875 58
1433 41
9745 25
453 39
2763 30
1848 24
5148 72
5898 19
3675 56
6565 77
203 23
7222 68
7652 1
2856 42
3384 77
4269 50
5708 11
8632 64
5648 25
9317 48
1773 17
7528 23
1438 34
6294 13
5670 57
1520 79
9463 27
9824 32
8982 18
2988 55
968 3
9689 9
3020 24
2721 36
1665 46
365 5
4310 29
2645 70
8148 79
1796 72
9321 31
6510 56
3456 0
2549 65
3853 71
6945 63
1116 38
3367 43
349 69
5887 8
9990 47
7608 24
5133 55
9306 75
4872 37
3934 70
8514 48
9809 28
269 25
7460 60
4305 66
7599 54
6043 26
3317 43
2740 23
6436 0
9879 78
2488 78
7538 49
3251 26
4846 5
1025 60
5959 79
9268 78
3679 59
75 67
9657 73
5423 49
7958 69
3070 44
2923 16
4442 17
2712 48
2069 27
8582 1
9403 54
9941 6
9308 78
8188 33
3200 18
9162 74
9152 27
1033 15
9628 19
1371 40
532 68
2526 22
4911 46
1735 72
3754 52
2562 58
6154 51
2102 26
2901 32
1053 24
711 77
236 25
4951 56
772 72
1063 16
2299 42
6066 69
5229 28
3917 59
7329 59
8357 10
5563 32
9161 6
4697 54
1244 70
232 57
183 34
5948 61
6259 46
4991 24
2889 45
7750 61
9526 68
1117 54
3818 45
3767 77
9170 4
9847 39
3879 2
856 14
4344 51
5914 73
7707 22
1878 26
5382 1
4695 20
2510 30
9937 54
3352 69
2965 40
1958 71
6750 66
7814 21
2983 4
1779 59
111 21
6026 29
5655 27
8923 12
8602 35
4001 68
1047 30
6548 69
7671 25
6190 76
8992 23
6359 30
7199 13
2925 17
5222 57
4288 54
7848 16
1812 70
4565 35
301 72
1015 61
141 45
6087 28
7561 57
8251 73
7329 77
192 37
9647 53
2644 18
4033 75
7451 44
2511 23
4097 18
2715 4
8934 5
2244 63
3019 60
4439 14
3375 32
2805 59
8107 11
9000 60
6726 8
5728 65
8035 71
9357 57
6821 0
1499 16
1431 1
4177 25
7187 37
5316 52
7835 19
5431 77
4076 16
2073 49
3950 2
8987 61
3151 51
4182 53
9418 46
4553 61
5600 41
1382 8
135 78
3574 74
9019 8
1446 60
1012 7
3562 76
6139 64
751 30
5828 51
5850 68
9522 58
589 69
8594 44
6445 60
2969 11
5644 0
4574 32
7040 44
3444 16
6163 10
8539 75
6368 0
3665 18
7198 23
7527 50
211 20
3436 49
5069 54
151 36
6647 27
4779 58
3665 14
8402 73
9106 65
7617 35
8414 66
6099 52
813 30
373 27
4839 15
7310 35
8150 67
4271 29
3080 75
5234 43
5980 60
9924 43
2492 5
6227 30
8484 62
6727 52
399 9
3411 22
4627 56
6998 48
3833 59
2309 57
2258 35
3111 32
6019 24
9268 69
2962 20
2591 33
4969 74
5193 66
5599 38
9914 23
2321 51
4963 5
128 3
4881 4
1122 46
5353 41
1613 74
8548 16
9834 18
2255 21
6259 7
8460 31
4503 0
6696 26
504 47
1431 0
8741 50
7423 4
4381 18
814 58
9565 12
9695 54
1516 74
1830 16
350 13
2430 0
8608 40
4703 59
8271 12
3260 58
6207 12
6816 52
2516 76
4522 40
5007 75
7076 57
5433 42
7688 37
7975 56
2132 4
1274 59
5166 42
4642 13
8161 56
5990 1
1879 38
2391 64
4826 5
3425 37
4359 52
9167 1
77 2
247 27
586 42
2447 72
9584 48
5249 3
8918 22
8666 25
8847 43
6119 19
7271 1
7704 49
4371 25
6030 48
2606 61
7684 55
7333 10
3072 68
8055 8
6582 30
9449 40
1840 70
4304 9
1028 79
4287 70
1800 23
5769 64
6118 17
3540 35
3253 17
291 39
6523 35
4648 38
7728 40
2993 68
3054 78
6198 64
7974 26
7069 38
8156 5
255 15
43 0
4950 38
1853 6
4140 71
4416 29
8985 70
4481 39
3207 24
3036 11
862 2
2151 75
2399 77
6412 51
6796 51
3294 29
1277 41
3262 67
7570 40
2606 50
4646 25
1167 23
7990 61
6149 41
543 70
5896 50
9514 22
2860 11
6447 2
1409 19
4289 34
1917 28
2779 72
380 51
8071 42
7123 74
3420 61
5710 3
502 32
5767 27
9327 51
7416 0
4120 35
8721 17
7251 19
8164 17
9394 39
6312 23
916 48
6088 4
9733 15
7894 66
6094 24
6417 38
4364 21
85 2
3713 35
3947 74
2569 45
7582 48
4019 68
549 62
1175 8
618 32
8791 69
8059 11
9638 60
4017 14
2724 77
8907 67
9220 78
4198 66
321 59
661 3
6990 42
6133 13
4084 73
