22
500
1315 19
9688 39
1145 8
282 52
1883 10
1394 45
7582 61
4965 37
895 7
2251 78
997 79
7110 51
586 8
2618 2
284 52
2612 53
1044 55
8932 44
8732 58
1584 24
9235 7
3211 22
5337 24
9803 70
608 55
1874 7
996 65
3185 0
8843 76
4137 78
3947 17
4660 69
7052 56
4446 5
5995 64
8280 27
1799 55
9778 0
1982 12
5346 18
323 46
7478 13
8910 0
1358 22
3091 45
3049 20
351 2
2197 27
7354 60
8174 54
2758 30
4042 64
4650 62
326 32
3781 13
2415 47
5014 2
3736 6
8615 51
4456 9
894 63
23 74
2693 26
6448 59
4405 5
526 68
2799 41
8418 13
3840 64
3183 72
133 17
9864 31
5711 38
3168 5
7813 43
1167 76
4518 21
3311 2
5524 45
9025 8
6759 24
9879 50
2761 52
774 68
9868 49
4595 62
639 9
9361 38
5769 29
2454 47
2456 46
2759 35
9960 21
5522 2
4527 15
1158 23
2822 9
8496 3
6973 68
6297 57
8223 4
1504 53
1487 27
8203 74
2834 45
7139 6
4276 15
7001 52
3395 33
7923 13
2802 22
2406 60
2253 44
8335 77
1079 12
6447 49
376 31
3363 1
767 42
465 77
7238 56
7125 64
148 3
6880 1
4269 79
5180 72
1772 67
1800 26
6319 69
9587 36
9416 48
909 32
4449 68
569 71
8852 27
1451 35
6101 35
5307 63
9298 29
7075 30
4824 65
7693 21
171 12
5809 70
634 23
5396 10
8050 21
315 10
8478 9
2946 25
1467 17
5722 1
9613 3
6996 57
9190 2
494 17
2010 77
1190 42
5571 68
3991 4
7859 72
6694 68
6872 30
1558 66
9111 16
2248 77
7223 16
6334 27
2516 74
2483 33
8751 37
4647 60
6334 21
197 9
9746 64
9372 7
8115 42
7972 39
445 64
2787 77
4486 30
3135 54
6280 29
3420 5
4096 45
8807 76
7607 26
4415 51
5259 46
5656 8
4493 51
4938 36
9855 35
4177 54
2164 30
4152 30
4123 71
3922 8
7207 44
6135 50
1232 48
1509 12
2672 38
4660 43
8783 60
102 42
7610 50
3268 14
4208 69
2783 53
5578 61
5089 10
3005 47
8461 71
1222 15
3365 7
3176 22
8740 54
8138 76
7633 40
588 19
1147 67
8258 47
7023 11
8267 37
8579 24
2699 63
2081 53
571 58
6222 71
977 12
4138 24
898 5
4857 31
8590 33
8660 62
5093 71
1518 56
5654 1
4673 13
1788 72
9382 51
5287 27
2962 50
4915 12
327 12
1455 39
9455 8
6095 64
5805 10
7603 8
7692 16
7434 11
2671 59
5553 9
235 24
6555 16
7126 74
7819 50
5381 54
7731 24
6957 11
7001 3
5340 12
1084 10
9805 43
8450 5
8558 51
7759 5
3858 18
2720 30
3003 65
4931 34
9879 34
2415 11
1287 53
4449 4
1140 23
9392 68
2121 23
3601 25
9831 38
7136 45
6757 75
9513 71
9023 16
6962 65
1797 76
4234 1
4492 62
188 71
832 50
4045 34
2303 68
9945 31
2774 14
5665 31
7153 63
8548 51
6009 43
981 71
5988 25
1976 72
5015 45
9781 35
5418 50
5575 44
2810 51
1960 56
3066 38
4250 55
2763 69
7857 65
5649 43
2340 12
6460 8
7140 55
8717 1
3579 54
6228 71
1625 75
3668 66
1838 13
5070 9
4269 8
2028 33
7776 65
7920 64
1883 67
4536 76
6677 43
5379 69
6867 76
7126 76
1265 16
1909 15
8425 77
1937 66
5357 15
7235 43
8632 23
7134 57
2524 32
2744 50
7489 57
3449 40
5894 4
8426 40
4683 43
7372 63
2308 9
5764 40
4450 60
1942 6
26 5
8644 11
5986 9
9888 35
6128 72
3076 64
839 23
3840 2
765 12
253 66
6778 70
8614 12
8113 38
5724 23
5293 61
4275 35
2533 4
2834 13
1618 66
2779 33
8332 46
3368 77
380 65
84 46
2170 70
3076 26
6845 34
9185 57
8937 26
9619 48
956 53
2552 43
4067 31
7260 71
7547 54
2817 57
2523 5
2563 14
1025 27
56 32
3142 39
9275 18
1995 50
6118 57
2446 41
2492 7
250 54
4311 36
3984 74
8976 27
7959 9
8804 46
8355 50
4073 55
2660 73
2823 61
6962 50
2523 47
577 60
362 32
3729 72
9950 79
3632 37
8299 17
1985 26
4540 77
8540 79
7355 68
2040 72
7461 12
4864 30
3662 71
5731 44
5031 52
2173 35
3261 66
7644 26
6824 60
1037 6
4273 54
6444 18
9043 51
5768 43
1067 0
9299 75
1628 64
5971 16
2512 4
6564 55
8587 54
3734 74
6634 3
1037 20
2422 4
4465 45
827 55
3389 7
7222 15
7445 51
5961 52
5487 48
1284 23
4098 33
9760 39
1430 10
7521 41
5232 39
8291 56
5125 57
5285 57
3991 78
7251 9
1632 76
9003 5
5270 73
7399 70
462 10
5439 39
3580 6
6536 68
8288 22
3318 65
2527 60
3811 68
3600 61
7697 16
2197 13
4510 62
9568 5
4470 10
6059 67
3168 40
611 62
8667 2
4466 51
9674 47
8516 34
8567 65
1846 47
3760 74
7205 37
9688 44
6770 45
4973 28
7624 39
5354 50
