22
500
7063 30
6850 9
2826 44
5717 62
5903 15
4134 71
6302 13
8343 16
7689 43
9996 43
8981 35
4867 75
1627 52
7913 15
1930 6
137 42
1035 73
2740 27
4349 25
4414 78
4415 0
8605 14
836 40
2136 5
7267 75
6658 65
2358 9
3277 69
6231 69
6413 25
6428 45
4176 79
6841 52
2029 4
1837 45
2005 62
569 6
372 56
2596 15
394 23
1650 37
4393 72
6507 48
5921 41
7391 37
2012 0
1828 8
8575 44
1809 67
7363 22
7216 11
4245 19
9304 37
3995 57
8971 21
9178 27
9361 30
6241 35
217 27
7760 12
7368 8
4159 57
5747 30
6853 4
7089 41
8921 7
3120 40
561 65
7988 65
2201 5
3113 14
2688 21
8159 24
8297 23
1547 78
3339 65
7465 2
8221 6
7800 0
6044 45
7688 76
5612 10
9397 23
1943 11
7458 61
6326 33
8334 15
5085 9
1748 40
6051 54
7126 30
1064 29
1388 6
8043 45
5555 4
2903 8
6085 78
6781 51
2748 76
7026 54
1579 79
132 32
3176 75
2887 74
2054 34
7990 70
2333 14
296 20
3799 10
3824 0
8422 29
8949 44
3305 37
8929 70
9751 44
4627 37
7106 10
5124 53
3260 6
9711 45
9877 10
8242 9
9480 66
7903 57
3296 64
4006 5
3945 32
6223 75
439 19
1336 7
4098 10
9228 78
485 49
4985 6
2225 69
3182 21
7426 3
6985 53
5313 15
2371 1
2161 14
2476 15
5186 48
2874 74
4498 77
8293 58
2975 59
6579 50
7612 25
2591 55
1543 44
9995 40
1378 19
2564 45
9667 72
5803 0
3697 38
6109 2
8427 50
2119 44
4657 71
755 4
816 50
5410 72
3132 55
6141 42
5235 29
3666 71
7264 61
2370 5
5025 18
8214 41
14 77
3890 35
6145 73
7384 71
9170 69
2490 24
1704 19
1355 18
1674 77
3636 52
6069 47
7778 57
8049 20
761 50
906 16
3897 17
2135 23
108 4
8207 73
3897 28
1647 75
8828 10
4890 35
5975 53
8057 16
710 58
1400 67
4049 32
3014 78
8333 54
727 7
9067 28
2155 56
9131 75
3091 55
3361 66
5856 61
3587 62
3216 22
7419 53
6856 36
9958 47
4725 63
4838 33
2422 29
5065 55
8260 10
8923 45
8205 20
8949 59
4164 70
3512 43
978 79
8568 24
1988 62
5676 69
1418 29
6241 70
6335 55
4141 31
2421 6
6967 24
1806 45
5479 57
4136 15
6340 72
9655 43
7011 60
2199 21
4423 12
7076 49
2632 26
5416 30
7705 37
5984 29
2007 47
549 77
9709 29
1113 69
6900 68
5686 61
4988 54
5595 73
2123 8
8599 50
2497 63
6649 3
4062 55
5442 29
1199 64
486 71
5288 37
5639 38
8410 10
7293 37
7614 65
3442 65
8401 41
4032 20
72 68
9049 12
9619 20
1045 7
2251 17
5050 61
251 73
6439 9
4485 20
424 21
2308 51
1800 2
7830 21
9698 17
5768 54
8393 33
1018 20
9565 21
9134 31
8926 17
2631 28
5157 49
1109 6
8444 22
70 50
2278 14
1363 29
6811 63
5927 20
1036 63
1038 31
7864 3
9368 75
3418 34
2782 36
8434 54
7885 75
1087 14
7159 41
9276 19
7009 32
9747 53
2484 42
3618 48
1835 1
4790 49
3353 26
8334 47
307 47
5372 72
4078 39
6691 57
2404 35
6040 41
1918 40
1315 50
7174 21
4639 29
9272 32
4550 74
9603 17
1246 9
1784 26
5013 24
4643 1
9685 41
7797 12
7474 30
9454 8
119 52
4079 6
506 42
1536 67
9882 44
6130 50
5514 16
3065 56
1303 28
5086 19
6885 18
638 40
8558 58
444 8
8319 26
5029 14
9452 52
3776 71
7330 44
7651 30
5553 37
7975 4
7328 55
679 41
939 14
8358 41
1238 66
8900 38
5434 79
499 45
3126 0
3344 56
4056 29
6171 64
5058 62
36 12
5988 27
9580 26
4547 34
1379 73
4252 35
3199 49
4778 27
7423 47
2917 28
4408 49
4209 69
3238 74
6845 67
9922 35
8167 68
3743 79
7653 51
9504 8
4620 69
113 27
5448 63
5267 45
6913 18
196 41
6620 36
7589 71
9326 28
3579 74
5063 42
5631 54
5396 49
6641 43
3355 65
4655 3
2447 69
2294 4
2572 70
7947 19
2278 58
1772 70
4140 77
1186 51
257 10
7482 58
5468 22
8098 27
1945 57
674 22
4101 41
522 62
1082 69
1621 72
8032 28
309 54
1183 23
8023 58
2610 25
7005 73
1092 50
774 31
8817 74
8559 56
2070 32
5473 18
8835 15
7297 13
2535 10
4710 43
8279 52
5349 26
1966 78
755 43
7151 78
1367 62
1751 40
2442 28
8626 44
224 48
3995 12
6783 19
1305 7
6919 20
6855 39
9612 64
5519 20
9368 35
8620 67
9567 59
8976 14
1309 52
5964 17
923 54
8145 62
7457 56
1537 62
916 31
2713 37
3407 7
5498 64
1143 28
1761 46
9028 69
1382 24
3872 30
1216 79
5025 33
6048 16
4449 17
5853 22
9855 18
5399 60
846 40
7269 29
6710 26
7724 26
7490 34
138 71
5812 53
1018 19
6376 9
8078 19
5673 8
580 74
8310 64
